0 0.17903645833333334 0.33984375 0.1796875 0.3625 0.1953125 0.3875 0.21549479166666666 0.40234375 0.23372395833333334 0.4015625 0.2578125 0.38125 0.2688802083333333 0.3609375 0.2688802083333333 0.34765625 0.2630208333333333 0.321875 0.2643229166666667 0.303125 0.2623697916666667 0.28671875 0.2584635416666667 0.28203125 0.25 0.28125 0.22005208333333334 0.29296875 0.19596354166666666 0.31328125
0 0.4609375 0.159375 0.4602864583333333 0.18125 0.4622395833333333 0.18671875 0.4674479166666667 0.19140625 0.4798177083333333 0.19453125 0.4954427083333333 0.21015625 0.541015625 0.215625 0.548828125 0.21171875 0.5540364583333334 0.2046875 0.5553385416666666 0.18359375 0.55078125 0.15078125 0.5442708333333334 0.1375 0.5201822916666666 0.1109375 0.51171875 0.11015625 0.4947916666666667 0.10234375 0.4811197916666667 0.10859375 0.4759114583333333 0.13046875 0.4661458333333333 0.1421875
0 0.5833333333333334 0.12578125 0.5833333333333334 0.1390625 0.59375 0.1484375 0.62890625 0.165625 0.6412760416666666 0.16484375 0.6510416666666666 0.15859375 0.662109375 0.14453125 0.669921875 0.11796875 0.6783854166666666 0.10234375 0.6783854166666666 0.0953125 0.658203125 0.08046875 0.6438802083333334 0.0765625 0.6334635416666666 0.06953125 0.6263020833333334 0.06953125 0.6100260416666666 0.08515625 0.587890625 0.115625
0 0.7467447916666666 0.1609375 0.7473958333333334 0.1828125 0.7552083333333334 0.20234375 0.76171875 0.21015625 0.7721354166666666 0.2171875 0.7890625 0.22109375 0.8046875 0.21953125 0.8111979166666666 0.2140625 0.8190104166666666 0.1953125 0.8196614583333334 0.17890625 0.8079427083333334 0.15625 0.7916666666666666 0.1390625 0.7688802083333334 0.134375 0.7578125 0.1421875 0.7493489583333334 0.153125
0 0.6725260416666666 0.1328125 0.6731770833333334 0.15703125 0.6783854166666666 0.16640625 0.6888020833333334 0.17109375 0.70703125 0.16796875 0.748046875 0.14609375 0.7565104166666666 0.1359375 0.7630208333333334 0.11796875 0.7623697916666666 0.096875 0.7565104166666666 0.08828125 0.7415364583333334 0.07734375 0.7298177083333334 0.0734375 0.716796875 0.07578125 0.6979166666666666 0.08515625 0.6848958333333334 0.0984375
0 0.8255208333333334 0.1890625 0.8203125 0.2125 0.822265625 0.228125 0.8567708333333334 0.27578125 0.8723958333333334 0.284375 0.8834635416666666 0.28359375 0.9296875 0.25546875 0.9485677083333334 0.23671875 0.962890625 0.22734375 0.9720052083333334 0.2140625 0.9680989583333334 0.19453125 0.9544270833333334 0.17734375 0.9479166666666666 0.17890625 0.873046875 0.15703125 0.8509114583333334 0.146875 0.845703125 0.14765625 0.833984375 0.1609375
0 0.701171875 0.3015625 0.7018229166666666 0.33125 0.7044270833333334 0.34140625 0.7272135416666666 0.35703125 0.7584635416666666 0.3609375 0.7721354166666666 0.34921875 0.779296875 0.33828125 0.775390625 0.32109375 0.7688802083333334 0.31484375 0.7096354166666666 0.2921875 0.703125 0.2953125
0 0.5208333333333334 0.2890625 0.51953125 0.30078125 0.525390625 0.31171875 0.5481770833333334 0.33125 0.5677083333333334 0.33125 0.5748697916666666 0.32734375 0.5787760416666666 0.3203125 0.5787760416666666 0.3125 0.57421875 0.3 0.5611979166666666 0.28359375 0.5286458333333334 0.28125
0 0.3365885416666667 0.2625 0.3372395833333333 0.278125 0.35546875 0.31328125 0.3684895833333333 0.3109375 0.3880208333333333 0.29765625 0.3919270833333333 0.2828125 0.390625 0.2703125 0.37109375 0.23828125 0.3645833333333333 0.23671875 0.3515625 0.24375 0.34375 0.25
0 0.5403645833333334 0.3875 0.54296875 0.41484375 0.5501302083333334 0.428125 0.57421875 0.43046875 0.5852864583333334 0.42890625 0.5885416666666666 0.425 0.59375 0.39609375 0.5904947916666666 0.3734375 0.5846354166666666 0.3640625 0.5794270833333334 0.3625 0.5657552083333334 0.3671875 0.5475260416666666 0.378125
0 0.294921875 0.3828125 0.2942708333333333 0.390625 0.296875 0.396875 0.3072916666666667 0.403125 0.3177083333333333 0.40390625 0.3385416666666667 0.396875 0.3704427083333333 0.365625 0.3763020833333333 0.3453125 0.373046875 0.3265625 0.3665364583333333 0.3203125 0.357421875 0.31953125 0.3470052083333333 0.30625 0.3372395833333333 0.30546875 0.3157552083333333 0.33828125 0.3046875 0.3671875
0 0.4212239583333333 0.44296875 0.4225260416666667 0.47265625 0.4251302083333333 0.47890625 0.4329427083333333 0.4859375 0.443359375 0.48828125 0.45703125 0.47265625 0.4713541666666667 0.47421875 0.4772135416666667 0.4703125 0.4817708333333333 0.3953125 0.4817708333333333 0.3796875 0.4772135416666667 0.36796875 0.4674479166666667 0.3609375 0.4479166666666667 0.3625 0.4375 0.36796875 0.4264322916666667 0.39609375
0 0.5514322916666666 0.525 0.5494791666666666 0.57734375 0.5592447916666666 0.57890625 0.583984375 0.57421875 0.5885416666666666 0.5671875 0.591796875 0.5359375 0.58984375 0.4921875 0.5846354166666666 0.48828125 0.5787760416666666 0.48828125 0.5651041666666666 0.49453125 0.5572916666666666 0.5046875
0 0.61328125 0.49375 0.6119791666666666 0.51484375 0.6184895833333334 0.528125 0.62890625 0.53984375 0.6419270833333334 0.5375 0.6516927083333334 0.54296875 0.6608072916666666 0.54375 0.671875 0.53671875 0.68359375 0.52421875 0.6829427083333334 0.5109375 0.6731770833333334 0.5015625 0.658203125 0.47421875 0.6516927083333334 0.46875 0.6263020833333334 0.46796875 0.6178385416666666 0.48046875
0 0.6751302083333334 0.5671875 0.6744791666666666 0.578125 0.6920572916666666 0.609375 0.7141927083333334 0.6203125 0.7239583333333334 0.61953125 0.728515625 0.6140625 0.734375 0.5890625 0.7454427083333334 0.56953125 0.7415364583333334 0.5546875 0.732421875 0.5390625 0.7174479166666666 0.521875 0.7037760416666666 0.5125 0.6953125 0.51328125 0.6875 0.521875 0.6842447916666666 0.540625
0 0.8033854166666666 0.653125 0.802734375 0.65859375 0.806640625 0.66953125 0.826171875 0.70078125 0.8372395833333334 0.70703125 0.8444010416666666 0.70703125 0.8580729166666666 0.6984375 0.8606770833333334 0.684375 0.857421875 0.66328125 0.8489583333333334 0.6484375 0.8326822916666666 0.64140625 0.8131510416666666 0.6453125
0 0.7884114583333334 0.753125 0.7877604166666666 0.7671875 0.7942708333333334 0.78359375 0.8157552083333334 0.79296875 0.8333333333333334 0.79296875 0.8359375 0.790625 0.8346354166666666 0.7625 0.8326822916666666 0.7546875 0.826171875 0.74609375 0.80078125 0.73671875 0.7923177083333334 0.74140625
0 0.7467447916666666 0.721875 0.7473958333333334 0.73828125 0.7571614583333334 0.75234375 0.7740885416666666 0.75 0.7877604166666666 0.734375 0.7864583333333334 0.7203125 0.7721354166666666 0.7046875 0.7578125 0.70703125
0 0.7610677083333334 0.86875 0.76171875 0.89296875 0.7740885416666666 0.909375 0.7877604166666666 0.94609375 0.794921875 0.95234375 0.8098958333333334 0.9578125 0.82421875 0.9546875 0.830078125 0.9453125 0.8307291666666666 0.9328125 0.8229166666666666 0.92109375 0.8033854166666666 0.86328125 0.7897135416666666 0.84765625 0.78125 0.8453125 0.76953125 0.85390625
0 0.8196614583333334 0.896875 0.8190104166666666 0.90390625 0.8235677083333334 0.91875 0.8372395833333334 0.93359375 0.8463541666666666 0.9328125 0.8684895833333334 0.91796875 0.873046875 0.90859375 0.8704427083333334 0.8984375 0.8606770833333334 0.88359375 0.8483072916666666 0.871875 0.8307291666666666 0.8796875
0 0.6295572916666666 0.77578125 0.630859375 0.80546875 0.6373697916666666 0.8171875 0.6432291666666666 0.82109375 0.6575520833333334 0.821875 0.6783854166666666 0.81875 0.681640625 0.81484375 0.6868489583333334 0.8 0.685546875 0.77890625 0.6692708333333334 0.7609375 0.6497395833333334 0.753125 0.64453125 0.746875 0.6380208333333334 0.746875 0.6321614583333334 0.75390625 0.6328125 0.76640625
0 0.5182291666666666 0.7328125 0.5091145833333334 0.7546875 0.5091145833333334 0.7640625 0.51171875 0.76875 0.53515625 0.7828125 0.546875 0.784375 0.5553385416666666 0.7703125 0.5729166666666666 0.75703125 0.5677083333333334 0.73125 0.5592447916666666 0.7171875 0.5501302083333334 0.70859375 0.5416666666666666 0.7078125 0.5338541666666666 0.7125
0 0.4329427083333333 0.6046875 0.4322916666666667 0.62734375 0.4290364583333333 0.63359375 0.4361979166666667 0.64296875 0.4342447916666667 0.653125 0.435546875 0.671875 0.4420572916666667 0.67890625 0.4811197916666667 0.696875 0.4947916666666667 0.6984375 0.509765625 0.68984375 0.515625 0.67578125 0.5266927083333334 0.66796875 0.5319010416666666 0.66015625 0.533203125 0.653125 0.5299479166666666 0.64296875 0.5071614583333334 0.61875 0.486328125 0.575 0.4778645833333333 0.5671875 0.4583333333333333 0.5609375 0.447265625 0.56328125 0.4427083333333333 0.5703125
0 0.2975260416666667 0.74453125 0.2975260416666667 0.759375 0.3046875 0.7890625 0.328125 0.8109375 0.3404947916666667 0.8078125 0.359375 0.7921875 0.3665364583333333 0.78203125 0.3704427083333333 0.765625 0.3678385416666667 0.73828125 0.3541666666666667 0.71484375 0.3391927083333333 0.7015625 0.3203125 0.7 0.30859375 0.70625 0.3020833333333333 0.7171875
0 0.4192708333333333 0.85703125 0.4186197916666667 0.8890625 0.4290364583333333 0.92421875 0.4453125 0.94609375 0.44921875 0.9484375 0.4557291666666667 0.946875 0.4713541666666667 0.92265625 0.48828125 0.86640625 0.4876302083333333 0.85703125 0.48046875 0.8484375 0.4778645833333333 0.83359375 0.4739583333333333 0.82734375 0.4479166666666667 0.8203125 0.4368489583333333 0.8203125 0.4270833333333333 0.82734375
0 0.185546875 0.8578125 0.18619791666666666 0.87421875 0.19921875 0.89375 0.208984375 0.8984375 0.22721354166666666 0.89609375 0.24869791666666666 0.86875 0.2565104166666667 0.84296875 0.2565104166666667 0.83515625 0.24869791666666666 0.82109375 0.22591145833333334 0.8078125 0.21940104166666666 0.80703125 0.20442708333333334 0.8125 0.19791666666666666 0.8203125 0.19075520833333334 0.83515625
0 0.263671875 0.93046875 0.2630208333333333 0.95 0.265625 0.95390625 0.275390625 0.95859375 0.29296875 0.9609375 0.32421875 0.95859375 0.3294270833333333 0.95390625 0.333984375 0.93515625 0.3326822916666667 0.92421875 0.3255208333333333 0.915625 0.3033854166666667 0.91015625 0.2721354166666667 0.909375 0.2649739583333333 0.921875
0 0.14713541666666666 0.71953125 0.14713541666666666 0.72734375 0.150390625 0.734375 0.1640625 0.75 0.17903645833333334 0.75234375 0.20638020833333334 0.7453125 0.21028645833333334 0.73359375 0.21028645833333334 0.7234375 0.216796875 0.7125 0.21809895833333334 0.69453125 0.205078125 0.6609375 0.20247395833333334 0.65859375 0.16861979166666666 0.68671875
0 0.11653645833333333 0.7578125 0.11588541666666667 0.765625 0.11979166666666667 0.771875 0.119140625 0.77578125 0.12825520833333334 0.7875 0.150390625 0.7953125 0.16796875 0.7953125 0.17057291666666666 0.79296875 0.17122395833333334 0.784375 0.16536458333333334 0.75703125 0.14778645833333334 0.73359375 0.14453125 0.7234375 0.13997395833333334 0.7234375 0.12890625 0.73125 0.11979166666666667 0.74609375
0 0.6015625 0.90703125 0.6002604166666666 0.921875 0.6028645833333334 0.92734375 0.6080729166666666 0.93203125 0.6302083333333334 0.93984375 0.6354166666666666 0.92734375 0.6360677083333334 0.9140625 0.6263020833333334 0.88203125 0.623046875 0.87890625 0.6119791666666666 0.8796875
0 0.52734375 0.9109375 0.52734375 0.934375 0.5325520833333334 0.94765625 0.5442708333333334 0.9515625 0.5579427083333334 0.95 0.572265625 0.93125 0.5735677083333334 0.925 0.5709635416666666 0.91328125 0.5598958333333334 0.896875 0.5416666666666666 0.88125 0.5338541666666666 0.88046875 0.5299479166666666 0.88359375
0 0.11653645833333333 0.6 0.11783854166666667 0.61875 0.13541666666666666 0.64296875 0.14127604166666666 0.66328125 0.1484375 0.67734375 0.15755208333333334 0.67890625 0.166015625 0.6765625 0.19466145833333334 0.66484375 0.201171875 0.65703125 0.20442708333333334 0.64609375 0.20442708333333334 0.6078125 0.19140625 0.58828125 0.16276041666666666 0.58125 0.146484375 0.58125 0.12109375 0.59140625