1 0.060546875 0.075 0.05859375 0.078125 0.0625 0.1 0.0703125 0.11484375 0.09049479166666667 0.1328125 0.11588541666666667 0.1484375 0.11979166666666667 0.14765625 0.13346354166666666 0.10390625 0.13151041666666666 0.096875 0.08528645833333333 0.0734375
1 0.029947916666666668 0.3046875 0.029296875 0.31328125 0.031901041666666664 0.3203125 0.053385416666666664 0.35546875 0.054036458333333336 0.3625 0.06640625 0.38984375 0.06575520833333333 0.39921875 0.06966145833333333 0.4203125 0.07291666666666667 0.43125 0.078125 0.43515625 0.125 0.43125 0.162109375 0.4125 0.18229166666666666 0.38671875 0.19596354166666666 0.35546875 0.19270833333333334 0.33203125 0.18359375 0.315625 0.16080729166666666 0.28984375 0.14973958333333334 0.28359375 0.11393229166666667 0.2828125 0.09700520833333333 0.27421875 0.08072916666666667 0.27265625 0.061848958333333336 0.2640625 0.055989583333333336 0.2640625 0.042317708333333336 0.2796875
1 0.16666666666666666 0.2671875 0.16666666666666666 0.28125 0.17057291666666666 0.29296875 0.189453125 0.31875 0.205078125 0.33125 0.20963541666666666 0.33125 0.216796875 0.32578125 0.25390625 0.32578125 0.3170572916666667 0.30859375 0.3274739583333333 0.29921875 0.3294270833333333 0.29296875 0.326171875 0.25625 0.3177083333333333 0.22265625 0.3001302083333333 0.17890625 0.3001302083333333 0.17109375 0.275390625 0.1140625 0.2688802083333333 0.11171875 0.2578125 0.11875 0.20768229166666666 0.1703125 0.19596354166666666 0.18828125
1 0.302734375 0.1609375 0.3033854166666667 0.18359375 0.31640625 0.21484375 0.326171875 0.24921875 0.3372395833333333 0.2546875 0.3509114583333333 0.25234375 0.3541666666666667 0.24765625 0.357421875 0.2265625 0.3541666666666667 0.19375 0.3489583333333333 0.178125 0.3404947916666667 0.165625 0.3359375 0.16328125 0.3151041666666667 0.1578125
1 0.517578125 0.2734375 0.517578125 0.2921875 0.5240885416666666 0.32421875 0.5358072916666666 0.3453125 0.546875 0.35390625 0.5533854166666666 0.35625 0.560546875 0.3546875 0.57421875 0.334375 0.5794270833333334 0.321875 0.5813802083333334 0.28125 0.5638020833333334 0.2671875 0.54296875 0.259375 0.5305989583333334 0.26015625
1 0.392578125 0.43828125 0.392578125 0.44609375 0.3958333333333333 0.44921875 0.4075520833333333 0.4515625 0.5 0.4453125 0.5162760416666666 0.4421875 0.5188802083333334 0.4359375 0.5143229166666666 0.41484375 0.5084635416666666 0.40390625 0.4596354166666667 0.37265625 0.4401041666666667 0.371875 0.4329427083333333 0.37421875 0.4225260416666667 0.384375
1 0.447265625 0.2 0.4453125 0.21015625 0.4524739583333333 0.21875 0.5130208333333334 0.24140625 0.5227864583333334 0.24140625 0.5305989583333334 0.228125 0.5514322916666666 0.1578125 0.5514322916666666 0.1484375 0.5260416666666666 0.12578125 0.4993489583333333 0.1109375 0.490234375 0.11171875 0.4830729166666667 0.11875 0.47265625 0.1484375 0.462890625 0.15625
1 0.705078125 0.2453125 0.712890625 0.33359375 0.7259114583333334 0.3484375 0.748046875 0.35703125 0.7779947916666666 0.340625 0.7916666666666666 0.32109375 0.8040364583333334 0.309375 0.8391927083333334 0.296875 0.8483072916666666 0.271875 0.8424479166666666 0.2328125 0.8359375 0.209375 0.8157552083333334 0.18671875 0.78515625 0.19375 0.7239583333333334 0.21875 0.7096354166666666 0.23203125
1 0.6549479166666666 0.484375 0.6569010416666666 0.50546875 0.6614583333333334 0.51171875 0.669921875 0.51640625 0.732421875 0.4890625 0.7434895833333334 0.4765625 0.7506510416666666 0.45 0.7584635416666666 0.4390625 0.7610677083333334 0.42734375 0.7545572916666666 0.41953125 0.716796875 0.40078125 0.7044270833333334 0.4015625 0.6848958333333334 0.4109375 0.6608072916666666 0.46484375
1 0.5833333333333334 0.71171875 0.58203125 0.7234375 0.5930989583333334 0.7546875 0.5911458333333334 0.80703125 0.619140625 0.83125 0.638671875 0.840625 0.6510416666666666 0.84140625 0.6653645833333334 0.82578125 0.681640625 0.7984375 0.689453125 0.7796875 0.6953125 0.75078125 0.71484375 0.69375 0.7154947916666666 0.68046875 0.7057291666666666 0.66328125 0.6953125 0.65703125 0.6848958333333334 0.65546875 0.6354166666666666 0.67734375 0.595703125 0.690625 0.5891927083333334 0.69609375
1 0.7623697916666666 0.53125 0.7630208333333334 0.55859375 0.767578125 0.58828125 0.775390625 0.6078125 0.779296875 0.6296875 0.7858072916666666 0.63828125 0.8125 0.64375 0.845703125 0.6453125 0.8756510416666666 0.6296875 0.9049479166666666 0.609375 0.9114583333333334 0.6 0.9069010416666666 0.57734375 0.8873697916666666 0.525 0.8365885416666666 0.49453125 0.8268229166666666 0.49140625 0.7942708333333334 0.49375 0.779296875 0.50234375
1 0.4680989583333333 0.61328125 0.466796875 0.621875 0.4765625 0.66953125 0.4921875 0.69296875 0.50390625 0.70234375 0.5130208333333334 0.70546875 0.53515625 0.703125 0.546875 0.69375 0.5494791666666666 0.67890625 0.5481770833333334 0.6578125 0.5390625 0.63515625 0.5319010416666666 0.62578125 0.517578125 0.61875 0.5006510416666666 0.621875 0.482421875 0.6171875 0.4739583333333333 0.61171875
1 0.263671875 0.54296875 0.2630208333333333 0.56328125 0.2721354166666667 0.5953125 0.2799479166666667 0.59765625 0.3020833333333333 0.5921875 0.31640625 0.584375 0.3509114583333333 0.54921875 0.369140625 0.521875 0.3684895833333333 0.5078125 0.3626302083333333 0.496875 0.3483072916666667 0.48671875 0.3177083333333333 0.490625 0.3098958333333333 0.49453125 0.2942708333333333 0.5109375 0.275390625 0.5203125
1 0.11393229166666667 0.69375 0.11263020833333333 0.70703125 0.12825520833333334 0.74140625 0.13346354166666666 0.76171875 0.15690104166666666 0.78828125 0.1640625 0.7921875 0.16536458333333334 0.796875 0.17643229166666666 0.80234375 0.19596354166666666 0.803125 0.19986979166666666 0.80078125 0.2265625 0.771875 0.24153645833333334 0.7375 0.24088541666666666 0.65234375 0.23046875 0.62578125 0.23111979166666666 0.621875 0.21809895833333334 0.60859375 0.21028645833333334 0.60859375 0.20638020833333334 0.6125 0.20703125 0.61640625 0.203125 0.61640625 0.203125 0.61953125 0.18229166666666666 0.6453125 0.15755208333333334 0.64453125 0.12369791666666667 0.678125
1 0.036458333333333336 0.8546875 0.036458333333333336 0.86796875 0.039713541666666664 0.87890625 0.044921875 0.88515625 0.05859375 0.89296875 0.1015625 0.91015625 0.10872395833333333 0.9078125 0.11979166666666667 0.89375 0.103515625 0.84765625 0.076171875 0.82734375 0.0625 0.82578125 0.055338541666666664 0.828125 0.047526041666666664 0.8359375
1 0.111328125 0.6953125 0.11067708333333333 0.703125 0.11588541666666667 0.72421875 0.12890625 0.74921875 0.13216145833333334 0.7625 0.14453125 0.7796875 0.15234375 0.7859375 0.15755208333333334 0.79609375 0.171875 0.8015625 0.1953125 0.803125 0.20638020833333334 0.79609375 0.22981770833333334 0.76875 0.24348958333333334 0.73359375 0.24348958333333334 0.67421875 0.24088541666666666 0.64609375 0.23046875 0.6171875 0.22721354166666666 0.6125 0.21614583333333334 0.60703125 0.21028645833333334 0.60703125 0.20572916666666666 0.6109375 0.18359375 0.64140625 0.17838541666666666 0.64375 0.16341145833333334 0.63828125 0.154296875 0.64375 0.12760416666666666 0.67109375
1 0.3092447916666667 0.75078125 0.3033854166666667 0.771875 0.3040364583333333 0.7859375 0.3294270833333333 0.8453125 0.3346354166666667 0.84921875 0.3483072916666667 0.85 0.3665364583333333 0.84921875 0.3717447916666667 0.84609375 0.3860677083333333 0.8203125 0.3873697916666667 0.80703125 0.3834635416666667 0.79375 0.373046875 0.78515625 0.3600260416666667 0.73125 0.3561197916666667 0.728125 0.345703125 0.72734375 0.322265625 0.7328125 0.3138020833333333 0.7390625
1 0.421875 0.83671875 0.423828125 0.8921875 0.4322916666666667 0.90859375 0.4427083333333333 0.909375 0.45703125 0.8984375 0.46875 0.88203125 0.48046875 0.853125 0.4791666666666667 0.83984375 0.466796875 0.8265625 0.4388020833333333 0.8171875 0.4290364583333333 0.81953125
1 0.7434895833333334 0.8578125 0.744140625 0.8671875 0.765625 0.909375 0.7740885416666666 0.93203125 0.7786458333333334 0.93515625 0.7955729166666666 0.9296875 0.8111979166666666 0.90703125 0.8268229166666666 0.87734375 0.826171875 0.87109375 0.8216145833333334 0.865625 0.8098958333333334 0.8625 0.7936197916666666 0.85234375 0.7623697916666666 0.8484375
1 0.8125 0.92265625 0.8125 0.94375 0.8177083333333334 0.96640625 0.828125 0.97734375 0.8411458333333334 0.984375 0.8678385416666666 0.9859375 0.8782552083333334 0.98046875 0.9010416666666666 0.978125 0.9075520833333334 0.97109375 0.912109375 0.959375 0.9153645833333334 0.94140625 0.9140625 0.9265625 0.8990885416666666 0.89375 0.8880208333333334 0.88515625 0.8346354166666666 0.871875 0.830078125 0.8765625 0.830078125 0.88515625 0.82421875 0.88984375
1 0.8346354166666666 0.67109375 0.8346354166666666 0.6921875 0.8665364583333334 0.72265625 0.8723958333333334 0.721875 0.8828125 0.71328125 0.896484375 0.69609375 0.89453125 0.68984375 0.876953125 0.6734375 0.865234375 0.65703125 0.8404947916666666 0.65390625