1 0.2701822916666667 0.24296875 0.263671875 0.28515625 0.255859375 0.3125 0.2571614583333333 0.3203125 0.2721354166666667 0.3296875 0.2805989583333333 0.33125 0.29296875 0.325 0.3209635416666667 0.31796875 0.3372395833333333 0.3078125 0.3470052083333333 0.296875 0.3658854166666667 0.26328125 0.3645833333333333 0.20546875 0.3404947916666667 0.16796875 0.3196614583333333 0.15703125 0.3125 0.15703125 0.29296875 0.17265625 0.28125 0.20234375 0.279296875 0.21796875
1 0.07356770833333333 0.3421875 0.072265625 0.35234375 0.07421875 0.3578125 0.08203125 0.36328125 0.08138020833333333 0.36953125 0.10221354166666667 0.4 0.11588541666666667 0.41796875 0.1484375 0.446875 0.16145833333333334 0.4671875 0.17122395833333334 0.475 0.18489583333333334 0.47578125 0.20638020833333334 0.46953125 0.22721354166666666 0.44921875 0.23828125 0.428125 0.23893229166666666 0.4171875 0.23111979166666666 0.4 0.20833333333333334 0.3875 0.177734375 0.35546875 0.14322916666666666 0.33515625 0.10481770833333333 0.3171875 0.09505208333333333 0.3171875 0.08528645833333333 0.32421875
1 0.12044270833333333 0.58125 0.119140625 0.5921875 0.12109375 0.5953125 0.16341145833333334 0.6140625 0.173828125 0.6140625 0.18359375 0.59453125 0.18880208333333334 0.57578125 0.185546875 0.540625 0.16796875 0.52109375 0.15364583333333334 0.5234375 0.14322916666666666 0.53359375
1 0.13932291666666666 0.67890625 0.13736979166666666 0.68203125 0.138671875 0.69453125 0.15364583333333334 0.73125 0.16080729166666666 0.75703125 0.17643229166666666 0.78046875 0.18359375 0.796875 0.212890625 0.82734375 0.22330729166666666 0.828125 0.244140625 0.81328125 0.2545572916666667 0.8109375 0.2903645833333333 0.790625 0.3020833333333333 0.77578125 0.306640625 0.72890625 0.3040364583333333 0.7125 0.2747395833333333 0.67578125 0.21549479166666666 0.6296875 0.208984375 0.628125 0.19075520833333334 0.63515625 0.17447916666666666 0.63671875
1 0.3053385416666667 0.75 0.3046875 0.771875 0.306640625 0.7765625 0.3430989583333333 0.79296875 0.36328125 0.790625 0.37109375 0.7828125 0.3776041666666667 0.76640625 0.3938802083333333 0.75390625 0.4016927083333333 0.74375 0.4440104166666667 0.6734375 0.4466145833333333 0.6625 0.4147135416666667 0.62265625 0.3736979166666667 0.62734375 0.3619791666666667 0.63203125 0.35546875 0.6421875 0.3346354166666667 0.653125 0.3307291666666667 0.65859375 0.3216145833333333 0.68125 0.3131510416666667 0.72734375
1 0.408203125 0.26328125 0.40625 0.265625 0.4075520833333333 0.27734375 0.41796875 0.31953125 0.4212239583333333 0.32421875 0.44140625 0.3296875 0.4622395833333333 0.33125 0.4817708333333333 0.32890625 0.4908854166666667 0.32265625 0.4837239583333333 0.278125 0.4798177083333333 0.271875 0.4563802083333333 0.2640625
1 0.34375 0.378125 0.3450520833333333 0.40390625 0.3489583333333333 0.4140625 0.3697916666666667 0.4296875 0.3938802083333333 0.421875 0.4049479166666667 0.41484375 0.4114583333333333 0.4078125 0.416015625 0.396875 0.4166666666666667 0.3796875 0.4069010416666667 0.35703125 0.3841145833333333 0.33671875 0.373046875 0.33203125 0.3658854166666667 0.33203125 0.3561197916666667 0.33984375
1 0.5787760416666666 0.21171875 0.5872395833333334 0.2578125 0.5970052083333334 0.2828125 0.6022135416666666 0.2875 0.6158854166666666 0.2828125 0.634765625 0.2640625 0.6477864583333334 0.234375 0.6529947916666666 0.2140625 0.6471354166666666 0.18359375 0.6223958333333334 0.18828125
1 0.4869791666666667 0.12265625 0.484375 0.1328125 0.4869791666666667 0.1453125 0.494140625 0.15234375 0.509765625 0.15703125 0.52734375 0.12109375 0.541015625 0.1 0.5481770833333334 0.07890625 0.548828125 0.0625 0.5403645833333334 0.0609375 0.5299479166666666 0.0671875 0.5234375 0.07734375 0.5065104166666666 0.084375
1 0.7259114583333334 0.1796875 0.734375 0.20859375 0.7434895833333334 0.21015625 0.7936197916666666 0.159375 0.7975260416666666 0.15078125 0.796875 0.125 0.7903645833333334 0.12265625 0.748046875 0.15
1 0.6634114583333334 0.12421875 0.6627604166666666 0.1453125 0.666015625 0.16484375 0.6731770833333334 0.16953125 0.6901041666666666 0.17109375 0.720703125 0.146875 0.7252604166666666 0.13671875 0.7278645833333334 0.1140625 0.7252604166666666 0.1015625 0.7213541666666666 0.09609375 0.7005208333333334 0.084375 0.689453125 0.0828125 0.677734375 0.0921875 0.66796875 0.109375
1 0.5247395833333334 0.33046875 0.5208333333333334 0.3890625 0.51171875 0.4140625 0.5104166666666666 0.4265625 0.5123697916666666 0.4296875 0.51953125 0.43203125 0.55859375 0.42890625 0.5885416666666666 0.41875 0.60546875 0.40703125 0.603515625 0.39140625 0.5970052083333334 0.38203125 0.5911458333333334 0.36171875 0.5846354166666666 0.353125 0.572265625 0.3484375 0.5579427083333334 0.33125 0.5397135416666666 0.3203125 0.5286458333333334 0.3203125
1 0.68359375 0.34453125 0.6848958333333334 0.3625 0.6985677083333334 0.40625 0.7024739583333334 0.4140625 0.72265625 0.4359375 0.76171875 0.43125 0.830078125 0.40859375 0.841796875 0.40234375 0.8450520833333334 0.396875 0.84375 0.3859375 0.8346354166666666 0.36484375 0.7955729166666666 0.3421875 0.7682291666666666 0.34140625 0.7421875 0.33046875 0.708984375 0.32734375 0.697265625 0.3328125
1 0.4479166666666667 0.5671875 0.4524739583333333 0.5953125 0.4557291666666667 0.6 0.4733072916666667 0.60703125 0.4947916666666667 0.60390625 0.4928385416666667 0.5703125 0.4993489583333333 0.55078125 0.498046875 0.540625
1 0.654296875 0.8953125 0.654296875 0.921875 0.6608072916666666 0.93515625 0.6712239583333334 0.94609375 0.720703125 0.95390625 0.7369791666666666 0.94296875 0.7473958333333334 0.915625 0.748046875 0.890625 0.7395833333333334 0.87265625 0.7376302083333334 0.865625 0.7395833333333334 0.8625 0.7317708333333334 0.83046875 0.7272135416666666 0.82109375 0.7200520833333334 0.8140625 0.7096354166666666 0.81015625 0.6881510416666666 0.81015625 0.6725260416666666 0.815625 0.66796875 0.82421875
1 0.6302083333333334 0.5703125 0.6295572916666666 0.59921875 0.6399739583333334 0.63671875 0.6575520833333334 0.66953125 0.6731770833333334 0.6921875 0.6783854166666666 0.696875 0.6842447916666666 0.696875 0.701171875 0.6859375 0.71484375 0.66875 0.736328125 0.61953125 0.748046875 0.59921875 0.7604166666666666 0.5890625 0.775390625 0.54296875 0.7688802083333334 0.53515625 0.7506510416666666 0.52578125 0.7434895833333334 0.5140625 0.7369791666666666 0.51328125 0.669921875 0.52890625 0.6516927083333334 0.5359375 0.64453125 0.54375
1 0.4283854166666667 0.8828125 0.4264322916666667 0.88671875 0.427734375 0.8984375 0.4388020833333333 0.92109375 0.47265625 0.959375 0.4778645833333333 0.9703125 0.4915364583333333 0.9875 0.5032552083333334 0.9890625 0.5130208333333334 0.98671875 0.5325520833333334 0.95703125 0.5299479166666666 0.92890625 0.48046875 0.878125 0.4772135416666667 0.86953125 0.4596354166666667 0.8515625 0.447265625 0.85859375
1 0.7708333333333334 0.88671875 0.7708333333333334 0.8984375 0.77734375 0.91484375 0.8046875 0.94296875 0.8209635416666666 0.95625 0.8346354166666666 0.9625 0.8561197916666666 0.96328125 0.8919270833333334 0.9421875 0.9029947916666666 0.87734375 0.8984375 0.8578125 0.8821614583333334 0.82734375 0.8717447916666666 0.81640625 0.8619791666666666 0.8109375 0.8092447916666666 0.80703125 0.80078125 0.8109375 0.78515625 0.8359375 0.7825520833333334 0.853125
1 0.8170572916666666 0.7515625 0.8157552083333334 0.76328125 0.8203125 0.77265625 0.828125 0.77890625 0.8352864583333334 0.778125 0.8391927083333334 0.77421875 0.84375 0.7625 0.8509114583333334 0.725 0.8548177083333334 0.70078125 0.8528645833333334 0.69453125 0.841796875 0.690625 0.833984375 0.69375
1 0.4759114583333333 0.6828125 0.478515625 0.72109375 0.4856770833333333 0.74375 0.5026041666666666 0.75859375 0.5182291666666666 0.78671875 0.5390625 0.8140625 0.5455729166666666 0.81484375 0.560546875 0.80234375 0.5885416666666666 0.75 0.5924479166666666 0.73984375 0.5930989583333334 0.72421875 0.5885416666666666 0.7015625 0.5748697916666666 0.68203125 0.5611979166666666 0.64765625 0.5540364583333334 0.6390625 0.5475260416666666 0.61953125 0.5436197916666666 0.61640625 0.5266927083333334 0.61953125 0.482421875 0.66875
1 0.5572916666666666 0.615625 0.556640625 0.6265625 0.5638020833333334 0.64375 0.5787760416666666 0.66484375 0.5846354166666666 0.6671875 0.609375 0.6484375 0.6204427083333334 0.61171875 0.62109375 0.6015625 0.6158854166666666 0.59296875 0.6100260416666666 0.590625 0.5807291666666666 0.59375 0.5677083333333334 0.5984375