1 0.2962239583333333 0.17578125 0.2955729166666667 0.1953125 0.3046875 0.22109375 0.3190104166666667 0.23828125 0.34375 0.25390625 0.380859375 0.25546875 0.408203125 0.21796875 0.41796875 0.171875 0.4322916666666667 0.14375 0.4388020833333333 0.121875 0.431640625 0.115625 0.39453125 0.11171875 0.3626302083333333 0.096875 0.3346354166666667 0.12734375 0.3294270833333333 0.140625 0.322265625 0.15 0.3059895833333333 0.1625
1 0.5520833333333334 0.24765625 0.55078125 0.26171875 0.5533854166666666 0.278125 0.5572916666666666 0.2828125 0.5807291666666666 0.29375 0.58984375 0.29375 0.654296875 0.24921875 0.6822916666666666 0.21171875 0.6861979166666666 0.1953125 0.6861979166666666 0.18203125 0.6829427083333334 0.17109375 0.658203125 0.11171875 0.646484375 0.0984375 0.6302083333333334 0.06953125 0.6158854166666666 0.08046875 0.6002604166666666 0.0984375 0.5807291666666666 0.13359375 0.5794270833333334 0.14296875 0.5716145833333334 0.15859375 0.5657552083333334 0.21328125 0.5540364583333334 0.23125
1 0.7350260416666666 0.1015625 0.7369791666666666 0.125 0.7493489583333334 0.13828125 0.7578125 0.16015625 0.7643229166666666 0.1640625 0.779296875 0.16328125 0.7936197916666666 0.13671875 0.798828125 0.11953125 0.798828125 0.0875 0.7936197916666666 0.07421875 0.783203125 0.0640625 0.7688802083333334 0.065625 0.7506510416666666 0.07734375
1 0.6673177083333334 0.36796875 0.6673177083333334 0.39375 0.6712239583333334 0.403125 0.6712239583333334 0.4125 0.6783854166666666 0.428125 0.6920572916666666 0.440625 0.7135416666666666 0.44140625 0.7278645833333334 0.45390625 0.7389322916666666 0.45703125 0.7630208333333334 0.44921875 0.7825520833333334 0.41484375 0.7981770833333334 0.37265625 0.798828125 0.36484375 0.7942708333333334 0.3453125 0.78125 0.32734375 0.7721354166666666 0.31953125 0.755859375 0.31328125 0.7259114583333334 0.31015625 0.7063802083333334 0.3046875 0.6998697916666666 0.30703125 0.6861979166666666 0.32734375
1 0.7369791666666666 0.48046875 0.736328125 0.52734375 0.751953125 0.58046875 0.7552083333333334 0.5828125 0.767578125 0.58203125 0.783203125 0.58984375 0.7962239583333334 0.5921875 0.8177083333333334 0.5828125 0.82421875 0.57578125 0.8274739583333334 0.56640625 0.828125 0.55859375 0.8229166666666666 0.54453125 0.8229166666666666 0.5375 0.833984375 0.51875 0.83984375 0.48359375 0.8541666666666666 0.4484375 0.8587239583333334 0.4234375 0.857421875 0.41484375 0.8502604166666666 0.4078125 0.8352864583333334 0.409375 0.8248697916666666 0.4140625 0.7662760416666666 0.45703125 0.7428385416666666 0.46953125
1 0.751953125 0.66171875 0.75 0.6828125 0.755859375 0.7109375 0.7578125 0.73984375 0.765625 0.75234375 0.7825520833333334 0.7609375 0.7994791666666666 0.76484375 0.8287760416666666 0.76171875 0.845703125 0.74609375 0.8717447916666666 0.73125 0.9029947916666666 0.70625 0.9029947916666666 0.70234375 0.890625 0.68125 0.8704427083333334 0.6609375 0.8307291666666666 0.6328125 0.7955729166666666 0.62109375 0.783203125 0.62109375 0.7649739583333334 0.63046875
1 0.5826822916666666 0.71484375 0.5813802083333334 0.721875 0.5885416666666666 0.73671875 0.6243489583333334 0.7828125 0.6302083333333334 0.80703125 0.63671875 0.8140625 0.6595052083333334 0.82421875 0.6673177083333334 0.83125 0.68359375 0.825 0.734375 0.77578125 0.7337239583333334 0.7546875 0.7311197916666666 0.7484375 0.6927083333333334 0.70390625 0.681640625 0.68671875 0.6569010416666666 0.6703125 0.6477864583333334 0.66953125
1 0.4674479166666667 0.846875 0.4661458333333333 0.859375 0.4680989583333333 0.8625 0.4921875 0.8625 0.5572916666666666 0.84375 0.5748697916666666 0.8328125 0.5807291666666666 0.825 0.58203125 0.81328125 0.5755208333333334 0.78515625 0.5540364583333334 0.73125 0.5227864583333334 0.69765625 0.5110677083333334 0.70546875 0.50390625 0.7171875 0.4895833333333333 0.778125
1 0.3626302083333333 0.66171875 0.3619791666666667 0.67109375 0.369140625 0.71640625 0.3723958333333333 0.721875 0.3834635416666667 0.728125 0.4244791666666667 0.721875 0.4609375 0.70625 0.474609375 0.69765625 0.4778645833333333 0.6921875 0.4765625 0.6625 0.4713541666666667 0.63515625 0.462890625 0.61015625 0.4361979166666667 0.61015625 0.4205729166666667 0.61328125 0.396484375 0.6296875
1 0.23111979166666666 0.7203125 0.23046875 0.72734375 0.23307291666666666 0.73359375 0.24609375 0.7484375 0.275390625 0.7453125 0.2884114583333333 0.734375 0.2962239583333333 0.72265625 0.3020833333333333 0.7 0.3001302083333333 0.68984375 0.2916666666666667 0.6765625 0.2799479166666667 0.66875 0.255859375 0.67421875 0.24479166666666666 0.68515625
1 0.234375 0.55546875 0.23502604166666666 0.57734375 0.24479166666666666 0.61484375 0.24869791666666666 0.61953125 0.3001302083333333 0.6203125 0.318359375 0.59609375 0.3248697916666667 0.5796875 0.3235677083333333 0.54765625 0.3059895833333333 0.5328125 0.2975260416666667 0.50546875 0.2858072916666667 0.4984375 0.2630208333333333 0.49609375 0.2513020833333333 0.50390625 0.244140625 0.51796875
1 0.462890625 0.440625 0.4661458333333333 0.4578125 0.4876302083333333 0.490625 0.4967447916666667 0.51015625 0.5384114583333334 0.55703125 0.5475260416666666 0.5609375 0.5670572916666666 0.5578125 0.5813802083333334 0.5515625 0.6223958333333334 0.446875 0.62109375 0.43984375 0.6158854166666666 0.43671875 0.5865885416666666 0.4328125 0.5286458333333334 0.4359375 0.513671875 0.4421875 0.484375 0.43828125
1 0.07096354166666667 0.803125 0.0703125 0.81640625 0.08268229166666667 0.84140625 0.08658854166666667 0.86640625 0.09895833333333333 0.878125 0.111328125 0.89765625 0.123046875 0.90078125 0.14322916666666666 0.89375 0.17903645833333334 0.89375 0.20638020833333334 0.87890625 0.23828125 0.84140625 0.24479166666666666 0.8234375 0.24739583333333334 0.77890625 0.21223958333333334 0.73046875 0.19270833333333334 0.7171875 0.169921875 0.709375 0.12239583333333333 0.709375 0.11197916666666667 0.71328125 0.10546875 0.72109375 0.10026041666666667 0.73984375 0.07942708333333333 0.76953125
1 0.10416666666666667 0.5921875 0.10416666666666667 0.60859375 0.11197916666666667 0.625 0.12890625 0.634375 0.14192708333333334 0.63359375 0.21354166666666666 0.5640625 0.21484375 0.55390625 0.20052083333333334 0.515625 0.19661458333333334 0.5125 0.19140625 0.51328125 0.17057291666666666 0.52578125 0.12434895833333333 0.5640625
1 0.06510416666666667 0.2921875 0.06315104166666667 0.30859375 0.06575520833333333 0.3203125 0.08528645833333333 0.3390625 0.107421875 0.34140625 0.140625 0.33671875 0.15234375 0.33125 0.15299479166666666 0.3234375 0.14908854166666666 0.3109375 0.130859375 0.29296875 0.11328125 0.28359375 0.09440104166666667 0.28046875 0.07096354166666667 0.2875
1 0.2786458333333333 0.34453125 0.2799479166666667 0.3796875 0.3020833333333333 0.39609375 0.3170572916666667 0.403125 0.328125 0.403125 0.3385416666666667 0.3953125 0.34765625 0.3796875 0.3509114583333333 0.3640625 0.349609375 0.3375 0.3450520833333333 0.32109375 0.3385416666666667 0.3140625 0.328125 0.31171875 0.294921875 0.32421875
1 0.3697916666666667 0.4984375 0.3684895833333333 0.5125 0.37109375 0.521875 0.3841145833333333 0.5296875 0.43359375 0.53046875 0.4401041666666667 0.52734375 0.4446614583333333 0.51953125 0.4427083333333333 0.50078125 0.435546875 0.48046875 0.4264322916666667 0.46328125 0.408203125 0.4390625 0.4036458333333333 0.43984375 0.3854166666666667 0.475 0.3756510416666667 0.48203125