1 0.2584635416666667 0.15859375 0.2578125 0.171875 0.267578125 0.2078125 0.2766927083333333 0.21484375 0.296875 0.2125 0.310546875 0.20703125 0.330078125 0.18671875 0.3606770833333333 0.14453125 0.3626302083333333 0.13359375 0.3587239583333333 0.12578125 0.3411458333333333 0.1109375 0.318359375 0.11171875 0.3020833333333333 0.1171875 0.2708333333333333 0.13671875
1 0.10677083333333333 0.31328125 0.10611979166666667 0.32578125 0.11263020833333333 0.35234375 0.12760416666666666 0.37734375 0.13541666666666666 0.38515625 0.14322916666666666 0.40078125 0.18684895833333334 0.41171875 0.19596354166666666 0.4109375 0.20833333333333334 0.3953125 0.224609375 0.38359375 0.23828125 0.35703125 0.23697916666666666 0.33203125 0.23893229166666666 0.3125 0.23567708333333334 0.26875 0.22395833333333334 0.23046875 0.20377604166666666 0.2125 0.19270833333333334 0.2171875 0.16861979166666666 0.24296875 0.16015625 0.246875 0.150390625 0.24296875 0.14127604166666666 0.25 0.115234375 0.28125 0.11197916666666667 0.28984375 0.111328125 0.303125
1 0.033203125 0.46171875 0.031901041666666664 0.4796875 0.03515625 0.490625 0.047526041666666664 0.50625 0.059895833333333336 0.51640625 0.09700520833333333 0.53046875 0.10546875 0.52890625 0.11393229166666667 0.5203125 0.11393229166666667 0.51171875 0.09505208333333333 0.4671875 0.072265625 0.45234375 0.059244791666666664 0.44921875 0.042317708333333336 0.45078125
1 0.2962239583333333 0.3734375 0.2981770833333333 0.39453125 0.3274739583333333 0.44453125 0.3509114583333333 0.4515625 0.3763020833333333 0.446875 0.3815104166666667 0.4421875 0.3828125 0.43125 0.3763020833333333 0.4109375 0.3587239583333333 0.39296875 0.35546875 0.35390625 0.3502604166666667 0.34453125 0.3307291666666667 0.34296875 0.3111979166666667 0.3484375 0.2994791666666667 0.3625
1 0.2903645833333333 0.4625 0.2897135416666667 0.46640625 0.298828125 0.48046875 0.3020833333333333 0.5015625 0.32421875 0.54609375 0.3365885416666667 0.55703125 0.3450520833333333 0.55703125 0.353515625 0.54296875 0.3528645833333333 0.51875 0.349609375 0.50390625 0.3450520833333333 0.49921875 0.326171875 0.4921875 0.2975260416666667 0.46171875 0.29296875 0.46015625
1 0.224609375 0.6296875 0.22330729166666666 0.63828125 0.2265625 0.653125 0.23697916666666666 0.68515625 0.2591145833333333 0.71328125 0.2825520833333333 0.7171875 0.3092447916666667 0.7 0.322265625 0.67734375 0.3235677083333333 0.6609375 0.3190104166666667 0.65390625 0.2897135416666667 0.621875 0.2630208333333333 0.59921875 0.255859375 0.59921875 0.24674479166666666 0.60390625
1 0.35546875 0.646875 0.3567708333333333 0.6546875 0.3723958333333333 0.66875 0.3828125 0.66953125 0.3997395833333333 0.66328125 0.4147135416666667 0.65390625 0.4270833333333333 0.6375 0.4283854166666667 0.628125 0.42578125 0.6125 0.4140625 0.59375 0.4049479166666667 0.59140625 0.3776041666666667 0.6109375
1 0.2532552083333333 0.80625 0.2513020833333333 0.81328125 0.2532552083333333 0.82265625 0.2884114583333333 0.8453125 0.3138020833333333 0.85546875 0.3190104166666667 0.85234375 0.3313802083333333 0.81953125 0.3287760416666667 0.8109375 0.318359375 0.8046875 0.2760416666666667 0.78828125 0.267578125 0.7890625
1 0.416015625 0.44375 0.416015625 0.48828125 0.4244791666666667 0.51796875 0.4283854166666667 0.52109375 0.4440104166666667 0.51875 0.4596354166666667 0.4890625 0.4713541666666667 0.47421875 0.4733072916666667 0.46640625 0.4713541666666667 0.4578125 0.4641927083333333 0.44765625 0.4342447916666667 0.43125 0.4212239583333333 0.43046875
1 0.4609375 0.2375 0.4602864583333333 0.2453125 0.4700520833333333 0.29140625 0.4817708333333333 0.30859375 0.5013020833333334 0.3234375 0.51953125 0.325 0.5338541666666666 0.321875 0.5390625 0.3171875 0.5416666666666666 0.3046875 0.5397135416666666 0.27265625 0.5260416666666666 0.24453125 0.5078125 0.234375 0.5026041666666666 0.234375 0.4915364583333333 0.24296875 0.4700520833333333 0.2359375
1 0.580078125 0.3140625 0.5735677083333334 0.334375 0.5735677083333334 0.34296875 0.5859375 0.37890625 0.5826822916666666 0.421875 0.59375 0.4328125 0.6223958333333334 0.45234375 0.6334635416666666 0.45625 0.6438802083333334 0.45546875 0.6575520833333334 0.4390625 0.671875 0.4140625 0.6842447916666666 0.38203125 0.7063802083333334 0.29453125 0.7044270833333334 0.28203125 0.6959635416666666 0.271875 0.6829427083333334 0.26796875 0.673828125 0.26875 0.6048177083333334 0.2953125 0.5865885416666666 0.30625
1 0.7545572916666666 0.13984375 0.7532552083333334 0.1609375 0.759765625 0.21015625 0.7682291666666666 0.22734375 0.7721354166666666 0.24921875 0.7760416666666666 0.253125 0.796875 0.25390625 0.8131510416666666 0.2453125 0.8313802083333334 0.24296875 0.849609375 0.234375 0.87109375 0.215625 0.8912760416666666 0.203125 0.900390625 0.18984375 0.8997395833333334 0.1765625 0.8782552083333334 0.11640625 0.865234375 0.1078125 0.8509114583333334 0.10390625 0.84765625 0.0953125 0.8385416666666666 0.0875 0.79296875 0.09296875 0.7721354166666666 0.1015625
1 0.8255208333333334 0.28515625 0.826171875 0.3125 0.837890625 0.328125 0.853515625 0.33828125 0.86328125 0.3359375 0.88671875 0.30859375 0.884765625 0.3015625 0.85546875 0.2671875 0.8365885416666666 0.26953125 0.8326822916666666 0.271875
1 0.736328125 0.47734375 0.7350260416666666 0.48046875 0.763671875 0.54296875 0.7740885416666666 0.55 0.7845052083333334 0.5484375 0.7923177083333334 0.54296875 0.8190104166666666 0.484375 0.818359375 0.478125 0.8111979166666666 0.4734375 0.7565104166666666 0.46484375 0.7473958333333334 0.46640625
1 0.8059895833333334 0.53828125 0.8046875 0.559375 0.810546875 0.58125 0.837890625 0.596875 0.8658854166666666 0.58671875 0.884765625 0.5875 0.8938802083333334 0.584375 0.9016927083333334 0.5734375 0.9075520833333334 0.55 0.900390625 0.51875 0.890625 0.503125 0.8815104166666666 0.4984375 0.8352864583333334 0.49140625 0.826171875 0.49453125 0.818359375 0.51796875
1 0.5735677083333334 0.6796875 0.5735677083333334 0.6890625 0.5826822916666666 0.70234375 0.58984375 0.721875 0.5911458333333334 0.73671875 0.5944010416666666 0.74140625 0.6015625 0.74140625 0.6126302083333334 0.73046875 0.6204427083333334 0.73046875 0.6295572916666666 0.73203125 0.6451822916666666 0.7421875 0.654296875 0.7421875 0.66015625 0.7390625 0.6712239583333334 0.721875 0.671875 0.71640625 0.658203125 0.6953125 0.6627604166666666 0.68515625 0.662109375 0.67890625 0.6171875 0.63984375 0.6080729166666666 0.640625 0.587890625 0.65859375
1 0.5227864583333334 0.48359375 0.5247395833333334 0.50390625 0.5201822916666666 0.51484375 0.5221354166666666 0.52734375 0.5494791666666666 0.5578125 0.580078125 0.575 0.5885416666666666 0.5984375 0.5983072916666666 0.609375 0.6158854166666666 0.6140625 0.6354166666666666 0.61015625 0.6725260416666666 0.5765625 0.685546875 0.5609375 0.6861979166666666 0.54609375 0.6803385416666666 0.51875 0.6731770833333334 0.5078125 0.6634114583333334 0.50234375 0.6458333333333334 0.50078125 0.6315104166666666 0.50546875 0.6126302083333334 0.50078125 0.5983072916666666 0.490625 0.58984375 0.4734375 0.583984375 0.46640625 0.5774739583333334 0.4640625 0.53515625 0.4609375 0.5286458333333334 0.4671875
1 0.6588541666666666 0.60234375 0.6595052083333334 0.6296875 0.6647135416666666 0.634375 0.6998697916666666 0.621875 0.7161458333333334 0.60546875 0.70703125 0.58671875 0.701171875 0.5796875 0.6927083333333334 0.5765625 0.6686197916666666 0.58125 0.6608072916666666 0.5921875