0 0.123046875 0.49453125 0.12239583333333333 0.5015625 0.13020833333333334 0.51796875 0.140625 0.52421875 0.193359375 0.52265625 0.20052083333333334 0.5203125 0.20377604166666666 0.51484375 0.203125 0.5046875 0.19401041666666666 0.48671875 0.18684895833333334 0.46328125 0.16861979166666666 0.45546875 0.1484375 0.4546875 0.14453125 0.45703125 0.13151041666666666 0.47578125
0 0.107421875 0.4171875 0.10677083333333333 0.43046875 0.11458333333333333 0.44765625 0.12239583333333333 0.45234375 0.130859375 0.45234375 0.16145833333333334 0.4375 0.169921875 0.42109375 0.17057291666666666 0.41015625 0.16145833333333334 0.39296875 0.14908854166666666 0.390625 0.11653645833333333 0.39921875
0 0.11263020833333333 0.628125 0.11197916666666667 0.6390625 0.115234375 0.64921875 0.12890625 0.66171875 0.13606770833333334 0.6640625 0.17903645833333334 0.65390625 0.19075520833333334 0.6453125 0.19466145833333334 0.63828125 0.19205729166666666 0.60546875 0.18229166666666666 0.59921875 0.16080729166666666 0.5953125 0.13606770833333334 0.596875 0.11848958333333333 0.61484375
0 0.14518229166666666 0.71640625 0.14583333333333334 0.7359375 0.150390625 0.746875 0.16471354166666666 0.75859375 0.17643229166666666 0.75546875 0.18684895833333334 0.74453125 0.1953125 0.728125 0.19986979166666666 0.7046875 0.20182291666666666 0.675 0.19791666666666666 0.67109375 0.18229166666666666 0.6734375 0.169921875 0.6703125 0.1640625 0.6734375 0.15690104166666666 0.68203125
0 0.2578125 0.5171875 0.2578125 0.5328125 0.263671875 0.55546875 0.2760416666666667 0.56875 0.29296875 0.57734375 0.30078125 0.5734375 0.3125 0.5609375 0.3216145833333333 0.53984375 0.3268229166666667 0.51875 0.3255208333333333 0.50703125 0.3196614583333333 0.49375 0.3131510416666667 0.48359375 0.3079427083333333 0.48046875 0.2682291666666667 0.49375
0 0.5006510416666666 0.36484375 0.498046875 0.38359375 0.5071614583333334 0.41015625 0.5208333333333334 0.425 0.546875 0.44609375 0.564453125 0.45625 0.57421875 0.45625 0.5794270833333334 0.446875 0.5794270833333334 0.4359375 0.5748697916666666 0.42265625 0.560546875 0.40390625 0.5611979166666666 0.396875 0.5677083333333334 0.38515625 0.5638020833333334 0.3734375 0.5533854166666666 0.3671875 0.5436197916666666 0.35 0.5208333333333334 0.340625 0.5130208333333334 0.3421875
0 0.3756510416666667 0.38671875 0.3763020833333333 0.4 0.380859375 0.40546875 0.396484375 0.44765625 0.3971354166666667 0.46328125 0.4036458333333333 0.47734375 0.4212239583333333 0.48046875 0.4446614583333333 0.47734375 0.4674479166666667 0.45546875 0.4700520833333333 0.4109375 0.458984375 0.39375 0.39453125 0.37265625 0.3802083333333333 0.37578125
0 0.55078125 0.503125 0.5501302083333334 0.5484375 0.552734375 0.55625 0.5807291666666666 0.584375 0.60546875 0.6015625 0.619140625 0.60859375 0.62890625 0.60546875 0.640625 0.5875 0.6516927083333334 0.5515625 0.6529947916666666 0.53984375 0.6438802083333334 0.52578125 0.6126302083333334 0.50390625 0.568359375 0.48671875 0.5598958333333334 0.4859375 0.5540364583333334 0.4890625
0 0.552734375 0.6125 0.5546875 0.63984375 0.560546875 0.65234375 0.57421875 0.66875 0.5989583333333334 0.6875 0.626953125 0.7140625 0.640625 0.715625 0.6490885416666666 0.7078125 0.666015625 0.66953125 0.6627604166666666 0.65390625 0.654296875 0.64296875 0.5716145833333334 0.58984375 0.5598958333333334 0.59375
0 0.7141927083333334 0.7328125 0.712890625 0.75234375 0.716796875 0.76796875 0.734375 0.7984375 0.7473958333333334 0.79765625 0.7552083333333334 0.79375 0.7701822916666666 0.77578125 0.779296875 0.75703125 0.7779947916666666 0.74140625 0.7688802083333334 0.7296875 0.7630208333333334 0.7265625 0.740234375 0.725 0.71875 0.728125
0 0.8118489583333334 0.5796875 0.8125 0.58984375 0.818359375 0.59609375 0.8346354166666666 0.60390625 0.8450520833333334 0.60546875 0.876953125 0.57109375 0.8841145833333334 0.55078125 0.8834635416666666 0.5390625 0.8658854166666666 0.52109375 0.85546875 0.51796875 0.8268229166666666 0.54921875
0 0.8359375 0.44609375 0.8359375 0.453125 0.8678385416666666 0.490625 0.876953125 0.49296875 0.892578125 0.4875 0.904296875 0.47578125 0.9075520833333334 0.46640625 0.9095052083333334 0.43828125 0.9055989583333334 0.4125 0.8971354166666666 0.40390625 0.8723958333333334 0.41171875
0 0.818359375 0.80625 0.8209635416666666 0.83125 0.8313802083333334 0.85625 0.8404947916666666 0.859375 0.86328125 0.85859375 0.87890625 0.85234375 0.8880208333333334 0.840625 0.8899739583333334 0.8265625 0.8873697916666666 0.8078125 0.873046875 0.7859375 0.8658854166666666 0.7796875 0.8561197916666666 0.77578125 0.837890625 0.77890625 0.8229166666666666 0.79296875
0 0.8157552083333334 0.278125 0.8151041666666666 0.29453125 0.8229166666666666 0.31171875 0.8450520833333334 0.33359375 0.869140625 0.3453125 0.876953125 0.34453125 0.8912760416666666 0.32421875 0.904296875 0.28671875 0.8971354166666666 0.2625 0.875 0.246875 0.8450520833333334 0.246875 0.828125 0.25859375
0 0.7083333333333334 0.278125 0.7083333333333334 0.30390625 0.7122395833333334 0.31328125 0.7194010416666666 0.32109375 0.7337239583333334 0.32109375 0.7473958333333334 0.303125 0.7473958333333334 0.28671875 0.7415364583333334 0.271875 0.73046875 0.2578125 0.7161458333333334 0.25859375 0.7096354166666666 0.26953125
0 0.5234375 0.20625 0.5221354166666666 0.2171875 0.5240885416666666 0.22265625 0.53515625 0.22734375 0.5709635416666666 0.22734375 0.5807291666666666 0.22421875 0.5859375 0.21484375 0.5852864583333334 0.2046875 0.5794270833333334 0.196875 0.55859375 0.18359375 0.54296875 0.18515625 0.53125 0.19375
0 0.6067708333333334 0.22578125 0.6061197916666666 0.240625 0.6126302083333334 0.26171875 0.6256510416666666 0.2765625 0.6647135416666666 0.27109375 0.6809895833333334 0.25390625 0.68359375 0.24609375 0.6796875 0.2078125 0.6744791666666666 0.20078125 0.669921875 0.19921875 0.626953125 0.20390625 0.6145833333333334 0.2140625
0 0.6770833333333334 0.0625 0.6770833333333334 0.09375 0.6822916666666666 0.11171875 0.689453125 0.11796875 0.7005208333333334 0.115625 0.7083333333333334 0.10234375 0.7109375 0.06640625 0.7063802083333334 0.04296875 0.6985677083333334 0.02734375 0.6920572916666666 0.02734375 0.68359375 0.03828125
0 0.6881510416666666 0.0390625 0.6861979166666666 0.0625 0.6803385416666666 0.0671875 0.6888020833333334 0.09296875 0.6848958333333334 0.1046875 0.6881510416666666 0.109375 0.6842447916666666 0.1125 0.6966145833333334 0.11640625 0.703125 0.109375 0.7096354166666666 0.0890625 0.7102864583333334 0.08125 0.7076822916666666 0.07890625 0.7102864583333334 0.0671875 0.703125 0.0390625 0.6959635416666666 0.03125
0 0.5696614583333334 0.06640625 0.5690104166666666 0.08515625 0.5709635416666666 0.09453125 0.5748697916666666 0.0984375 0.599609375 0.10859375 0.6126302083333334 0.09921875 0.6158854166666666 0.0921875 0.6178385416666666 0.078125 0.6158854166666666 0.05 0.6048177083333334 0.0390625 0.5852864583333334 0.04140625 0.5735677083333334 0.0546875
0 0.7799479166666666 0.0890625 0.7786458333333334 0.109375 0.7962239583333334 0.12734375 0.8020833333333334 0.1296875 0.8131510416666666 0.12890625 0.8385416666666666 0.11328125 0.8450520833333334 0.10546875 0.8424479166666666 0.09453125 0.830078125 0.07890625 0.80859375 0.06328125 0.7994791666666666 0.065625
0 0.4205729166666667 0.67265625 0.4205729166666667 0.6890625 0.42578125 0.70078125 0.435546875 0.7 0.4602864583333333 0.68671875 0.4635416666666667 0.68203125 0.4661458333333333 0.6578125 0.4635416666666667 0.63359375 0.4563802083333333 0.6296875 0.4420572916666667 0.63984375 0.423828125 0.66328125
0 0.39453125 0.54609375 0.3919270833333333 0.5546875 0.396484375 0.57421875 0.41015625 0.596875 0.427734375 0.6015625 0.4368489583333333 0.59765625 0.4453125 0.5890625 0.4485677083333333 0.57890625 0.4479166666666667 0.5640625 0.4342447916666667 0.53203125 0.4270833333333333 0.5265625 0.4205729166666667 0.52578125
0 0.2890625 0.69140625 0.29296875 0.72734375 0.2962239583333333 0.73046875 0.3098958333333333 0.72890625 0.34375 0.70625 0.3639322916666667 0.67265625 0.369140625 0.659375 0.36328125 0.62734375 0.357421875 0.621875 0.3509114583333333 0.621875 0.3157552083333333 0.64375
0 0.4791666666666667 0.78359375 0.4817708333333333 0.815625 0.486328125 0.82265625 0.509765625 0.825 0.5182291666666666 0.821875 0.5227864583333334 0.81640625 0.52734375 0.796875 0.5266927083333334 0.7875 0.5234375 0.78203125 0.5091145833333334 0.77578125 0.490234375 0.77421875 0.484375 0.77578125
0 0.4309895833333333 0.7703125 0.431640625 0.784375 0.4388020833333333 0.8 0.4505208333333333 0.81171875 0.4602864583333333 0.81171875 0.47265625 0.79453125 0.482421875 0.77421875 0.4908854166666667 0.73671875 0.4837239583333333 0.7265625 0.4713541666666667 0.725 0.4537760416666667 0.73984375
0 0.23502604166666666 0.7578125 0.23828125 0.77578125 0.24283854166666666 0.78515625 0.2513020833333333 0.79375 0.265625 0.79609375 0.2747395833333333 0.79296875 0.279296875 0.7875 0.2838541666666667 0.771875 0.2799479166666667 0.7546875 0.2727864583333333 0.73984375 0.26171875 0.73671875 0.24609375 0.740625
0 0.3235677083333333 0.8046875 0.3229166666666667 0.82109375 0.3170572916666667 0.834375 0.3196614583333333 0.84609375 0.34375 0.86328125 0.359375 0.86328125 0.3639322916666667 0.85859375 0.3763020833333333 0.82421875 0.3763020833333333 0.81015625 0.3587239583333333 0.7953125 0.34375 0.79140625 0.3313802083333333 0.79296875
0 0.5807291666666666 0.8671875 0.58203125 0.89609375 0.5944010416666666 0.9125 0.6022135416666666 0.915625 0.6165364583333334 0.915625 0.6354166666666666 0.91015625 0.638671875 0.8765625 0.6334635416666666 0.859375 0.6276041666666666 0.8515625 0.595703125 0.85078125 0.5891927083333334 0.8546875
0 0.4322916666666667 0.95546875 0.431640625 0.9640625 0.4388020833333333 0.98828125 0.470703125 0.9890625 0.4973958333333333 0.95546875 0.5 0.9453125 0.4986979166666667 0.93203125 0.48828125 0.9109375 0.4765625 0.91171875 0.4479166666666667 0.93046875
0 0.22591145833333334 0.06953125 0.22526041666666666 0.07734375 0.23893229166666666 0.08671875 0.2662760416666667 0.0921875 0.275390625 0.096875 0.2799479166666667 0.09453125 0.287109375 0.08046875 0.2916666666666667 0.053125 0.2734375 0.03203125 0.2643229166666667 0.028125 0.2532552083333333 0.02890625 0.23046875 0.04609375