1 0.043619791666666664 0.26171875 0.046223958333333336 0.28359375 0.05078125 0.29453125 0.09895833333333333 0.32109375 0.10677083333333333 0.31953125 0.11783854166666667 0.27734375 0.11588541666666667 0.26953125 0.07096354166666667 0.25234375
1 0.015625 0.4859375 0.014322916666666666 0.50078125 0.027994791666666668 0.5171875 0.046223958333333336 0.55703125 0.055338541666666664 0.5703125 0.059895833333333336 0.61015625 0.0625 0.61328125 0.107421875 0.609375 0.146484375 0.58984375 0.16796875 0.5625 0.18098958333333334 0.53203125 0.17643229166666666 0.50546875 0.169921875 0.4953125 0.14973958333333334 0.4734375 0.13736979166666666 0.46640625 0.10091145833333333 0.46484375 0.057291666666666664 0.44765625 0.041666666666666664 0.44453125 0.03125 0.45625
1 0.15234375 0.44609375 0.15104166666666666 0.45703125 0.15690104166666666 0.475 0.17122395833333334 0.49296875 0.189453125 0.509375 0.2081165364583333 0.50546875 0.23567708333333334 0.50625 0.2981770833333333 0.4890625 0.3118489583333333 0.4796875 0.314453125 0.47109375 0.3059895833333333 0.4109375 0.2923177083333333 0.38125 0.2864583333333333 0.359375 0.2669270833333333 0.3171875 0.2623697916666667 0.30078125 0.2584635416666667 0.29609375 0.2526041666666667 0.2953125 0.24609375 0.29921875 0.23372395833333334 0.31328125 0.21354166666666666 0.3296875 0.185546875 0.3625 0.17838541666666666 0.37734375 0.163845703125 0.42447890624999995 0.15690104166666666 0.43359375
1 0.2942708333333333 0.3484375 0.2942708333333333 0.378125 0.310546875 0.425 0.3209635416666667 0.43125 0.3359375 0.43046875 0.3430989583333333 0.41171875 0.3424479166666667 0.384375 0.3365885416666667 0.35859375 0.3294270833333333 0.3515625 0.3072916666666667 0.3390625 0.2994791666666667 0.340625
1 0.337890625 0.14765625 0.3372395833333333 0.1609375 0.3444010416666667 0.18125 0.3515625 0.190625 0.3658854166666667 0.20078125 0.380859375 0.20390625 0.4114583333333333 0.19921875 0.4264322916666667 0.1875 0.4270833333333333 0.16953125 0.4192708333333333 0.159375 0.4114583333333333 0.13671875 0.3938802083333333 0.1125 0.3841145833333333 0.109375 0.3782552083333333 0.11171875 0.34765625 0.1359375
1 0.49609375 0.13828125 0.49609375 0.146875 0.5026041666666666 0.15390625 0.5625 0.178125 0.57421875 0.1734375 0.58203125 0.15390625 0.5813802083333334 0.13203125 0.5709635416666666 0.10859375 0.5364583333333334 0.071875 0.5227864583333334 0.0671875 0.515625 0.0671875 0.51171875 0.07421875
1 0.6640625 0.19921875 0.662109375 0.22734375 0.6634114583333334 0.25078125 0.666015625 0.25546875 0.6907552083333334 0.26640625 0.7278645833333334 0.26796875 0.7473958333333334 0.2625 0.767578125 0.24609375 0.7740885416666666 0.22734375 0.7877604166666666 0.20859375 0.791015625 0.18828125 0.7805989583333334 0.16875 0.76953125 0.12109375 0.763671875 0.11484375 0.7486979166666666 0.11015625 0.6920572916666666 0.10859375 0.685546875 0.11328125 0.6751302083333334 0.13515625 0.6686197916666666 0.16171875
1 0.6907552083333334 0.41796875 0.689453125 0.42578125 0.69921875 0.51171875 0.7083333333333334 0.52265625 0.7317708333333334 0.53359375 0.740234375 0.53125 0.7630208333333334 0.51640625 0.7734375 0.503125 0.7864583333333334 0.49375 0.82421875 0.48359375 0.8326822916666666 0.46328125 0.8333333333333334 0.44453125 0.82421875 0.40390625 0.818359375 0.390625 0.8040364583333334 0.37265625 0.7786458333333334 0.37890625 0.7389322916666666 0.39765625 0.6959635416666666 0.41328125
1 0.75 0.71015625 0.748046875 0.72421875 0.7506510416666666 0.74296875 0.7545572916666666 0.7640625 0.76171875 0.784375 0.7708333333333334 0.803125 0.7747395833333334 0.81875 0.7936197916666666 0.83125 0.8326822916666666 0.83359375 0.845703125 0.82421875 0.86328125 0.81875 0.8723958333333334 0.80859375 0.890625 0.7984375 0.896484375 0.78984375 0.873046875 0.71640625 0.8209635416666666 0.6796875 0.806640625 0.675 0.7819010416666666 0.675 0.765625 0.68515625
1 0.8209635416666666 0.8453125 0.8203125 0.8640625 0.822265625 0.86953125 0.853515625 0.90078125 0.8587239583333334 0.90078125 0.8684895833333334 0.89453125 0.880859375 0.87890625 0.8795572916666666 0.86953125 0.8489583333333334 0.83515625 0.82421875 0.8359375
1 0.6419270833333334 0.65703125 0.640625 0.67265625 0.6432291666666666 0.6828125 0.6497395833333334 0.68984375 0.658203125 0.69296875 0.6673177083333334 0.68671875 0.693359375 0.6796875 0.7265625 0.66484375 0.734375 0.646875 0.7447916666666666 0.63203125 0.7467447916666666 0.61875 0.740234375 0.6125 0.7200520833333334 0.60234375 0.6712239583333334 0.5859375 0.666015625 0.60859375 0.6497395833333334 0.6359375
1 0.5520833333333334 0.70703125 0.5501302083333334 0.71953125 0.552734375 0.7234375 0.5696614583333334 0.72734375 0.5885416666666666 0.70390625 0.5911458333333334 0.69609375 0.58984375 0.6890625 0.5813802083333334 0.67734375 0.576171875 0.6765625 0.5611979166666666 0.68984375
1 0.453125 0.7921875 0.4596354166666667 0.83203125 0.4654947916666667 0.85234375 0.4713541666666667 0.865625 0.4837239583333333 0.88046875 0.5123697916666666 0.88359375 0.53125 0.8734375 0.5345052083333334 0.86328125 0.5345052083333334 0.83671875 0.5266927083333334 0.815625 0.51953125 0.80546875 0.5110677083333334 0.8 0.48828125 0.7984375 0.4596354166666667 0.7890625
1 0.24739583333333334 0.73203125 0.24739583333333334 0.74765625 0.2584635416666667 0.7796875 0.2649739583333333 0.78046875 0.2897135416666667 0.76875 0.3033854166666667 0.7609375 0.3385416666666667 0.725 0.3548177083333333 0.69921875 0.3528645833333333 0.68046875 0.341796875 0.6640625 0.3346354166666667 0.6625 0.2975260416666667 0.6703125 0.2786458333333333 0.690625 0.2571614583333333 0.7046875
1 0.505859375 0.45 0.5045572916666666 0.47421875 0.5091145833333334 0.50078125 0.5247395833333334 0.52578125 0.5364583333333334 0.5328125 0.546875 0.53125 0.5638020833333334 0.50625 0.5670572916666666 0.46015625 0.5462239583333334 0.4453125 0.5266927083333334 0.43984375 0.5149739583333334 0.44140625
1 0.376953125 0.615625 0.3795572916666667 0.6265625 0.3873697916666667 0.628125 0.5026041666666666 0.61953125 0.5052083333333334 0.6171875 0.5052083333333334 0.61171875 0.5006510416666666 0.5875 0.4934895833333333 0.57578125 0.474609375 0.56953125 0.4459635416666667 0.55234375 0.427734375 0.55078125 0.4173177083333333 0.553125 0.4075520833333333 0.5609375
1 0.431640625 0.3859375 0.431640625 0.39296875 0.4407552083333333 0.4 0.46875 0.4078125 0.4947916666666667 0.4203125 0.5052083333333334 0.4203125 0.5091145833333334 0.4171875 0.5182291666666666 0.396875 0.537109375 0.3234375 0.5006510416666666 0.2890625 0.4798177083333333 0.2859375 0.4674479166666667 0.3 0.458984375 0.32734375 0.44921875 0.33515625