0 0.24479166666666666 0.3515625 0.244140625 0.38046875 0.2571614583333333 0.409375 0.2643229166666667 0.41328125 0.2903645833333333 0.4125 0.2975260416666667 0.40703125 0.3046875 0.390625 0.3046875 0.37421875 0.296875 0.3421875 0.287109375 0.32890625 0.2805989583333333 0.325 0.2662760416666667 0.3265625 0.2513020833333333 0.33984375
0 0.267578125 0.2734375 0.265625 0.28046875 0.2688802083333333 0.2890625 0.2819010416666667 0.3140625 0.291015625 0.32578125 0.3098958333333333 0.32578125 0.3255208333333333 0.3140625 0.3255208333333333 0.2890625 0.310546875 0.259375 0.3014322916666667 0.25546875 0.2890625 0.25703125
0 0.447265625 0.38046875 0.4466145833333333 0.39609375 0.4505208333333333 0.4109375 0.458984375 0.425 0.4713541666666667 0.43359375 0.5052083333333334 0.43828125 0.5299479166666666 0.43203125 0.5358072916666666 0.42265625 0.5384114583333334 0.4078125 0.5377604166666666 0.34609375 0.533203125 0.33359375 0.517578125 0.3234375 0.5013020833333334 0.3234375 0.4798177083333333 0.33671875 0.4557291666666667 0.3625
0 0.5696614583333334 0.2578125 0.5690104166666666 0.2796875 0.5748697916666666 0.3140625 0.5748697916666666 0.3328125 0.580078125 0.34296875 0.5885416666666666 0.34921875 0.6028645833333334 0.34609375 0.6158854166666666 0.33515625 0.62109375 0.3171875 0.6328125 0.25703125 0.634765625 0.2234375 0.6315104166666666 0.20859375 0.6184895833333334 0.19296875 0.6100260416666666 0.18984375 0.6041666666666666 0.19140625 0.5755208333333334 0.2265625
0 0.5872395833333334 0.36171875 0.587890625 0.3765625 0.5989583333333334 0.42734375 0.6106770833333334 0.45859375 0.6178385416666666 0.4671875 0.626953125 0.46875 0.6555989583333334 0.44921875 0.6751302083333334 0.42265625 0.677734375 0.40625 0.6692708333333334 0.3875 0.6516927083333334 0.3671875 0.6412760416666666 0.36015625 0.6328125 0.3484375 0.6236979166666666 0.34765625 0.6061197916666666 0.35703125 0.591796875 0.3578125
0 0.6907552083333334 0.39609375 0.6901041666666666 0.41484375 0.6927083333333334 0.41953125 0.7018229166666666 0.42421875 0.7161458333333334 0.4203125 0.7421875 0.3828125 0.7428385416666666 0.36484375 0.7356770833333334 0.34453125 0.7272135416666666 0.3421875 0.7141927083333334 0.35
0 0.7135416666666666 0.47421875 0.7115885416666666 0.48125 0.712890625 0.49609375 0.7239583333333334 0.5203125 0.7337239583333334 0.52734375 0.7408854166666666 0.52890625 0.7454427083333334 0.5265625 0.7493489583333334 0.51875 0.7493489583333334 0.5109375 0.73828125 0.4625 0.7311197916666666 0.4546875 0.7259114583333334 0.453125 0.7200520833333334 0.45859375
0 0.681640625 0.53828125 0.6796875 0.55234375 0.68359375 0.5734375 0.7096354166666666 0.596875 0.7194010416666666 0.5984375 0.7272135416666666 0.59453125 0.7428385416666666 0.57265625 0.7428385416666666 0.5671875 0.7265625 0.528125 0.7115885416666666 0.503125 0.7044270833333334 0.50390625 0.685546875 0.52890625
0 0.8287760416666666 0.309375 0.830078125 0.3203125 0.8450520833333334 0.33828125 0.8723958333333334 0.353125 0.90625 0.36328125 0.9212239583333334 0.36171875 0.9329427083333334 0.35625 0.947265625 0.340625 0.9518229166666666 0.325 0.9518229166666666 0.30859375 0.947265625 0.29609375 0.8997395833333334 0.278125 0.8704427083333334 0.27109375 0.8619791666666666 0.27265625 0.8489583333333334 0.28203125 0.841796875 0.29609375 0.8359375 0.29921875
0 0.8639322916666666 0.51484375 0.8639322916666666 0.52578125 0.8723958333333334 0.54140625 0.8828125 0.54453125 0.8958333333333334 0.56484375 0.916015625 0.56796875 0.9283854166666666 0.5609375 0.935546875 0.54375 0.939453125 0.52734375 0.9401041666666666 0.509375 0.9212239583333334 0.46640625 0.9134114583333334 0.4640625 0.890625 0.47734375 0.8756510416666666 0.4921875
0 0.818359375 0.64296875 0.8170572916666666 0.65390625 0.8313802083333334 0.68125 0.8548177083333334 0.7 0.869140625 0.70625 0.8873697916666666 0.70703125 0.8938802083333334 0.70390625 0.904296875 0.6921875 0.89453125 0.6484375 0.8802083333333334 0.6328125 0.84765625 0.62109375 0.8268229166666666 0.6265625
0 0.7799479166666666 0.709375 0.7786458333333334 0.7203125 0.7897135416666666 0.7421875 0.8209635416666666 0.76171875 0.8307291666666666 0.7640625 0.833984375 0.7609375 0.8352864583333334 0.7484375 0.83203125 0.734375 0.8170572916666666 0.70546875 0.8020833333333334 0.69609375 0.794921875 0.6953125
0 0.7916666666666666 0.553125 0.7916666666666666 0.575 0.7962239583333334 0.59453125 0.8138020833333334 0.60234375 0.8235677083333334 0.60234375 0.83203125 0.56796875 0.83203125 0.55859375 0.828125 0.54765625 0.8216145833333334 0.54140625 0.8001302083333334 0.5421875 0.7936197916666666 0.546875
0 0.7200520833333334 0.66796875 0.7194010416666666 0.6765625 0.724609375 0.69140625 0.734375 0.7 0.755859375 0.696875 0.7623697916666666 0.690625 0.76171875 0.678125 0.7545572916666666 0.6609375 0.748046875 0.653125 0.734375 0.6515625
0 0.646484375 0.66484375 0.6490885416666666 0.6828125 0.6432291666666666 0.71640625 0.6458333333333334 0.7265625 0.650390625 0.73125 0.658203125 0.73203125 0.685546875 0.725 0.6940104166666666 0.70859375 0.6959635416666666 0.69921875 0.6920572916666666 0.684375 0.654296875 0.6546875
0 0.6666666666666666 0.82890625 0.6673177083333334 0.840625 0.6842447916666666 0.85546875 0.72265625 0.86875 0.7311197916666666 0.86796875 0.7421875 0.8609375 0.7493489583333334 0.8453125 0.74609375 0.81484375 0.748046875 0.80390625 0.7415364583333334 0.79296875 0.7272135416666666 0.78515625 0.7076822916666666 0.784375 0.693359375 0.7921875 0.6829427083333334 0.80234375 0.6731770833333334 0.8140625
0 0.44140625 0.8046875 0.4388020833333333 0.83125 0.466796875 0.8375 0.4908854166666667 0.83515625 0.5013020833333334 0.825 0.515625 0.796875 0.525390625 0.76875 0.525390625 0.753125 0.505859375 0.73359375 0.4915364583333333 0.7359375 0.482421875 0.74921875 0.47265625 0.7546875 0.4602864583333333 0.75546875 0.4576822916666667 0.75859375
0 0.3619791666666667 0.6453125 0.359375 0.66171875 0.369140625 0.6734375 0.3763020833333333 0.678125 0.3899739583333333 0.675 0.4010416666666667 0.665625 0.40625 0.65703125 0.4290364583333333 0.64296875 0.4303385416666667 0.61015625 0.4283854166666667 0.60625 0.4075520833333333 0.60625 0.3971354166666667 0.59765625 0.3912760416666667 0.59765625 0.37890625 0.6109375
0 0.2532552083333333 0.6265625 0.2571614583333333 0.665625 0.2526041666666667 0.6734375 0.2513020833333333 0.6859375 0.26171875 0.7203125 0.2682291666666667 0.7296875 0.2721354166666667 0.73046875 0.2962239583333333 0.72109375 0.3118489583333333 0.7046875 0.318359375 0.6921875 0.3111979166666667 0.64765625 0.30078125 0.60859375 0.29296875 0.59765625 0.28515625 0.5953125 0.2565104166666667 0.6203125
0 0.43359375 0.45390625 0.4322916666666667 0.46328125 0.4361979166666667 0.4796875 0.4518229166666667 0.4953125 0.458984375 0.48984375 0.474609375 0.4671875 0.4739583333333333 0.44296875 0.4615885416666667 0.43359375 0.44921875 0.4375
0 0.3098958333333333 0.46171875 0.3125 0.48046875 0.34375 0.5171875 0.3528645833333333 0.52109375 0.3600260416666667 0.51875 0.3645833333333333 0.51328125 0.3665364583333333 0.50859375 0.3665364583333333 0.48046875 0.3567708333333333 0.46875 0.3489583333333333 0.44296875 0.34375 0.434375 0.333984375 0.43125 0.3196614583333333 0.4390625
0 0.14453125 0.69765625 0.14322916666666666 0.70390625 0.14713541666666666 0.72578125 0.15625 0.74765625 0.16341145833333334 0.7546875 0.171875 0.75859375 0.1875 0.75859375 0.20638020833333334 0.74453125 0.20703125 0.7328125 0.21158854166666666 0.71953125 0.21158854166666666 0.70390625 0.19270833333333334 0.68203125 0.16666666666666666 0.68515625
0 0.2571614583333333 0.78125 0.2565104166666667 0.79453125 0.2591145833333333 0.8 0.296875 0.825 0.3046875 0.8265625 0.3118489583333333 0.8203125 0.3216145833333333 0.8015625 0.3255208333333333 0.7734375 0.3209635416666667 0.76015625 0.3138020833333333 0.7546875 0.2942708333333333 0.75 0.2688802083333333 0.7515625 0.2610677083333333 0.759375
0 0.10481770833333333 0.68203125 0.10481770833333333 0.70859375 0.11393229166666667 0.7140625 0.125 0.71328125 0.13411458333333334 0.68671875 0.13671875 0.66015625 0.130859375 0.65390625 0.11197916666666667 0.659375 0.107421875 0.665625
0 0.08138020833333333 0.73125 0.080078125 0.7453125 0.08333333333333333 0.75625 0.1015625 0.76953125 0.11783854166666667 0.77109375 0.12890625 0.753125 0.12955729166666666 0.74375 0.12369791666666667 0.721875 0.11848958333333333 0.71640625 0.1015625 0.71484375 0.08528645833333333 0.72421875
0 0.447265625 0.19140625 0.4485677083333333 0.21328125 0.4563802083333333 0.23125 0.4791666666666667 0.24296875 0.4928385416666667 0.24453125 0.5104166666666666 0.23671875 0.5149739583333334 0.23125 0.5221354166666666 0.21328125 0.5240885416666666 0.18125 0.5227864583333334 0.171875 0.51953125 0.16796875 0.490234375 0.16796875 0.4811197916666667 0.17265625 0.4700520833333333 0.16796875 0.462890625 0.16875 0.455078125 0.17421875
0 0.3821614583333333 0.1171875 0.3802083333333333 0.1265625 0.3815104166666667 0.146875 0.38671875 0.1609375 0.3932291666666667 0.16875 0.3977864583333333 0.17109375 0.4186197916666667 0.1703125 0.4348958333333333 0.1609375 0.435546875 0.15234375 0.4329427083333333 0.14453125 0.42578125 0.13359375 0.4088541666666667 0.11875 0.390625 0.10859375
0 0.5286458333333334 0.1703125 0.5279947916666666 0.2140625 0.54296875 0.228125 0.5611979166666666 0.22890625 0.5651041666666666 0.2265625 0.5703125 0.2078125 0.5813802083333334 0.18828125 0.583984375 0.17578125 0.58203125 0.1671875 0.5703125 0.16015625 0.5533854166666666 0.159375 0.544921875 0.16328125 0.5390625 0.1609375
0 0.5885416666666666 0.05234375 0.5826822916666666 0.0671875 0.5826822916666666 0.09609375 0.5852864583333334 0.103125 0.5944010416666666 0.1109375 0.6028645833333334 0.11171875 0.6263020833333334 0.10078125 0.6373697916666666 0.07734375 0.638671875 0.059375 0.62890625 0.05078125 0.611328125 0.04375 0.5970052083333334 0.04296875
0 0.6555989583333334 0.0953125 0.6549479166666666 0.11171875 0.66015625 0.1265625 0.6907552083333334 0.13125 0.7102864583333334 0.1296875 0.71875 0.125 0.7239583333333334 0.11640625 0.7259114583333334 0.07421875 0.7213541666666666 0.06875 0.703125 0.071875 0.669921875 0.07109375 0.66015625 0.0796875
0 0.8177083333333334 0.125 0.818359375 0.15390625 0.8274739583333334 0.17890625 0.8600260416666666 0.18203125 0.87890625 0.16484375 0.8763020833333334 0.121875 0.873046875 0.10546875 0.86328125 0.08125 0.8450520833333334 0.07890625 0.8248697916666666 0.0921875
0 0.162109375 0.83828125 0.162109375 0.8640625 0.15885416666666666 0.8765625 0.16015625 0.8859375 0.173828125 0.890625 0.19596354166666666 0.88125 0.20182291666666666 0.86015625 0.19661458333333334 0.8390625 0.1875 0.83125 0.17903645833333334 0.8296875 0.16731770833333334 0.83046875
0 0.248046875 0.465625 0.24934895833333334 0.4875 0.2545572916666667 0.49921875 0.2643229166666667 0.509375 0.2721354166666667 0.509375 0.2884114583333333 0.4875 0.2890625 0.47734375 0.2858072916666667 0.46328125 0.271484375 0.44765625 0.2630208333333333 0.446875 0.2578125 0.45 0.2506510416666667 0.45625
0 0.20182291666666666 0.46953125 0.20247395833333334 0.484375 0.212890625 0.49296875 0.22005208333333334 0.49453125 0.24544270833333334 0.484375 0.24739583333333334 0.46015625 0.24348958333333334 0.45546875 0.23502604166666666 0.453125 0.21940104166666666 0.45390625 0.20572916666666666 0.46171875
0 0.60546875 0.90078125 0.6080729166666666 0.9046875 0.609375 0.92734375 0.6009114583333334 0.95390625 0.6015625 0.9625 0.60546875 0.9703125 0.6197916666666666 0.971875 0.6328125 0.984375 0.64453125 0.98515625 0.6653645833333334 0.96796875 0.6653645833333334 0.9609375 0.6686197916666666 0.95625 0.669921875 0.925 0.6588541666666666 0.896875 0.6419270833333334 0.88359375 0.6328125 0.8828125 0.6178385416666666 0.88671875
0 0.4908854166666667 0.028125 0.4876302083333333 0.03203125 0.4876302083333333 0.03828125 0.4954427083333333 0.05859375 0.5091145833333334 0.075 0.5169270833333334 0.0796875 0.5234375 0.0796875 0.5266927083333334 0.07421875 0.529296875 0.05390625 0.5286458333333334 0.0390625 0.5240885416666666 0.02265625 0.5078125 0.01875