0 0.2513020833333333 0.17734375 0.2506510416666667 0.19609375 0.2545572916666667 0.20703125 0.2584635416666667 0.21015625 0.2897135416666667 0.215625 0.3053385416666667 0.2140625 0.314453125 0.209375 0.3209635416666667 0.19921875 0.322265625 0.175 0.3138020833333333 0.16015625 0.2604166666666667 0.1609375 0.25390625 0.165625
0 0.17447916666666666 0.0828125 0.17578125 0.1125 0.203125 0.14453125 0.21028645833333334 0.1453125 0.22330729166666666 0.140625 0.24283854166666666 0.115625 0.24348958333333334 0.08125 0.22395833333333334 0.0609375 0.21484375 0.0578125 0.18424479166666666 0.0609375 0.18098958333333334 0.06328125
0 0.404296875 0.09296875 0.4036458333333333 0.11953125 0.4140625 0.1546875 0.427734375 0.17890625 0.4375 0.18359375 0.451171875 0.16875 0.4602864583333333 0.15078125 0.4635416666666667 0.12734375 0.4713541666666667 0.1140625 0.4739583333333333 0.09140625 0.453125 0.0765625 0.4192708333333333 0.06796875 0.4088541666666667 0.07421875
0 0.5494791666666666 0.3453125 0.5501302083333334 0.3609375 0.5455729166666666 0.37578125 0.5462239583333334 0.3875 0.5494791666666666 0.39296875 0.5533854166666666 0.41328125 0.5677083333333334 0.42421875 0.5846354166666666 0.42890625 0.609375 0.42890625 0.6204427083333334 0.4171875 0.638671875 0.384375 0.6393229166666666 0.359375 0.6373697916666666 0.3546875 0.6087239583333334 0.3296875 0.5904947916666666 0.3296875 0.5826822916666666 0.32578125 0.55859375 0.3265625 0.5533854166666666 0.33203125
0 0.6901041666666666 0.24375 0.6888020833333334 0.27265625 0.6953125 0.3109375 0.7005208333333334 0.3203125 0.7395833333333334 0.321875 0.7708333333333334 0.3046875 0.7936197916666666 0.28984375 0.802734375 0.2703125 0.80078125 0.21640625 0.8033854166666666 0.18125 0.8014322916666666 0.175 0.7942708333333334 0.16640625 0.7877604166666666 0.165625 0.7428385416666666 0.18125 0.716796875 0.19453125 0.697265625 0.221875
0 0.7454427083333334 0.13125 0.74609375 0.146875 0.7610677083333334 0.1640625 0.7688802083333334 0.16875 0.7799479166666666 0.16484375 0.7962239583333334 0.14609375 0.796875 0.1328125 0.7936197916666666 0.11875 0.7799479166666666 0.09453125 0.7721354166666666 0.08828125 0.7649739583333334 0.0890625 0.76171875 0.09375 0.7486979166666666 0.11875
0 0.8059895833333334 0.15859375 0.8040364583333334 0.16875 0.8092447916666666 0.17578125 0.8235677083333334 0.1859375 0.8313802083333334 0.1875 0.841796875 0.18203125 0.85546875 0.16875 0.8567708333333334 0.15 0.8450520833333334 0.134375 0.8307291666666666 0.1328125 0.8209635416666666 0.13984375
0 0.5123697916666666 0.15078125 0.51171875 0.18515625 0.515625 0.19765625 0.5208333333333334 0.20078125 0.53125 0.20078125 0.55078125 0.18828125 0.5592447916666666 0.16484375 0.5579427083333334 0.153125 0.5540364583333334 0.146875 0.5416666666666666 0.14140625 0.5201822916666666 0.13984375 0.5143229166666666 0.14453125
0 0.7428385416666666 0.5484375 0.7415364583333334 0.55859375 0.74609375 0.5703125 0.7682291666666666 0.58203125 0.783203125 0.58671875 0.798828125 0.5875 0.8313802083333334 0.5796875 0.845703125 0.553125 0.857421875 0.503125 0.857421875 0.484375 0.8502604166666666 0.47421875 0.8430989583333334 0.4703125 0.8040364583333334 0.47734375 0.7936197916666666 0.48828125 0.7805989583333334 0.49453125 0.7740885416666666 0.50546875 0.7688802083333334 0.52734375 0.7506510416666666 0.5359375
0 0.8893229166666666 0.3703125 0.8912760416666666 0.3984375 0.8971354166666666 0.41171875 0.9147135416666666 0.425 0.927734375 0.42578125 0.9446614583333334 0.42109375 0.9576822916666666 0.3984375 0.9778645833333334 0.3796875 0.9798177083333334 0.36640625 0.9680989583333334 0.33828125 0.955078125 0.33203125 0.9407552083333334 0.334375 0.927734375 0.340625 0.8997395833333334 0.35859375
0 0.599609375 0.56015625 0.5989583333333334 0.58828125 0.615234375 0.6140625 0.6315104166666666 0.62109375 0.6608072916666666 0.6171875 0.6647135416666666 0.6140625 0.671875 0.59375 0.677734375 0.54296875 0.6692708333333334 0.5375 0.6197916666666666 0.52578125 0.6139322916666666 0.53046875 0.6041666666666666 0.54609375
0 0.455078125 0.58984375 0.4583333333333333 0.62890625 0.4713541666666667 0.6609375 0.4869791666666667 0.67109375 0.4954427083333333 0.67109375 0.51171875 0.6625 0.5149739583333334 0.65703125 0.517578125 0.6375 0.5279947916666666 0.6328125 0.533203125 0.61953125 0.5305989583333334 0.59453125 0.53515625 0.57421875 0.5319010416666666 0.5640625 0.5240885416666666 0.55703125 0.49609375 0.5546875 0.462890625 0.57421875
0 0.6243489583333334 0.65234375 0.6236979166666666 0.671875 0.6295572916666666 0.69375 0.6419270833333334 0.70390625 0.6569010416666666 0.70703125 0.6647135416666666 0.70390625 0.6731770833333334 0.68203125 0.6712239583333334 0.66875 0.6516927083333334 0.64453125 0.6373697916666666 0.63203125 0.6276041666666666 0.63671875
0 0.5970052083333334 0.73828125 0.59765625 0.76328125 0.6119791666666666 0.77578125 0.6223958333333334 0.7765625 0.6315104166666666 0.77109375 0.6412760416666666 0.77578125 0.650390625 0.76171875 0.6516927083333334 0.7546875 0.6451822916666666 0.73828125 0.6380208333333334 0.7296875 0.6204427083333334 0.71796875 0.6145833333333334 0.71640625 0.6100260416666666 0.71875
0 0.6438802083333334 0.790625 0.6432291666666666 0.79921875 0.6458333333333334 0.80546875 0.6627604166666666 0.82109375 0.6627604166666666 0.828125 0.6653645833333334 0.83125 0.677734375 0.82890625 0.6927083333333334 0.81875 0.697265625 0.8109375 0.6979166666666666 0.803125 0.6953125 0.77578125 0.6868489583333334 0.74140625 0.6751302083333334 0.7359375 0.6640625 0.7390625
0 0.5657552083333334 0.85234375 0.5638020833333334 0.8984375 0.5677083333333334 0.90859375 0.5983072916666666 0.9234375 0.60546875 0.9359375 0.6145833333333334 0.9421875 0.623046875 0.9421875 0.6373697916666666 0.93203125 0.640625 0.9234375 0.6419270833333334 0.90703125 0.6399739583333334 0.8953125 0.63671875 0.890625 0.5774739583333334 0.84765625 0.5677083333333334 0.846875
0 0.8014322916666666 0.6515625 0.8014322916666666 0.6765625 0.8040364583333334 0.68828125 0.8098958333333334 0.6921875 0.8229166666666666 0.6890625 0.833984375 0.67109375 0.837890625 0.64765625 0.8359375 0.64296875 0.8268229166666666 0.63515625 0.81640625 0.634375 0.806640625 0.640625
0 0.8561197916666666 0.70703125 0.8541666666666666 0.71796875 0.8606770833333334 0.74140625 0.873046875 0.75234375 0.8828125 0.753125 0.8893229166666666 0.740625 0.892578125 0.725 0.8919270833333334 0.71171875 0.8873697916666666 0.70234375 0.8802083333333334 0.69453125 0.875 0.69375 0.8626302083333334 0.7
0 0.373046875 0.85625 0.373046875 0.87734375 0.3763020833333333 0.8859375 0.400390625 0.9046875 0.4212239583333333 0.90546875 0.4427083333333333 0.90078125 0.447265625 0.8953125 0.4505208333333333 0.8828125 0.44921875 0.86875 0.4440104166666667 0.8578125 0.4296875 0.846875 0.40625 0.83671875 0.3997395833333333 0.83671875
0 0.3997395833333333 0.73046875 0.3990885416666667 0.7390625 0.404296875 0.75625 0.4095052083333333 0.76171875 0.4186197916666667 0.7625 0.4459635416666667 0.740625 0.4544270833333333 0.7265625 0.455078125 0.71640625 0.447265625 0.69765625 0.435546875 0.6953125 0.42578125 0.7
0 0.2916666666666667 0.78203125 0.2903645833333333 0.790625 0.3001302083333333 0.803125 0.3203125 0.809375 0.3268229166666667 0.80859375 0.33984375 0.7984375 0.345703125 0.78515625 0.3424479166666667 0.7734375 0.3352864583333333 0.7625 0.3313802083333333 0.759375 0.3177083333333333 0.7578125 0.3046875 0.76328125
0 0.2903645833333333 0.86640625 0.2890625 0.8765625 0.29296875 0.89453125 0.3033854166666667 0.91796875 0.3170572916666667 0.92421875 0.322265625 0.921875 0.33203125 0.89765625 0.3313802083333333 0.86796875 0.3203125 0.85859375 0.30078125 0.85234375 0.2942708333333333 0.8546875
0 0.09830729166666667 0.78359375 0.09505208333333333 0.7890625 0.09505208333333333 0.80703125 0.09895833333333333 0.81640625 0.11588541666666667 0.81875 0.12890625 0.81328125 0.154296875 0.79296875 0.15755208333333334 0.78671875 0.15885416666666666 0.77109375 0.154296875 0.759375 0.13932291666666666 0.75546875 0.11848958333333333 0.7609375
0 0.16471354166666666 0.88359375 0.1640625 0.896875 0.16796875 0.90859375 0.177734375 0.925 0.19401041666666666 0.93828125 0.20247395833333334 0.94140625 0.21549479166666666 0.93984375 0.22591145833333334 0.92890625 0.23177083333333334 0.91796875 0.232421875 0.9046875 0.22200520833333334 0.88203125 0.20377604166666666 0.86328125 0.18880208333333334 0.853125 0.181640625 0.85234375 0.17122395833333334 0.86328125
0 0.19596354166666666 0.78203125 0.19466145833333334 0.796875 0.19856770833333334 0.8171875 0.22916666666666666 0.815625 0.24869791666666666 0.80078125 0.2513020833333333 0.79140625 0.2604166666666667 0.7796875 0.2623697916666667 0.75859375 0.2532552083333333 0.7453125 0.24609375 0.740625 0.22330729166666666 0.7328125 0.21158854166666666 0.7328125 0.20247395833333334 0.7421875
0 0.15364583333333334 0.553125 0.15364583333333334 0.6015625 0.15690104166666666 0.60546875 0.171875 0.60546875 0.197265625 0.5984375 0.22200520833333334 0.5828125 0.23372395833333334 0.5859375 0.240234375 0.5921875 0.2532552083333333 0.5953125 0.2610677083333333 0.58828125 0.265625 0.57421875 0.2662760416666667 0.55234375 0.2630208333333333 0.53984375 0.23828125 0.5265625 0.22916666666666666 0.53046875 0.21875 0.54765625 0.21158854166666666 0.5421875 0.20768229166666666 0.534375 0.203125 0.53359375 0.17122395833333334 0.53984375 0.15885416666666666 0.5453125
0 0.15299479166666666 0.553125 0.15299479166666666 0.59921875 0.15755208333333334 0.60546875 0.17838541666666666 0.60390625 0.20442708333333334 0.5953125 0.220703125 0.58125 0.20638020833333334 0.53359375 0.16471354166666666 0.54296875 0.15625 0.54765625
0 0.041666666666666664 0.40703125 0.042317708333333336 0.44375 0.050130208333333336 0.45078125 0.06705729166666667 0.45234375 0.09049479166666667 0.4484375 0.10481770833333333 0.4390625 0.1015625 0.41171875 0.09830729166666667 0.403125 0.09049479166666667 0.39609375 0.046223958333333336 0.40234375
0 0.3619791666666667 0.428125 0.3658854166666667 0.44609375 0.3795572916666667 0.478125 0.3899739583333333 0.48984375 0.4016927083333333 0.4890625 0.4329427083333333 0.47421875 0.4388020833333333 0.46796875 0.4446614583333333 0.453125 0.44140625 0.43515625 0.4244791666666667 0.4125 0.4192708333333333 0.409375 0.3971354166666667 0.409375
0 0.3763020833333333 0.35390625 0.3763020833333333 0.37265625 0.3899739583333333 0.39375 0.4036458333333333 0.39765625 0.4147135416666667 0.3953125 0.4186197916666667 0.390625 0.423828125 0.3734375 0.4244791666666667 0.359375 0.4173177083333333 0.3484375 0.4049479166666667 0.3390625 0.3971354166666667 0.33828125 0.3873697916666667 0.3421875
0 0.423828125 0.27421875 0.419921875 0.2828125 0.4147135416666667 0.28671875 0.4147135416666667 0.29453125 0.4205729166666667 0.31015625 0.4309895833333333 0.32421875 0.4446614583333333 0.33515625 0.4498697916666667 0.33515625 0.4641927083333333 0.325 0.4694010416666667 0.31015625 0.4720052083333333 0.28984375 0.4674479166666667 0.2734375 0.4459635416666667 0.26328125 0.435546875 0.26171875
0 0.5865885416666666 0.17890625 0.5852864583333334 0.1921875 0.5983072916666666 0.20703125 0.6087239583333334 0.21015625 0.6145833333333334 0.2046875 0.6197916666666666 0.1921875 0.6223958333333334 0.16875 0.6100260416666666 0.146875 0.6015625 0.146875 0.5950520833333334 0.1515625
0 0.11393229166666667 0.315625 0.115234375 0.35390625 0.13606770833333334 0.3875 0.17252604166666666 0.40078125 0.18033854166666666 0.40078125 0.18619791666666666 0.396875 0.19466145833333334 0.3796875 0.19856770833333334 0.3484375 0.19205729166666666 0.3265625 0.185546875 0.31640625 0.14908854166666666 0.29609375 0.123046875 0.28671875 0.11653645833333333 0.3015625