0 0.421875 0.1359375 0.4212239583333333 0.1484375 0.4270833333333333 0.1921875 0.4361979166666667 0.20625 0.4544270833333333 0.21328125 0.4830729166666667 0.21796875 0.498046875 0.2125 0.5052083333333334 0.2046875 0.5143229166666666 0.184375 0.5169270833333334 0.16953125 0.5162760416666666 0.14296875 0.5084635416666666 0.1296875 0.4837239583333333 0.1140625 0.4759114583333333 0.1125 0.4381510416666667 0.12109375 0.4251302083333333 0.128125
0 0.22721354166666666 0.1859375 0.228515625 0.2109375 0.2578125 0.23671875 0.283203125 0.21875 0.298828125 0.1953125 0.2981770833333333 0.1890625 0.2916666666666667 0.178125 0.2584635416666667 0.14375 0.25 0.14609375 0.23893229166666666 0.159375
0 0.3365885416666667 0.2765625 0.3346354166666667 0.29140625 0.3411458333333333 0.3125 0.3483072916666667 0.321875 0.3606770833333333 0.3296875 0.390625 0.32421875 0.404296875 0.315625 0.4088541666666667 0.30859375 0.41015625 0.28984375 0.4075520833333333 0.26328125 0.4049479166666667 0.2546875 0.3951822916666667 0.2453125 0.3854166666666667 0.2453125 0.3483072916666667 0.25703125 0.3404947916666667 0.26484375
0 0.4375 0.41640625 0.4361979166666667 0.4265625 0.4407552083333333 0.446875 0.4485677083333333 0.4671875 0.4596354166666667 0.48359375 0.4713541666666667 0.4921875 0.4837239583333333 0.49375 0.50390625 0.47578125 0.505859375 0.46953125 0.5 0.45 0.515625 0.440625 0.5182291666666666 0.4359375 0.517578125 0.42578125 0.509765625 0.41171875 0.51171875 0.38671875 0.5052083333333334 0.37734375 0.47265625 0.37578125 0.4563802083333333 0.38984375
0 0.5944010416666666 0.27265625 0.5944010416666666 0.29375 0.5983072916666666 0.30625 0.6002604166666666 0.32734375 0.6087239583333334 0.33984375 0.6451822916666666 0.33359375 0.6614583333333334 0.32578125 0.6647135416666666 0.3203125 0.6686197916666666 0.30234375 0.6627604166666666 0.26875 0.6471354166666666 0.2546875 0.6204427083333334 0.25 0.6080729166666666 0.25078125 0.6009114583333334 0.2578125
0 0.5462239583333334 0.34921875 0.5462239583333334 0.37265625 0.5579427083333334 0.38046875 0.5625 0.38828125 0.5716145833333334 0.38671875 0.5872395833333334 0.378125 0.5846354166666666 0.3375 0.5813802083333334 0.31484375 0.578125 0.309375 0.568359375 0.3125 0.5611979166666666 0.32109375
0 0.8658854166666666 0.16015625 0.869140625 0.19375 0.873046875 0.20234375 0.8828125 0.2109375 0.9010416666666666 0.2140625 0.9270833333333334 0.19921875 0.9576822916666666 0.15078125 0.955078125 0.13671875 0.947265625 0.11953125 0.935546875 0.11171875 0.92578125 0.1109375 0.8997395833333334 0.1234375 0.8821614583333334 0.1375 0.8723958333333334 0.14765625
0 0.7337239583333334 0.28515625 0.7356770833333334 0.33125 0.75 0.359375 0.76171875 0.36640625 0.7805989583333334 0.359375 0.79296875 0.3453125 0.8138020833333334 0.28984375 0.8170572916666666 0.2515625 0.8151041666666666 0.24140625 0.8053385416666666 0.2234375 0.7897135416666666 0.209375 0.76171875 0.21015625 0.7506510416666666 0.22421875 0.740234375 0.25
0 0.7337239583333334 0.5015625 0.7337239583333334 0.51328125 0.740234375 0.53515625 0.7493489583333334 0.54609375 0.7578125 0.546875 0.7721354166666666 0.53671875 0.791015625 0.51484375 0.7994791666666666 0.4953125 0.798828125 0.478125 0.7897135416666666 0.465625 0.7760416666666666 0.4546875 0.7688802083333334 0.45390625 0.7578125 0.4578125 0.7434895833333334 0.47734375
0 0.7643229166666666 0.66015625 0.7643229166666666 0.68046875 0.7721354166666666 0.68671875 0.7825520833333334 0.70390625 0.7942708333333334 0.7109375 0.8118489583333334 0.728125 0.8203125 0.740625 0.8346354166666666 0.74453125 0.8483072916666666 0.7296875 0.8522135416666666 0.71796875 0.8561197916666666 0.675 0.849609375 0.6421875 0.8372395833333334 0.61953125 0.828125 0.615625 0.8216145833333334 0.61875 0.8001302083333334 0.61328125 0.7819010416666666 0.625 0.7721354166666666 0.6359375
0 0.6497395833333334 0.59921875 0.6477864583333334 0.61953125 0.6653645833333334 0.6671875 0.673828125 0.67265625 0.70703125 0.67109375 0.7102864583333334 0.665625 0.712890625 0.6328125 0.7102864583333334 0.6078125 0.703125 0.58515625 0.6920572916666666 0.5796875 0.6588541666666666 0.5796875 0.6529947916666666 0.584375
0 0.5970052083333334 0.56171875 0.5970052083333334 0.5765625 0.6022135416666666 0.59140625 0.607421875 0.5953125 0.62109375 0.59296875 0.6725260416666666 0.56328125 0.685546875 0.5484375 0.6875 0.5390625 0.6829427083333334 0.5171875 0.6796875 0.5109375 0.6647135416666666 0.5015625 0.6341145833333334 0.5109375 0.6126302083333334 0.5140625 0.6028645833333334 0.52578125 0.6015625 0.54453125
0 0.5872395833333334 0.4578125 0.5859375 0.478125 0.5911458333333334 0.4859375 0.623046875 0.49453125 0.6328125 0.48984375 0.6373697916666666 0.48125 0.6399739583333334 0.46640625 0.6295572916666666 0.4578125 0.625 0.4421875 0.6217447916666666 0.4390625 0.6022135416666666 0.43671875 0.58984375 0.44921875
0 0.3483072916666667 0.62265625 0.3463541666666667 0.63203125 0.3483072916666667 0.64296875 0.3626302083333333 0.6515625 0.3860677083333333 0.653125 0.4153645833333333 0.6359375 0.427734375 0.61640625 0.427734375 0.59921875 0.4231770833333333 0.5890625 0.4095052083333333 0.5765625 0.3899739583333333 0.5734375 0.3697916666666667 0.58671875
0 0.3619791666666667 0.51328125 0.3626302083333333 0.53515625 0.365234375 0.54296875 0.3697916666666667 0.5453125 0.40625 0.5359375 0.419921875 0.52265625 0.4212239583333333 0.5171875 0.4173177083333333 0.4984375 0.4075520833333333 0.48984375 0.3990885416666667 0.490625 0.3704427083333333 0.50234375
0 0.3098958333333333 0.58046875 0.3092447916666667 0.603125 0.3196614583333333 0.62734375 0.3274739583333333 0.62734375 0.3352864583333333 0.6171875 0.3444010416666667 0.59765625 0.345703125 0.584375 0.3313802083333333 0.5625 0.3203125 0.56484375 0.3118489583333333 0.57421875
0 0.23372395833333334 0.56015625 0.23307291666666666 0.56796875 0.24153645833333334 0.615625 0.248046875 0.6203125 0.2682291666666667 0.6203125 0.2903645833333333 0.6140625 0.294921875 0.609375 0.2975260416666667 0.59453125 0.2942708333333333 0.5765625 0.2747395833333333 0.54296875 0.263671875 0.53984375 0.24479166666666666 0.5421875
0 0.146484375 0.5578125 0.146484375 0.58046875 0.158203125 0.6015625 0.16927083333333334 0.60625 0.17903645833333334 0.60625 0.19270833333333334 0.59921875 0.19596354166666666 0.58828125 0.19661458333333334 0.56484375 0.19270833333333334 0.54296875 0.18684895833333334 0.53359375 0.17252604166666666 0.52890625 0.158203125 0.53125 0.154296875 0.534375
0 0.15364583333333334 0.76953125 0.154296875 0.7984375 0.166015625 0.8078125 0.18229166666666666 0.81171875 0.22786458333333334 0.76796875 0.23046875 0.74921875 0.2265625 0.7375 0.21744791666666666 0.7265625 0.20703125 0.72109375 0.19856770833333334 0.72109375 0.16796875 0.74453125 0.15755208333333334 0.7578125
0 0.3098958333333333 0.7890625 0.3092447916666667 0.8015625 0.3138020833333333 0.809375 0.3209635416666667 0.8125 0.3346354166666667 0.80859375 0.3391927083333333 0.80078125 0.3430989583333333 0.7796875 0.3450520833333333 0.75078125 0.3411458333333333 0.74375 0.33203125 0.7421875 0.322265625 0.7515625
0 0.439453125 0.66953125 0.44140625 0.690625 0.4557291666666667 0.7109375 0.47265625 0.72265625 0.4850260416666667 0.71875 0.490234375 0.7140625 0.4915364583333333 0.70625 0.4895833333333333 0.69921875 0.48046875 0.67734375 0.4720052083333333 0.6671875 0.451171875 0.65703125 0.4427083333333333 0.659375
0 0.470703125 0.56875 0.4720052083333333 0.58125 0.4856770833333333 0.58828125 0.494140625 0.58046875 0.5084635416666666 0.5734375 0.51171875 0.56640625 0.4967447916666667 0.53671875 0.4915364583333333 0.534375 0.4837239583333333 0.54296875
0 0.4993489583333333 0.77578125 0.498046875 0.7828125 0.505859375 0.80859375 0.51953125 0.8203125 0.529296875 0.8234375 0.5338541666666666 0.8171875 0.5377604166666666 0.8015625 0.537109375 0.78515625 0.5338541666666666 0.7765625 0.5266927083333334 0.77109375 0.5091145833333334 0.7703125 0.5026041666666666 0.77109375
0 0.3899739583333333 0.8828125 0.3893229166666667 0.890625 0.3938802083333333 0.91015625 0.4075520833333333 0.93125 0.4173177083333333 0.93671875 0.4368489583333333 0.93203125 0.4407552083333333 0.9234375 0.4407552083333333 0.90625 0.4140625 0.86015625 0.408203125 0.85859375
0 0.5970052083333334 0.83828125 0.5963541666666666 0.84140625 0.6067708333333334 0.8515625 0.6295572916666666 0.86328125 0.63671875 0.86328125 0.642578125 0.859375 0.6484375 0.84140625 0.6471354166666666 0.82421875 0.6438802083333334 0.8203125 0.6100260416666666 0.81328125 0.6048177083333334 0.8171875
0 0.6673177083333334 0.8421875 0.6666666666666666 0.859375 0.6692708333333334 0.87109375 0.6888020833333334 0.88671875 0.703125 0.88984375 0.7141927083333334 0.8875 0.732421875 0.865625 0.7369791666666666 0.85234375 0.734375 0.83515625 0.7259114583333334 0.82734375 0.716796875 0.825 0.6790364583333334 0.82578125 0.6692708333333334 0.834375
0 0.8333333333333334 0.8515625 0.8352864583333334 0.87421875 0.830078125 0.88359375 0.830078125 0.89140625 0.8372395833333334 0.91796875 0.8587239583333334 0.93828125 0.88671875 0.93828125 0.8912760416666666 0.9296875 0.8919270833333334 0.9109375 0.8763020833333334 0.85859375 0.869140625 0.85 0.8619791666666666 0.846875 0.8365885416666666 0.84609375
0 0.2552083333333333 0.3171875 0.2545572916666667 0.328125 0.259765625 0.3453125 0.275390625 0.35390625 0.3001302083333333 0.3453125 0.3059895833333333 0.32421875 0.3020833333333333 0.303125 0.2923177083333333 0.290625 0.28515625 0.28671875 0.2708333333333333 0.28828125
0 0.020833333333333332 0.20234375 0.020833333333333332 0.2265625 0.032552083333333336 0.2375 0.046875 0.23828125 0.07161458333333333 0.2328125 0.08268229166666667 0.228125 0.08463541666666667 0.2234375 0.07942708333333333 0.1953125 0.07421875 0.1890625 0.064453125 0.18515625 0.051432291666666664 0.18359375 0.029296875 0.18828125 0.025390625 0.190625
0 0.3723958333333333 0.1609375 0.373046875 0.1828125 0.3763020833333333 0.18984375 0.3854166666666667 0.19765625 0.3951822916666667 0.19765625 0.41015625 0.19140625 0.419921875 0.18203125 0.421875 0.175 0.421875 0.1609375 0.4166666666666667 0.13828125 0.4147135416666667 0.134375 0.4049479166666667 0.13046875 0.3971354166666667 0.13046875 0.3854166666666667 0.13828125 0.3763020833333333 0.15
0 0.4290364583333333 0.071875 0.4290364583333333 0.0921875 0.435546875 0.115625 0.4524739583333333 0.11796875 0.4680989583333333 0.11171875 0.4791666666666667 0.07421875 0.4674479166666667 0.059375 0.4576822916666667 0.05234375 0.4466145833333333 0.053125 0.435546875 0.05703125
0 0.5384114583333334 0.94375 0.5397135416666666 0.96875 0.5436197916666666 0.978125 0.560546875 0.98515625 0.5748697916666666 0.9859375 0.5911458333333334 0.94375 0.5950520833333334 0.92421875 0.5813802083333334 0.91015625 0.5651041666666666 0.909375 0.5546875 0.91640625 0.5423177083333334 0.93203125