1 0.11588541666666667 0.27578125 0.11653645833333333 0.28984375 0.15104166666666666 0.3140625 0.173828125 0.30078125 0.19401041666666666 0.27890625 0.181640625 0.2484375 0.17317708333333334 0.24453125 0.1640625 0.24453125 0.14778645833333334 0.2515625 0.13151041666666666 0.2515625 0.123046875 0.26015625
1 0.4381510416666667 0.359375 0.4401041666666667 0.37890625 0.4563802083333333 0.41328125 0.4720052083333333 0.4390625 0.4830729166666667 0.44765625 0.5071614583333334 0.4375 0.5247395833333334 0.415625 0.5455729166666666 0.40078125 0.5514322916666666 0.39296875 0.5553385416666666 0.3796875 0.5533854166666666 0.365625 0.548828125 0.35546875 0.5182291666666666 0.3390625 0.5130208333333334 0.328125 0.4928385416666667 0.31640625 0.4811197916666667 0.3171875 0.4739583333333333 0.32109375
1 0.1015625 0.56875 0.10026041666666667 0.590625 0.10221354166666667 0.59609375 0.13020833333333334 0.63125 0.140625 0.63359375 0.14778645833333334 0.6296875 0.16341145833333334 0.61796875 0.171875 0.60546875 0.16861979166666666 0.571875 0.16341145833333334 0.56328125 0.15169270833333334 0.55546875 0.10546875 0.546875
1 0.3170572916666667 0.521875 0.310546875 0.54921875 0.3125 0.55546875 0.345703125 0.5671875 0.3665364583333333 0.5640625 0.369140625 0.5609375 0.3697916666666667 0.5421875 0.3626302083333333 0.51953125 0.35546875 0.50703125 0.3450520833333333 0.50546875
1 0.306640625 0.64765625 0.3046875 0.6546875 0.306640625 0.6625 0.33203125 0.671875 0.3489583333333333 0.64375 0.349609375 0.63515625 0.3385416666666667 0.6234375 0.3209635416666667 0.61875 0.3138020833333333 0.62578125
1 0.40625 0.54921875 0.4055989583333333 0.55703125 0.41015625 0.5703125 0.4361979166666667 0.5859375 0.44140625 0.58046875 0.4557291666666667 0.5515625 0.45703125 0.53984375 0.44921875 0.52578125 0.4420572916666667 0.51953125 0.4368489583333333 0.51875
1 0.4876302083333333 0.55703125 0.4869791666666667 0.5671875 0.4921875 0.57578125 0.5123697916666666 0.575 0.5182291666666666 0.57109375 0.5377604166666666 0.584375 0.5436197916666666 0.58359375 0.5462239583333334 0.5796875 0.5481770833333334 0.5625 0.544921875 0.54765625 0.5403645833333334 0.5390625 0.5319010416666666 0.53359375 0.5188802083333334 0.53203125 0.5104166666666666 0.53515625 0.4947916666666667 0.5453125
1 0.5748697916666666 0.7078125 0.57421875 0.728125 0.5787760416666666 0.73828125 0.5904947916666666 0.74609375 0.611328125 0.74296875 0.6184895833333334 0.72734375 0.619140625 0.66484375 0.60546875 0.6546875 0.5924479166666666 0.65703125 0.580078125 0.67890625
1 0.8841145833333334 0.56328125 0.8899739583333334 0.603125 0.8990885416666666 0.63671875 0.904296875 0.64375 0.9192708333333334 0.64375 0.9264322916666666 0.6375 0.9322916666666666 0.63671875 0.9524739583333334 0.61875 0.9583333333333334 0.60859375 0.9602864583333334 0.5953125 0.95703125 0.5890625 0.9368489583333334 0.575 0.9251302083333334 0.56015625 0.9127604166666666 0.55703125 0.8893229166666666 0.56015625
1 0.72265625 0.60582890625 0.7233072916666666 0.64801640625 0.7408854166666666 0.65973515625 0.7513020833333334 0.66207890625 0.7819010416666666 0.65973515625 0.7897135416666666 0.65582890625 0.8014322916666666 0.64176640625 0.81640625 0.60426640625 0.8203125 0.57145390625 0.8072916666666666 0.48395390625 0.80078125 0.46520390625 0.7897135416666666 0.44801640625 0.7858072916666666 0.44645390625000003 0.7688802083333334 0.45348515625 0.7526041666666666 0.47145390625 0.7376302083333334 0.53551640625 0.728515625 0.58786015625
1 0.5989583333333334 0.56015625 0.59765625 0.57421875 0.6028645833333334 0.5921875 0.5983072916666666 0.6046875 0.5859375 0.61875 0.5846354166666666 0.625 0.6022135416666666 0.640625 0.6328125 0.65078125 0.650390625 0.609375 0.6595052083333334 0.578125 0.6536458333333334 0.54609375 0.650390625 0.53984375 0.64453125 0.53671875 0.6139322916666666 0.53671875 0.60546875 0.54296875
1 0.8229166666666666 0.8453125 0.8235677083333334 0.86875 0.8567708333333334 0.928125 0.8802083333333334 0.94609375 0.8932291666666666 0.9453125 0.8951822916666666 0.9421875 0.89453125 0.89765625 0.9010416666666666 0.8796875 0.9049479166666666 0.83671875 0.904296875 0.815625 0.9016927083333334 0.8078125 0.89453125 0.8 0.8645833333333334 0.78046875 0.837890625 0.77578125 0.8333333333333334 0.7796875 0.830078125 0.78828125
1 0.5520833333333334 0.7671875 0.5559895833333334 0.82109375 0.5611979166666666 0.83828125 0.5670572916666666 0.875 0.5846354166666666 0.89609375 0.6087239583333334 0.9125 0.6256510416666666 0.934375 0.630859375 0.93671875 0.6438802083333334 0.934375 0.6575520833333334 0.89765625 0.6712239583333334 0.840625 0.6692708333333334 0.82421875 0.630859375 0.78828125 0.6243489583333334 0.78515625 0.5904947916666666 0.78125 0.5611979166666666 0.76484375 0.5533854166666666 0.76484375
1 0.40234375 0.75 0.4016927083333333 0.7609375 0.421875 0.78046875 0.4485677083333333 0.796875 0.4635416666666667 0.8140625 0.46875 0.8125 0.48046875 0.78203125 0.48046875 0.771875 0.4739583333333333 0.76171875 0.46484375 0.75625 0.42578125 0.753125 0.4075520833333333 0.74296875
1 0.2877604166666667 0.86953125 0.2897135416666667 0.896875 0.287109375 0.909375 0.2903645833333333 0.915625 0.2975260416666667 0.91875 0.3092447916666667 0.91796875 0.3268229166666667 0.90703125 0.3313802083333333 0.89375 0.330078125 0.884375 0.306640625 0.86484375 0.2936197916666667 0.8640625
0 0.2884114583333333 0.1484375 0.2884114583333333 0.17421875 0.29296875 0.18984375 0.3014322916666667 0.19765625 0.3151041666666667 0.20078125 0.3229166666666667 0.2 0.3307291666666667 0.1921875 0.345703125 0.1703125 0.3502604166666667 0.1546875 0.3489583333333333 0.1359375 0.3294270833333333 0.121875 0.3216145833333333 0.1203125 0.2981770833333333 0.125 0.29296875 0.13203125
0 0.5384114583333334 0.09140625 0.53515625 0.11171875 0.5364583333333334 0.13203125 0.548828125 0.14609375 0.5755208333333334 0.14609375 0.5891927083333334 0.1296875 0.6067708333333334 0.1234375 0.6223958333333334 0.1046875 0.63671875 0.078125 0.6360677083333334 0.059375 0.623046875 0.03359375 0.6165364583333334 0.03046875 0.6028645833333334 0.01484375 0.58984375 0.0125 0.568359375 0.02734375 0.5481770833333334 0.04921875 0.5442708333333334 0.0578125 0.54296875 0.075
0 0.70703125 0.14140625 0.7057291666666666 0.15390625 0.734375 0.18046875 0.7760416666666666 0.1796875 0.7890625 0.17265625 0.7936197916666666 0.16484375 0.7942708333333334 0.1484375 0.7838541666666666 0.12578125 0.771484375 0.115625 0.75 0.10703125 0.7298177083333334 0.11015625 0.7174479166666666 0.12265625