1 0.23893229166666666 0.15078125 0.23567708333333334 0.18203125 0.24479166666666666 0.196875 0.2584635416666667 0.2109375 0.2760416666666667 0.21015625 0.29296875 0.19921875 0.298828125 0.19140625 0.2981770833333333 0.17421875 0.28515625 0.1296875 0.2805989583333333 0.11953125 0.2688802083333333 0.10546875 0.2623697916666667 0.1046875 0.2578125 0.109375
1 0.22265625 0.28984375 0.22200520833333334 0.2953125 0.228515625 0.3078125 0.22721354166666666 0.328125 0.22916666666666666 0.340625 0.25 0.39453125 0.2565104166666667 0.39921875 0.2688802083333333 0.39765625 0.2786458333333333 0.365625 0.2936197916666667 0.29921875 0.2994791666666667 0.25546875 0.2760416666666667 0.24453125 0.24739583333333334 0.24765625 0.24348958333333334 0.25078125
1 0.3470052083333333 0.31640625 0.3509114583333333 0.40234375 0.35546875 0.41328125 0.3776041666666667 0.42734375 0.3854166666666667 0.44453125 0.388671875 0.459375 0.3977864583333333 0.46640625 0.4186197916666667 0.471875 0.443359375 0.47109375 0.4544270833333333 0.4671875 0.4615885416666667 0.40546875 0.4602864583333333 0.3828125 0.45703125 0.37578125 0.4440104166666667 0.3625 0.431640625 0.325 0.4192708333333333 0.30078125 0.4095052083333333 0.2921875 0.3938802083333333 0.29765625 0.3600260416666667 0.3 0.3502604166666667 0.30625
1 0.5084635416666666 0.296875 0.5078125 0.30390625 0.5123697916666666 0.31328125 0.5423177083333334 0.33828125 0.5533854166666666 0.334375 0.5924479166666666 0.296875 0.595703125 0.2859375 0.60546875 0.271875 0.6282552083333334 0.19609375 0.6236979166666666 0.15859375 0.6204427083333334 0.15234375 0.609375 0.14765625 0.6041666666666666 0.14921875 0.5592447916666666 0.18203125 0.5299479166666666 0.2421875
1 0.6204427083333334 0.1171875 0.6197916666666666 0.1234375 0.6321614583333334 0.14609375 0.642578125 0.1546875 0.6477864583333334 0.15390625 0.6634114583333334 0.1390625 0.681640625 0.115625 0.6829427083333334 0.103125 0.6790364583333334 0.0859375 0.673828125 0.08125 0.6614583333333334 0.08046875 0.646484375 0.09140625
1 0.7122395833333334 0.1671875 0.7109375 0.1765625 0.7239583333333334 0.209375 0.7272135416666666 0.21171875 0.7682291666666666 0.19296875 0.7825520833333334 0.1796875 0.7884114583333334 0.16875 0.7825520833333334 0.16015625 0.7604166666666666 0.15859375 0.7545572916666666 0.15390625 0.7428385416666666 0.15546875 0.736328125 0.153125 0.7233072916666666 0.15546875
1 0.6822916666666666 0.51640625 0.681640625 0.5234375 0.6848958333333334 0.5328125 0.7233072916666666 0.60234375 0.7421875 0.6046875 0.791015625 0.6015625 0.8033854166666666 0.6 0.806640625 0.59609375 0.80859375 0.571875 0.8040364583333334 0.54921875 0.7825520833333334 0.50625 0.7721354166666666 0.49140625 0.7610677083333334 0.48125 0.73046875 0.46640625 0.6901041666666666 0.5046875
1 0.77734375 0.71171875 0.7779947916666666 0.73515625 0.783203125 0.75390625 0.7864583333333334 0.7828125 0.7923177083333334 0.79765625 0.802734375 0.803125 0.8098958333333334 0.8109375 0.8170572916666666 0.84296875 0.8235677083333334 0.8484375 0.8287760416666666 0.8484375 0.8470052083333334 0.8390625 0.8548177083333334 0.82421875 0.8515625 0.79609375 0.8528645833333334 0.7671875 0.841796875 0.71953125 0.822265625 0.68984375 0.8125 0.68203125 0.798828125 0.68515625 0.7805989583333334 0.703125
1 0.4869791666666667 0.8578125 0.4850260416666667 0.86640625 0.490234375 0.87578125 0.5462239583333334 0.95234375 0.5657552083333334 0.96953125 0.5859375 0.98203125 0.5924479166666666 0.9828125 0.6009114583333334 0.9765625 0.609375 0.96328125 0.609375 0.9578125 0.5930989583333334 0.92109375 0.5423177083333334 0.83359375 0.5364583333333334 0.83046875 0.529296875 0.83203125
1 0.3235677083333333 0.7875 0.32421875 0.821875 0.3313802083333333 0.86015625 0.3548177083333333 0.87265625 0.3658854166666667 0.8734375 0.37890625 0.86875 0.3834635416666667 0.859375 0.3958333333333333 0.7921875 0.3984375 0.7515625 0.3971354166666667 0.73671875 0.390625 0.73515625 0.3483072916666667 0.75859375 0.3346354166666667 0.77109375
1 0.20833333333333334 0.7703125 0.20833333333333334 0.840625 0.23307291666666666 0.85 0.2552083333333333 0.85078125 0.2727864583333333 0.815625 0.2805989583333333 0.7875 0.2805989583333333 0.78203125 0.2708333333333333 0.7578125 0.2623697916666667 0.75078125 0.24348958333333334 0.75234375 0.23763020833333334 0.746875 0.22981770833333334 0.74609375 0.21809895833333334 0.7515625 0.21028645833333334 0.76171875
1 0.15625 0.60234375 0.15625 0.6125 0.17122395833333334 0.65234375 0.20182291666666666 0.68828125 0.21614583333333334 0.70078125 0.23177083333333334 0.7109375 0.24739583333333334 0.715625 0.296875 0.71328125 0.30078125 0.70703125 0.310546875 0.67578125 0.3138020833333333 0.6515625 0.3118489583333333 0.6390625 0.3072916666666667 0.62890625 0.248046875 0.56015625 0.23502604166666666 0.55546875 0.21549479166666666 0.55703125 0.20572916666666666 0.57109375 0.16731770833333334 0.590625
1 0.51171875 0.63203125 0.509765625 0.640625 0.5169270833333334 0.65703125 0.5364583333333334 0.67890625 0.5436197916666666 0.6828125 0.552734375 0.68203125 0.5670572916666666 0.65546875 0.5670572916666666 0.646875 0.5592447916666666 0.63359375 0.544921875 0.615625 0.5319010416666666 0.6046875 0.5234375 0.60703125
1 0.4348958333333333 0.7453125 0.4342447916666667 0.759375 0.4388020833333333 0.765625 0.470703125 0.78125 0.4837239583333333 0.7828125 0.4908854166666667 0.778125 0.49609375 0.76953125 0.5052083333333334 0.7234375 0.4791666666666667 0.70078125 0.4596354166666667 0.69765625
1 0.4173177083333333 0.5390625 0.416015625 0.55234375 0.4108072916666667 0.5640625 0.4108072916666667 0.57578125 0.4134114583333333 0.58359375 0.421875 0.5921875 0.4524739583333333 0.60078125 0.5013020833333334 0.59296875 0.505859375 0.58671875 0.515625 0.55390625 0.515625 0.5125 0.5110677083333334 0.48828125 0.498046875 0.4671875 0.4850260416666667 0.46171875 0.4700520833333333 0.4625 0.4602864583333333 0.471875 0.45703125 0.48359375 0.4479166666666667 0.4984375 0.4283854166666667 0.515625