0 0.13802083333333334 0.11875 0.13541666666666666 0.13515625 0.12890625 0.153125 0.12955729166666666 0.16796875 0.1484375 0.18671875 0.16471354166666666 0.18828125 0.17122395833333334 0.1859375 0.17708333333333334 0.1796875 0.18424479166666666 0.1609375 0.185546875 0.11953125 0.171875 0.11484375 0.15559895833333334 0.10390625 0.14388020833333334 0.1078125
0 0.2766927083333333 0.12265625 0.2760416666666667 0.1375 0.2786458333333333 0.14765625 0.287109375 0.15390625 0.296875 0.1546875 0.3359375 0.13515625 0.3424479166666667 0.1296875 0.3509114583333333 0.11015625 0.3470052083333333 0.08203125 0.3391927083333333 0.07265625 0.3333333333333333 0.07265625 0.2903645833333333 0.09140625 0.287109375 0.09453125
0 0.09505208333333333 0.06328125 0.09505208333333333 0.07734375 0.10416666666666667 0.090625 0.12239583333333333 0.10390625 0.13932291666666666 0.109375 0.16080729166666666 0.09453125 0.16796875 0.09296875 0.17578125 0.08515625 0.17903645833333334 0.07734375 0.17578125 0.03984375 0.17057291666666666 0.03125 0.158203125 0.02265625 0.14192708333333334 0.02265625 0.11197916666666667 0.03046875 0.1015625 0.0421875
0 0.22005208333333334 0.19375 0.22005208333333334 0.20078125 0.2265625 0.2171875 0.232421875 0.22421875 0.24283854166666666 0.2265625 0.25 0.234375 0.2669270833333333 0.2203125 0.265625 0.20625 0.259765625 0.19921875 0.2591145833333333 0.1921875 0.2513020833333333 0.18515625 0.22526041666666666 0.18828125
0 0.404296875 0.109375 0.4036458333333333 0.1234375 0.4075520833333333 0.13515625 0.4173177083333333 0.14375 0.4225260416666667 0.1390625 0.43359375 0.13671875 0.4466145833333333 0.1234375 0.4479166666666667 0.11640625 0.4459635416666667 0.0875 0.4427083333333333 0.07734375 0.439453125 0.0734375 0.4348958333333333 0.0734375 0.4205729166666667 0.08359375
0 0.306640625 0.24140625 0.3059895833333333 0.25078125 0.30078125 0.2609375 0.3040364583333333 0.2828125 0.314453125 0.29453125 0.3307291666666667 0.30390625 0.34375 0.30390625 0.3522135416666667 0.2921875 0.3561197916666667 0.275 0.3626302083333333 0.26171875 0.3600260416666667 0.2515625 0.3561197916666667 0.246875 0.341796875 0.240625 0.3098958333333333 0.2375
0 0.4622395833333333 0.21328125 0.4622395833333333 0.2359375 0.466796875 0.25703125 0.4889322916666667 0.2609375 0.5071614583333334 0.2515625 0.5104166666666666 0.23984375 0.5084635416666666 0.21875 0.4739583333333333 0.20703125 0.4661458333333333 0.20703125
0 0.4147135416666667 0.20625 0.4140625 0.2140625 0.4205729166666667 0.234375 0.435546875 0.2484375 0.4453125 0.25078125 0.453125 0.240625 0.4537760416666667 0.2328125 0.4713541666666667 0.18515625 0.4713541666666667 0.16640625 0.4622395833333333 0.159375 0.4518229166666667 0.1609375 0.4427083333333333 0.16875
0 0.5299479166666666 0.05078125 0.5299479166666666 0.0734375 0.5462239583333334 0.09921875 0.5703125 0.11796875 0.6022135416666666 0.1546875 0.6139322916666666 0.159375 0.6243489583333334 0.15546875 0.6438802083333334 0.1109375 0.6458333333333334 0.09375 0.6432291666666666 0.08828125 0.625 0.07109375 0.6184895833333334 0.06015625 0.578125 0.02890625 0.5501302083333334 0.02109375 0.544921875 0.0234375 0.5442708333333334 0.03203125 0.53515625 0.03984375
0 0.693359375 0.18203125 0.6927083333333334 0.196875 0.6979166666666666 0.21875 0.7037760416666666 0.2234375 0.7141927083333334 0.22578125 0.7265625 0.22421875 0.7376302083333334 0.2171875 0.7610677083333334 0.18828125 0.7623697916666666 0.1765625 0.7545572916666666 0.16875 0.7233072916666666 0.15859375 0.703125 0.1640625 0.6959635416666666 0.17109375
0 0.7975260416666666 0.25078125 0.7975260416666666 0.265625 0.802734375 0.2796875 0.810546875 0.28671875 0.8229166666666666 0.2890625 0.8372395833333334 0.2859375 0.8580729166666666 0.275 0.8697916666666666 0.25703125 0.8704427083333334 0.2421875 0.86328125 0.2296875 0.8450520833333334 0.22578125 0.833984375 0.2171875 0.828125 0.21640625 0.8131510416666666 0.22578125
0 0.7265625 0.3625 0.7220052083333334 0.37265625 0.72265625 0.38046875 0.7467447916666666 0.403125 0.7467447916666666 0.41171875 0.7532552083333334 0.41796875 0.8059895833333334 0.42421875 0.8138020833333334 0.421875 0.8346354166666666 0.3921875 0.8483072916666666 0.359375 0.8489583333333334 0.35234375 0.8294270833333334 0.3453125 0.7858072916666666 0.34453125 0.771484375 0.3375 0.748046875 0.33359375 0.7408854166666666 0.33671875
0 0.6009114583333334 0.409375 0.6015625 0.42109375 0.6223958333333334 0.4359375 0.6471354166666666 0.434375 0.6516927083333334 0.42890625 0.669921875 0.38359375 0.6764322916666666 0.3625 0.6764322916666666 0.34765625 0.66796875 0.33984375 0.6458333333333334 0.3359375 0.6243489583333334 0.34375 0.6145833333333334 0.3609375 0.611328125 0.38203125
0 0.5611979166666666 0.309375 0.5598958333333334 0.328125 0.564453125 0.3359375 0.5696614583333334 0.3390625 0.607421875 0.3515625 0.615234375 0.34921875 0.6217447916666666 0.33828125 0.6204427083333334 0.315625 0.611328125 0.28828125 0.6061197916666666 0.28046875 0.59765625 0.27578125 0.5833333333333334 0.2765625 0.5768229166666666 0.28046875 0.5703125 0.2875
0 0.4205729166666667 0.38359375 0.41796875 0.38984375 0.419921875 0.43203125 0.4270833333333333 0.440625 0.4401041666666667 0.440625 0.4446614583333333 0.4390625 0.4537760416666667 0.425 0.466796875 0.41171875 0.4700520833333333 0.39921875 0.478515625 0.38984375 0.4817708333333333 0.3796875 0.4772135416666667 0.359375 0.47265625 0.35390625 0.4661458333333333 0.353125 0.4322916666666667 0.36953125
0 0.4700520833333333 0.403125 0.46875 0.41484375 0.470703125 0.4234375 0.48828125 0.45234375 0.4947916666666667 0.453125 0.509765625 0.4421875 0.5143229166666666 0.428125 0.5110677083333334 0.41171875 0.5032552083333334 0.396875 0.4752604166666667 0.396875
0 0.5078125 0.46640625 0.509765625 0.48515625 0.5084635416666666 0.5046875 0.5286458333333334 0.52421875 0.5397135416666666 0.52109375 0.5579427083333334 0.5046875 0.564453125 0.49140625 0.5690104166666666 0.4703125 0.5651041666666666 0.44609375 0.5598958333333334 0.43828125 0.552734375 0.4359375 0.5358072916666666 0.43828125 0.5240885416666666 0.4453125 0.5143229166666666 0.4546875
0 0.5559895833333334 0.57578125 0.55078125 0.60703125 0.55078125 0.615625 0.5540364583333334 0.61953125 0.5983072916666666 0.63046875 0.6067708333333334 0.6265625 0.6184895833333334 0.615625 0.623046875 0.584375 0.623046875 0.5703125 0.6204427083333334 0.56640625 0.6028645833333334 0.5625 0.5677083333333334 0.5609375 0.5598958333333334 0.5671875
0 0.712890625 0.52890625 0.712890625 0.54609375 0.7233072916666666 0.57109375 0.7330729166666666 0.58203125 0.75 0.58515625 0.7688802083333334 0.5734375 0.7845052083333334 0.559375 0.7897135416666666 0.54921875 0.7936197916666666 0.52421875 0.7897135416666666 0.50859375 0.783203125 0.4984375 0.76953125 0.48828125 0.7610677083333334 0.48828125 0.732421875 0.50390625 0.7239583333333334 0.51171875
0 0.3255208333333333 0.6125 0.32421875 0.6421875 0.330078125 0.66640625 0.34375 0.66796875 0.361328125 0.6625 0.3763020833333333 0.6484375 0.4069010416666667 0.63515625 0.4212239583333333 0.61796875 0.4225260416666667 0.5984375 0.4153645833333333 0.58125 0.3958333333333333 0.55 0.3899739583333333 0.54609375 0.3828125 0.54609375 0.3658854166666667 0.55625 0.3352864583333333 0.5828125 0.328125 0.59296875
0 0.224609375 0.42734375 0.22200520833333334 0.45 0.208984375 0.4921875 0.20963541666666666 0.49921875 0.212890625 0.50078125 0.22786458333333334 0.50078125 0.23958333333333334 0.4953125 0.24739583333333334 0.48046875 0.2513020833333333 0.4640625 0.248046875 0.44609375 0.23307291666666666 0.428125 0.22786458333333334 0.425
1 0.5970052083333334 0.7984375 0.5944010416666666 0.8203125 0.6080729166666666 0.83828125 0.6595052083333334 0.88203125 0.6712239583333334 0.90078125 0.6881510416666666 0.90703125 0.6959635416666666 0.903125 0.7005208333333334 0.88828125 0.6979166666666666 0.83984375 0.6881510416666666 0.76953125 0.681640625 0.75703125 0.6549479166666666 0.74453125 0.6126302083333334 0.7390625 0.609375 0.74453125 0.607421875 0.765625
1 0.361328125 0.85703125 0.3619791666666667 0.8796875 0.3756510416666667 0.9015625 0.3977864583333333 0.91015625 0.44140625 0.92109375 0.4563802083333333 0.93125 0.494140625 0.9375 0.5247395833333334 0.93671875 0.5305989583333334 0.93203125 0.537109375 0.90625 0.5345052083333334 0.86640625 0.5162760416666666 0.84296875 0.5091145833333334 0.825 0.5 0.81875 0.4759114583333333 0.81328125 0.4485677083333333 0.81484375 0.423828125 0.83046875 0.3763020833333333 0.846875