1 0.042317708333333336 0.459375 0.043619791666666664 0.47734375 0.050130208333333336 0.49140625 0.057291666666666664 0.49609375 0.095703125 0.50625 0.1015625 0.50546875 0.10546875 0.5 0.11588541666666667 0.4625 0.11588541666666667 0.45625 0.11263020833333333 0.4515625 0.08463541666666667 0.440625 0.060546875 0.44453125
1 0.07096354166666667 0.06015625 0.07096354166666667 0.07421875 0.078125 0.09609375 0.087890625 0.1125 0.10091145833333333 0.12265625 0.11263020833333333 0.12421875 0.14908854166666666 0.1109375 0.15755208333333334 0.11328125 0.16471354166666666 0.1109375 0.16015625 0.06953125 0.14973958333333334 0.03515625 0.14127604166666666 0.0234375 0.12434895833333333 0.02109375 0.1015625 0.025 0.08268229166666667 0.04296875
1 0.18684895833333334 0.175 0.18619791666666666 0.19609375 0.19010416666666666 0.22265625 0.19661458333333334 0.23515625 0.193359375 0.2640625 0.19921875 0.2796875 0.21614583333333334 0.29765625 0.2545572916666667 0.2984375 0.2799479166666667 0.26015625 0.2786458333333333 0.24765625 0.265625 0.21640625 0.248046875 0.19140625 0.2109375 0.16796875 0.19856770833333334 0.165625
1 0.013020833333333334 0.68203125 0.012369791666666666 0.6953125 0.027994791666666668 0.71484375 0.046223958333333336 0.74765625 0.0546875 0.77265625 0.059895833333333336 0.80078125 0.10677083333333333 0.79609375 0.138671875 0.7828125 0.16080729166666666 0.75546875 0.17903645833333334 0.71640625 0.17643229166666666 0.696875 0.14583333333333334 0.6609375 0.10611979166666667 0.65703125 0.055338541666666664 0.6328125 0.042317708333333336 0.63359375 0.036458333333333336 0.63828125 0.022786458333333332 0.66015625
1 0.15104166666666666 0.63359375 0.14973958333333334 0.64921875 0.15364583333333334 0.665625 0.18815104166666666 0.696875 0.197265625 0.69453125 0.234375 0.6953125 0.248046875 0.6921875 0.2975260416666667 0.67890625 0.3079427083333333 0.67265625 0.3131510416666667 0.66484375 0.3098958333333333 0.621875 0.3053385416666667 0.60234375 0.2623697916666667 0.49765625 0.25390625 0.4890625 0.244140625 0.49296875 0.19921875 0.5359375 0.181640625 0.55859375 0.17057291666666666 0.5859375 0.16666666666666666 0.60390625
1 0.2936197916666667 0.53828125 0.29296875 0.55625 0.2955729166666667 0.57265625 0.310546875 0.6140625 0.3229166666666667 0.6203125 0.3346354166666667 0.6203125 0.3424479166666667 0.5953125 0.341796875 0.5734375 0.3359375 0.54375 0.3098958333333333 0.52578125 0.2975260416666667 0.5296875
1 0.337890625 0.3328125 0.3365885416666667 0.3453125 0.341796875 0.3609375 0.3522135416666667 0.3765625 0.3658854166666667 0.384375 0.37890625 0.38671875 0.40234375 0.38359375 0.4153645833333333 0.3796875 0.4251302083333333 0.37109375 0.408203125 0.32734375 0.3899739583333333 0.30546875 0.3828125 0.3046875 0.3704427083333333 0.31015625
1 0.4622395833333333 0.13359375 0.4635416666666667 0.1453125 0.4772135416666667 0.16875 0.50390625 0.20546875 0.5149739583333334 0.22578125 0.5319010416666666 0.24296875 0.552734375 0.25546875 0.5631510416666666 0.25546875 0.5735677083333334 0.25 0.58984375 0.2265625 0.5963541666666666 0.20546875 0.6002604166666666 0.159375 0.5924479166666666 0.134375 0.5852864583333334 0.12109375 0.5651041666666666 0.1078125 0.5501302083333334 0.10390625 0.5319010416666666 0.1125 0.4850260416666667 0.12265625
1 0.5071614583333334 0.27734375 0.4947916666666667 0.3359375 0.525390625 0.35546875 0.5618489583333334 0.365625 0.5677083333333334 0.36484375 0.5768229166666666 0.35234375 0.58203125 0.3375 0.5813802083333334 0.3171875 0.5755208333333334 0.3015625 0.5514322916666666 0.27421875 0.5266927083333334 0.26015625 0.5149739583333334 0.2578125
1 0.431640625 0.57265625 0.4303385416666667 0.58359375 0.439453125 0.59140625 0.4720052083333333 0.60078125 0.49609375 0.6125 0.5052083333333334 0.61015625 0.5188802083333334 0.57890625 0.5364583333333334 0.515625 0.5364583333333334 0.50859375 0.5006510416666666 0.4734375 0.4778645833333333 0.47265625 0.4680989583333333 0.48515625 0.4583333333333333 0.51640625 0.44921875 0.521875
1 0.6471354166666666 0.1859375 0.646484375 0.1921875 0.654296875 0.209375 0.6640625 0.22109375 0.671875 0.225 0.68359375 0.25 0.69140625 0.25859375 0.7272135416666666 0.28203125 0.7604166666666666 0.2765625 0.7760416666666666 0.26875 0.7877604166666666 0.2578125 0.798828125 0.24140625 0.8014322916666666 0.2234375 0.8098958333333334 0.19609375 0.8111979166666666 0.146875 0.802734375 0.1171875 0.7962239583333334 0.10546875 0.7721354166666666 0.08984375 0.7584635416666666 0.08828125 0.7259114583333334 0.1015625 0.6946614583333334 0.13203125
1 0.6901041666666666 0.60703125 0.6985677083333334 0.69921875 0.703125 0.70625 0.73046875 0.7203125 0.7376302083333334 0.71953125 0.748046875 0.71328125 0.767578125 0.69921875 0.775390625 0.68984375 0.7884114583333334 0.690625 0.8177083333333334 0.68359375 0.82421875 0.68046875 0.8294270833333334 0.67109375 0.83203125 0.6609375 0.8313802083333334 0.6375 0.8248697916666666 0.60625 0.8177083333333334 0.5890625 0.80078125 0.56796875 0.7330729166666666 0.58671875
1 0.5026041666666666 0.6421875 0.50390625 0.6734375 0.5078125 0.69375 0.5208333333333334 0.7140625 0.5299479166666666 0.72109375 0.5403645833333334 0.72265625 0.548828125 0.71796875 0.5638020833333334 0.696875 0.5670572916666666 0.66328125 0.5657552083333334 0.64921875 0.5514322916666666 0.63671875 0.5221354166666666 0.62890625 0.5110677083333334 0.63359375
1 0.3802083333333333 0.79375 0.376953125 0.80703125 0.3828125 0.81171875 0.49609375 0.8046875 0.5 0.7984375 0.5 0.78125 0.4967447916666667 0.76640625 0.484375 0.7578125 0.4700520833333333 0.75546875 0.443359375 0.74140625 0.4303385416666667 0.740625 0.4095052083333333 0.74453125
1 0.2513020833333333 0.91328125 0.24674479166666666 0.9390625 0.2545572916666667 0.9671875 0.26171875 0.9734375 0.2740885416666667 0.9640625 0.2897135416666667 0.9578125 0.3196614583333333 0.9296875 0.33203125 0.92265625 0.3411458333333333 0.903125 0.353515625 0.8890625 0.3515625 0.86875 0.3411458333333333 0.853125 0.3352864583333333 0.85 0.3001302083333333 0.8546875 0.2903645833333333 0.86171875 0.279296875 0.87890625 0.2591145833333333 0.89296875
1 0.640625 0.84453125 0.6399739583333334 0.86171875 0.64453125 0.87578125 0.6497395833333334 0.88125 0.6588541666666666 0.88125 0.7220052083333334 0.859375 0.74609375 0.83046875 0.7467447916666666 0.82421875 0.7356770833333334 0.8140625 0.71875 0.8078125 0.6979166666666666 0.7953125 0.6803385416666666 0.77578125 0.6712239583333334 0.77265625 0.66796875 0.778125 0.6614583333333334 0.80859375 0.6484375 0.825
1 0.6647135416666666 0.3734375 0.6627604166666666 0.43671875 0.6790364583333334 0.45078125 0.6985677083333334 0.45546875 0.7278645833333334 0.45546875 0.751953125 0.4484375 0.7649739583333334 0.4359375 0.7701822916666666 0.4203125 0.7858072916666666 0.40703125 0.7923177083333334 0.38515625 0.7858072916666666 0.3515625 0.76953125 0.31875 0.7571614583333334 0.31171875 0.7376302083333334 0.31171875 0.7233072916666666 0.3078125 0.6822916666666666 0.30703125 0.671875 0.334375