1 0.08854166666666667 0.17421875 0.091796875 0.2078125 0.10872395833333333 0.2203125 0.150390625 0.22265625 0.16666666666666666 0.2140625 0.16536458333333334 0.18046875 0.158203125 0.13515625 0.15494791666666666 0.12734375 0.15104166666666666 0.125 0.126953125 0.13671875 0.09830729166666667 0.15703125
1 0.3828125 0.21171875 0.3828125 0.22890625 0.392578125 0.2796875 0.404296875 0.30390625 0.4251302083333333 0.3109375 0.4498697916666667 0.31015625 0.4765625 0.30546875 0.48046875 0.30234375 0.4811197916666667 0.2875 0.4772135416666667 0.2578125 0.44140625 0.153125 0.4296875 0.15390625 0.421875 0.1578125 0.40625 0.18359375
1 0.5494791666666666 0.12109375 0.5462239583333334 0.14765625 0.546875 0.1875 0.5494791666666666 0.20703125 0.5559895833333334 0.225 0.5872395833333334 0.23515625 0.6165364583333334 0.234375 0.634765625 0.22890625 0.638671875 0.20625 0.6373697916666666 0.19375 0.6243489583333334 0.165625 0.6184895833333334 0.12578125 0.6106770833333334 0.103125 0.599609375 0.0984375 0.5709635416666666 0.10703125 0.556640625 0.10546875
1 0.6223958333333334 0.3 0.6217447916666666 0.309375 0.6328125 0.3296875 0.642578125 0.33984375 0.6471354166666666 0.340625 0.6640625 0.3265625 0.6822916666666666 0.303125 0.6822916666666666 0.2859375 0.6764322916666666 0.271875 0.6608072916666666 0.2671875
1 0.7682291666666666 0.084375 0.765625 0.11640625 0.7688802083333334 0.12734375 0.7766927083333334 0.12734375 0.7903645833333334 0.1203125 0.8001302083333334 0.10859375 0.8079427083333334 0.09140625 0.8046875 0.05703125 0.8001302083333334 0.05546875 0.7786458333333334 0.0671875 0.771484375 0.075
1 0.7122395833333334 0.3546875 0.7115885416666666 0.3625 0.7252604166666666 0.39453125 0.7291666666666666 0.396875 0.7649739583333334 0.38515625 0.779296875 0.37421875 0.7897135416666666 0.36171875 0.7890625 0.35546875 0.7825520833333334 0.34765625 0.7623697916666666 0.33828125 0.7434895833333334 0.334375 0.72265625 0.3375 0.7161458333333334 0.34296875
1 0.5110677083333334 0.48203125 0.509765625 0.49453125 0.51171875 0.49921875 0.5436197916666666 0.52578125 0.5501302083333334 0.52578125 0.560546875 0.5171875 0.5748697916666666 0.51328125 0.5983072916666666 0.48203125 0.62890625 0.40078125 0.6295572916666666 0.39296875 0.625 0.38046875 0.6243489583333334 0.35625 0.6158854166666666 0.3484375 0.6080729166666666 0.35 0.5546875 0.38125 0.548828125 0.38828125 0.52734375 0.4375
1 0.23567708333333334 0.359375 0.23502604166666666 0.3671875 0.23177083333333334 0.3703125 0.23697916666666666 0.3859375 0.2552083333333333 0.39609375 0.2688802083333333 0.396875 0.279296875 0.39375 0.2942708333333333 0.38359375 0.3001302083333333 0.37421875 0.3001302083333333 0.365625 0.2897135416666667 0.33046875 0.2682291666666667 0.309375 0.26171875 0.31015625 0.2565104166666667 0.315625
1 0.22200520833333334 0.49296875 0.22135416666666666 0.50234375 0.22981770833333334 0.53359375 0.24934895833333334 0.578125 0.2571614583333333 0.5859375 0.2688802083333333 0.584375 0.2838541666666667 0.53984375 0.2981770833333333 0.47578125 0.3014322916666667 0.44921875 0.2766927083333333 0.440625 0.24739583333333334 0.4453125
1 0.3489583333333333 0.5046875 0.3470052083333333 0.5140625 0.3489583333333333 0.5609375 0.3522135416666667 0.584375 0.357421875 0.60078125 0.3756510416666667 0.6109375 0.3802083333333333 0.61640625 0.390625 0.64921875 0.3977864583333333 0.6578125 0.4205729166666667 0.66796875 0.4557291666666667 0.6625 0.462890625 0.60625 0.4622395833333333 0.57734375 0.45703125 0.5640625 0.4518229166666667 0.5609375 0.4440104166666667 0.5484375 0.42578125 0.50078125 0.416015625 0.4859375 0.4114583333333333 0.48125 0.4055989583333333 0.48046875 0.392578125 0.48515625 0.3665364583333333 0.4875 0.3541666666666667 0.49453125
1 0.41796875 0.734375 0.4186197916666667 0.74765625 0.412109375 0.76875 0.4205729166666667 0.78046875 0.4563802083333333 0.7890625 0.5 0.784375 0.5045572916666666 0.78125 0.509765625 0.771875 0.5162760416666666 0.7390625 0.5182291666666666 0.70859375 0.5130208333333334 0.6875 0.501953125 0.6625 0.4954427083333333 0.6578125 0.4791666666666667 0.6546875 0.4635416666666667 0.65859375 0.4544270833333333 0.67109375 0.4544270833333333 0.684375 0.435546875 0.70859375 0.4244791666666667 0.7171875
1 0.16080729166666666 0.79609375 0.16145833333333334 0.81640625 0.16796875 0.8390625 0.17447916666666666 0.85078125 0.19986979166666666 0.88125 0.23111979166666666 0.9078125 0.25 0.9109375 0.296875 0.90234375 0.3040364583333333 0.8921875 0.310546875 0.87421875 0.314453125 0.85 0.3151041666666667 0.8328125 0.3125 0.82265625 0.26171875 0.75859375 0.248046875 0.74609375 0.232421875 0.74375 0.216796875 0.75 0.20052083333333334 0.77109375 0.17122395833333334 0.7859375
1 0.6842447916666666 0.70234375 0.685546875 0.7171875 0.705078125 0.7484375 0.7259114583333334 0.790625 0.7317708333333334 0.796875 0.7408854166666666 0.803125 0.76171875 0.809375 0.79296875 0.809375 0.8040364583333334 0.8078125 0.8092447916666666 0.80390625 0.8072916666666666 0.7609375 0.8001302083333334 0.7328125 0.7864583333333334 0.70078125 0.7688802083333334 0.67421875 0.7356770833333334 0.653125 0.7298177083333334 0.653125 0.6927083333333334 0.6890625
1 0.5143229166666666 0.8171875 0.51171875 0.828125 0.52734375 0.85546875 0.546875 0.87265625 0.5520833333333334 0.871875 0.5579427083333334 0.86640625 0.568359375 0.84375 0.568359375 0.83359375 0.5618489583333334 0.8203125 0.5436197916666666 0.79765625 0.533203125 0.790625 0.5266927083333334 0.79140625
1 0.4368489583333333 0.9453125 0.4361979166666667 0.953125 0.44140625 0.96015625 0.4765625 0.97421875 0.494140625 0.97109375 0.4993489583333333 0.96328125 0.5052083333333334 0.91171875 0.501953125 0.90703125 0.48046875 0.896875 0.4596354166666667 0.89296875 0.453125 0.90078125