0 0.23372395833333334 0.115625 0.23697916666666666 0.13671875 0.25 0.159375 0.2610677083333333 0.16796875 0.2688802083333333 0.1671875 0.2760416666666667 0.16171875 0.2760416666666667 0.15 0.2623697916666667 0.11875 0.2552083333333333 0.11171875
0 0.14127604166666666 0.1421875 0.14127604166666666 0.15078125 0.15104166666666666 0.171875 0.162109375 0.1796875 0.173828125 0.17734375 0.18033854166666666 0.171875 0.19986979166666666 0.14609375 0.201171875 0.13671875 0.1953125 0.1234375 0.18424479166666666 0.1203125 0.17122395833333334 0.12734375 0.15104166666666666 0.13125
0 0.16145833333333334 0.4 0.16080729166666666 0.4421875 0.16861979166666666 0.45625 0.19270833333333334 0.46484375 0.21158854166666666 0.453125 0.21744791666666666 0.4015625 0.21484375 0.38359375 0.20963541666666666 0.37421875 0.19010416666666666 0.37265625
0 0.22591145833333334 0.3453125 0.22526041666666666 0.3609375 0.22721354166666666 0.3640625 0.251953125 0.37890625 0.2649739583333333 0.3796875 0.2747395833333333 0.36953125 0.28125 0.35546875 0.2805989583333333 0.328125 0.2747395833333333 0.32421875 0.2643229166666667 0.32421875 0.23046875 0.33984375
0 0.21614583333333334 0.43515625 0.21549479166666666 0.44921875 0.21744791666666666 0.45234375 0.265625 0.46484375 0.2766927083333333 0.44765625 0.279296875 0.428125 0.2760416666666667 0.41640625 0.2682291666666667 0.40625 0.2532552083333333 0.40234375 0.2265625 0.4109375 0.22005208333333334 0.41796875
0 0.15755208333333334 0.271875 0.15755208333333334 0.29453125 0.17122395833333334 0.30625 0.18489583333333334 0.3046875 0.20052083333333334 0.29609375 0.20638020833333334 0.2890625 0.20052083333333334 0.26640625 0.189453125 0.246875 0.17057291666666666 0.25 0.16276041666666666 0.25859375
0 0.4205729166666667 0.41171875 0.4192708333333333 0.43671875 0.4212239583333333 0.446875 0.4251302083333333 0.44921875 0.4251302083333333 0.45625 0.43359375 0.4734375 0.4381510416666667 0.47734375 0.4375 0.48046875 0.4453125 0.48046875 0.44921875 0.47578125 0.4524739583333333 0.47734375 0.4739583333333333 0.45078125 0.4759114583333333 0.425 0.4700520833333333 0.39609375 0.4622395833333333 0.38984375 0.455078125 0.378125 0.44921875 0.3765625 0.44140625 0.3859375 0.4283854166666667 0.3921875
0 0.4661458333333333 0.28828125 0.4674479166666667 0.30625 0.4830729166666667 0.31796875 0.4921875 0.33046875 0.5013020833333334 0.33046875 0.51953125 0.315625 0.5260416666666666 0.3046875 0.52734375 0.27890625 0.5299479166666666 0.27109375 0.5286458333333334 0.26171875 0.525390625 0.2546875 0.5188802083333334 0.25 0.4986979166666667 0.24453125 0.4830729166666667 0.24765625 0.4713541666666667 0.25703125
0 0.4166666666666667 0.16171875 0.41796875 0.178125 0.4244791666666667 0.19140625 0.4388020833333333 0.2125 0.4563802083333333 0.2296875 0.4654947916666667 0.228125 0.4772135416666667 0.2171875 0.4895833333333333 0.18828125 0.4908854166666667 0.175 0.4817708333333333 0.1578125 0.453125 0.14296875 0.421875 0.15390625
0 0.46484375 0.0859375 0.4641927083333333 0.0921875 0.4700520833333333 0.1078125 0.484375 0.1234375 0.4993489583333333 0.12265625 0.5091145833333334 0.10859375 0.5159505208333334 0.1046875 0.529296875 0.103125 0.537109375 0.09140625 0.5501302083333334 0.05703125 0.552734375 0.04296875 0.5520833333333334 0.02578125 0.54296875 0.01796875 0.5130208333333334 0.0140625 0.498046875 0.0171875 0.4850260416666667 0.0359375
0 0.5852864583333334 0.1203125 0.5852864583333334 0.1359375 0.58984375 0.14140625 0.5944010416666666 0.16015625 0.6022135416666666 0.16171875 0.6178385416666666 0.15859375 0.626953125 0.15234375 0.6315104166666666 0.14375 0.6328125 0.128125 0.6302083333333334 0.1125 0.6158854166666666 0.0984375 0.5950520833333334 0.0984375 0.5911458333333334 0.1015625
0 0.5501302083333334 0.15703125 0.5514322916666666 0.171875 0.5625 0.18203125 0.5735677083333334 0.18671875 0.5813802083333334 0.1859375 0.5852864583333334 0.18203125 0.591796875 0.159375 0.58984375 0.14375 0.5872395833333334 0.13984375 0.564453125 0.13359375 0.55859375 0.1390625
0 0.6028645833333334 0.2328125 0.6015625 0.2375 0.6041666666666666 0.23984375 0.6022135416666666 0.24453125 0.6087239583333334 0.25703125 0.6171875 0.26484375 0.6236979166666666 0.26484375 0.6315104166666666 0.26015625 0.6458333333333334 0.24765625 0.6484375 0.2390625 0.6549479166666666 0.234375 0.6477864583333334 0.225 0.6490885416666666 0.21953125 0.6438802083333334 0.20703125 0.626953125 0.1984375 0.6119791666666666 0.21328125
0 0.7024739583333334 0.21796875 0.7018229166666666 0.234375 0.7057291666666666 0.24765625 0.716796875 0.26171875 0.724609375 0.2625 0.7389322916666666 0.24609375 0.748046875 0.22890625 0.7526041666666666 0.2140625 0.7513020833333334 0.19609375 0.7434895833333334 0.18984375 0.72265625 0.19140625 0.708984375 0.20390625
0 0.6477864583333334 0.290625 0.6477864583333334 0.30859375 0.6575520833333334 0.3546875 0.6608072916666666 0.35859375 0.689453125 0.35234375 0.703125 0.34140625 0.6998697916666666 0.30703125 0.6979166666666666 0.3 0.6901041666666666 0.28984375 0.6842447916666666 0.27265625 0.6783854166666666 0.27109375 0.6731770833333334 0.2734375
0 0.849609375 0.25546875 0.8483072916666666 0.26953125 0.8567708333333334 0.2875 0.8697916666666666 0.29296875 0.8821614583333334 0.30703125 0.896484375 0.3078125 0.9075520833333334 0.3046875 0.916015625 0.29609375 0.9231770833333334 0.265625 0.9231770833333334 0.22890625 0.904296875 0.1921875 0.900390625 0.19140625 0.8795572916666666 0.2078125 0.8587239583333334 0.2375
0 0.8118489583333334 0.37265625 0.8111979166666666 0.38984375 0.818359375 0.40078125 0.8470052083333334 0.421875 0.8600260416666666 0.42578125 0.8795572916666666 0.425 0.8932291666666666 0.403125 0.904296875 0.3734375 0.8912760416666666 0.35546875 0.8763020833333334 0.34140625 0.8313802083333334 0.3515625 0.8170572916666666 0.36328125
0 0.7727864583333334 0.46328125 0.7734375 0.47734375 0.7916666666666666 0.49453125 0.82421875 0.49375 0.8313802083333334 0.4921875 0.8359375 0.48671875 0.8359375 0.48046875 0.8294270833333334 0.4640625 0.8001302083333334 0.44296875 0.7825520833333334 0.44609375
0 0.6673177083333334 0.4203125 0.66796875 0.45703125 0.6712239583333334 0.475 0.6790364583333334 0.484375 0.689453125 0.48515625 0.69921875 0.4734375 0.701171875 0.46015625 0.697265625 0.40703125 0.6881510416666666 0.4 0.6764322916666666 0.4015625 0.6712239583333334 0.40625
0 0.5598958333333334 0.4375 0.5598958333333334 0.4609375 0.5638020833333334 0.46953125 0.5885416666666666 0.4796875 0.5944010416666666 0.47890625 0.6015625 0.47265625 0.6087239583333334 0.45234375 0.6087239583333334 0.43203125 0.6028645833333334 0.42265625 0.5865885416666666 0.41328125 0.5774739583333334 0.4140625 0.5638020833333334 0.42421875
0 0.6009114583333334 0.59921875 0.599609375 0.6140625 0.6015625 0.6265625 0.6158854166666666 0.65390625 0.6341145833333334 0.65703125 0.6529947916666666 0.64765625 0.6692708333333334 0.63515625 0.6725260416666666 0.6296875 0.6712239583333334 0.59765625 0.66796875 0.58828125 0.6608072916666666 0.58125 0.6484375 0.57890625 0.6126302083333334 0.5859375
0 0.513671875 0.578125 0.5130208333333334 0.5890625 0.5221354166666666 0.59609375 0.5657552083333334 0.5953125 0.572265625 0.5921875 0.5774739583333334 0.58515625 0.576171875 0.57734375 0.5638020833333334 0.5625 0.5520833333333334 0.55625 0.5234375 0.56328125 0.5169270833333334 0.56875
0 0.8274739583333334 0.815625 0.8274739583333334 0.82578125 0.837890625 0.8484375 0.8580729166666666 0.87265625 0.869140625 0.87734375 0.8795572916666666 0.8765625 0.8938802083333334 0.859375 0.8984375 0.84609375 0.8997395833333334 0.83125 0.8971354166666666 0.79921875 0.888671875 0.7859375 0.8723958333333334 0.7796875 0.86328125 0.78125
0 0.8072916666666666 0.65390625 0.806640625 0.6671875 0.8092447916666666 0.675 0.837890625 0.7046875 0.8619791666666666 0.71875 0.8782552083333334 0.715625 0.8834635416666666 0.709375 0.8919270833333334 0.67890625 0.8938802083333334 0.6609375 0.8873697916666666 0.646875 0.8658854166666666 0.6265625 0.8509114583333334 0.62265625 0.83984375 0.62578125 0.8209635416666666 0.6375
0 0.8040364583333334 0.94375 0.8033854166666666 0.95625 0.8059895833333334 0.96328125 0.8229166666666666 0.98203125 0.83984375 0.98203125 0.84765625 0.96875 0.86328125 0.95703125 0.869140625 0.94921875 0.875 0.9265625 0.8743489583333334 0.9203125 0.8548177083333334 0.89453125 0.845703125 0.890625 0.8190104166666666 0.9171875
0 0.4928385416666667 0.7578125 0.4928385416666667 0.76953125 0.5104166666666666 0.796875 0.5501302083333334 0.83125 0.55859375 0.834375 0.56640625 0.83125 0.5670572916666666 0.82109375 0.55078125 0.79921875 0.5514322916666666 0.7859375 0.5592447916666666 0.77421875 0.5572916666666666 0.76484375 0.552734375 0.75859375 0.5266927083333334 0.7375 0.513671875 0.73203125 0.5052083333333334 0.7328125 0.5013020833333334 0.7375
0 0.369140625 0.75703125 0.3658854166666667 0.76484375 0.3665364583333333 0.77890625 0.3873697916666667 0.8390625 0.3899739583333333 0.85390625 0.3990885416666667 0.86328125 0.4147135416666667 0.86953125 0.4290364583333333 0.8640625 0.4453125 0.853125 0.4576822916666667 0.83515625 0.4622395833333333 0.8015625 0.4596354166666667 0.790625 0.451171875 0.7765625 0.4329427083333333 0.76171875 0.4225260416666667 0.7578125 0.3912760416666667 0.7515625 0.376953125 0.7515625
0 0.095703125 0.80703125 0.09440104166666667 0.81875 0.09830729166666667 0.82890625 0.109375 0.83515625 0.123046875 0.83515625 0.14908854166666666 0.81796875 0.15950520833333334 0.796875 0.16145833333333334 0.7828125 0.154296875 0.77109375 0.142578125 0.76875 0.10872395833333333 0.78515625
0 0.11653645833333333 0.8765625 0.11263020833333333 0.890625 0.123046875 0.90078125 0.13411458333333334 0.90390625 0.181640625 0.90234375 0.19270833333333334 0.88359375 0.17578125 0.84140625 0.15234375 0.8359375 0.13541666666666666 0.83984375
0 0.248046875 0.909375 0.24739583333333334 0.91796875 0.2532552083333333 0.93515625 0.267578125 0.95 0.2799479166666667 0.95546875 0.2897135416666667 0.95 0.3098958333333333 0.92109375 0.3170572916666667 0.890625 0.3157552083333333 0.8796875 0.3053385416666667 0.86171875 0.298828125 0.85625 0.2923177083333333 0.85625 0.2591145833333333 0.88125 0.25 0.896875
0 0.2265625 0.5984375 0.22721354166666666 0.628125 0.22981770833333334 0.63359375 0.23958333333333334 0.63046875 0.24934895833333334 0.6171875 0.2623697916666667 0.60625 0.24609375 0.58125 0.23893229166666666 0.58359375
0 0.32421875 0.56796875 0.3229166666666667 0.57421875 0.3268229166666667 0.5859375 0.3391927083333333 0.60234375 0.345703125 0.60234375 0.3548177083333333 0.5953125 0.3606770833333333 0.575 0.3606770833333333 0.5640625 0.3580729166666667 0.5578125 0.3463541666666667 0.5578125
0 0.357421875 0.53671875 0.357421875 0.55 0.365234375 0.5578125 0.388671875 0.56484375 0.3977864583333333 0.55390625 0.3984375 0.5359375 0.388671875 0.525 0.3658854166666667 0.521875 0.361328125 0.52578125
0 0.2669270833333333 0.48359375 0.2688802083333333 0.50859375 0.275390625 0.5234375 0.2845052083333333 0.5234375 0.302734375 0.50859375 0.3033854166666667 0.4890625 0.2975260416666667 0.4765625 0.2897135416666667 0.47421875 0.279296875 0.47578125 0.26953125 0.4796875
0 0.328125 0.40078125 0.3274739583333333 0.41796875 0.3307291666666667 0.42265625 0.3450520833333333 0.425 0.3502604166666667 0.42265625 0.36328125 0.38515625 0.3606770833333333 0.371875 0.3561197916666667 0.36796875 0.3483072916666667 0.36875 0.3346354166666667 0.38515625
0 0.3717447916666667 0.34296875 0.3717447916666667 0.3609375 0.3776041666666667 0.38046875 0.3893229166666667 0.38671875 0.3971354166666667 0.38515625 0.4010416666666667 0.37109375 0.400390625 0.34140625 0.3873697916666667 0.334375 0.37890625 0.33359375
0 0.06705729166666667 0.37265625 0.064453125 0.3859375 0.076171875 0.4046875 0.10872395833333333 0.39765625 0.11328125 0.39296875 0.11393229166666667 0.38515625 0.109375 0.371875 0.07356770833333333 0.36796875
0 0.7037760416666666 0.6328125 0.705078125 0.646875 0.703125 0.659375 0.69921875 0.66484375 0.6998697916666666 0.68203125 0.7102864583333334 0.69296875 0.724609375 0.69609375 0.740234375 0.67890625 0.7376302083333334 0.65078125 0.734375 0.6421875 0.7220052083333334 0.6296875 0.7096354166666666 0.62734375