0 0.19661458333333334 0.17109375 0.19596354166666666 0.1796875 0.20182291666666666 0.196875 0.197265625 0.22109375 0.20638020833333334 0.2515625 0.21419270833333334 0.26328125 0.2421875 0.26640625 0.2740885416666667 0.24375 0.2799479166666667 0.228125 0.283203125 0.184375 0.2825520833333333 0.16953125 0.2747395833333333 0.1546875 0.24934895833333334 0.1375 0.234375 0.1359375 0.22005208333333334 0.13828125 0.20572916666666666 0.14921875
0 0.29296875 0.0390625 0.2897135416666667 0.065625 0.2916666666666667 0.0875 0.296875 0.096875 0.3248697916666667 0.0984375 0.33984375 0.090625 0.3450520833333333 0.05625 0.333984375 0.0421875 0.330078125 0.0328125 0.296875 0.03203125
0 0.408203125 0.1796875 0.408203125 0.19609375 0.4114583333333333 0.20546875 0.41796875 0.21328125 0.4251302083333333 0.21484375 0.439453125 0.203125 0.4505208333333333 0.1890625 0.4557291666666667 0.16875 0.44921875 0.1609375 0.4283854166666667 0.1484375 0.41015625 0.1703125
0 0.6888020833333334 0.30625 0.6907552083333334 0.3171875 0.7135416666666666 0.33984375 0.7233072916666666 0.34453125 0.740234375 0.34609375 0.765625 0.34296875 0.7747395833333334 0.33515625 0.7766927083333334 0.32890625 0.775390625 0.30625 0.7662760416666666 0.28984375 0.75390625 0.27890625 0.7311197916666666 0.26953125 0.72265625 0.26875 0.7044270833333334 0.27734375 0.6953125 0.28984375
0 0.6380208333333334 0.1140625 0.63671875 0.12109375 0.640625 0.1296875 0.6614583333333334 0.1421875 0.7024739583333334 0.1453125 0.73046875 0.15234375 0.7526041666666666 0.1328125 0.765625 0.11015625 0.7662760416666666 0.10390625 0.76171875 0.0921875 0.7493489583333334 0.07734375 0.7239583333333334 0.05859375 0.7044270833333334 0.05859375 0.6881510416666666 0.0640625 0.6751302083333334 0.05859375 0.654296875 0.08125
0 0.44921875 0.26328125 0.44921875 0.27265625 0.458984375 0.28984375 0.498046875 0.28671875 0.5169270833333334 0.26875 0.5234375 0.25390625 0.5227864583333334 0.23984375 0.517578125 0.2265625 0.5110677083333334 0.21953125 0.48828125 0.21015625 0.4798177083333333 0.21015625 0.4700520833333333 0.21484375 0.4576822916666667 0.23203125 0.4524739583333333 0.24296875
0 0.798828125 0.11328125 0.798828125 0.1296875 0.810546875 0.15078125 0.82421875 0.16640625 0.83203125 0.1703125 0.845703125 0.1609375 0.857421875 0.14375 0.8658854166666666 0.11953125 0.8678385416666666 0.10546875 0.86328125 0.08515625 0.8567708333333334 0.0734375 0.8352864583333334 0.06796875 0.8020833333333334 0.1046875
0 0.13216145833333334 0.159375 0.130859375 0.16953125 0.13346354166666666 0.175 0.15104166666666666 0.1765625 0.16471354166666666 0.16796875 0.17252604166666666 0.15 0.17317708333333334 0.13125 0.15169270833333334 0.1046875 0.14322916666666666 0.1078125
1 0.09895833333333333 0.66640625 0.10026041666666667 0.67578125 0.13346354166666666 0.6875 0.138671875 0.68671875 0.14908854166666666 0.68125 0.16927083333333334 0.6625 0.17708333333333334 0.65078125 0.177734375 0.64140625 0.17252604166666666 0.6265625 0.16536458333333334 0.615625 0.14713541666666666 0.60859375 0.126953125 0.61015625 0.12109375 0.61640625
1 0.236328125 0.65078125 0.23763020833333334 0.671875 0.25 0.68671875 0.2571614583333333 0.68984375 0.26171875 0.68828125 0.296875 0.7015625 0.3046875 0.6921875 0.31640625 0.66796875 0.318359375 0.6421875 0.3098958333333333 0.62890625 0.2955729166666667 0.61953125 0.2864583333333333 0.6171875 0.2682291666666667 0.62578125 0.2591145833333333 0.634375 0.24088541666666666 0.64453125
1 0.3470052083333333 0.60390625 0.3483072916666667 0.61875 0.35546875 0.6390625 0.3600260416666667 0.64140625 0.392578125 0.62265625 0.40625 0.6046875 0.40625 0.60078125 0.40234375 0.59140625 0.3938802083333333 0.58359375 0.3776041666666667 0.57265625 0.3658854166666667 0.5703125 0.3587239583333333 0.57734375 0.353515625 0.59375
1 0.443359375 0.55234375 0.4427083333333333 0.56171875 0.4459635416666667 0.575 0.4557291666666667 0.59296875 0.5013020833333334 0.61796875 0.5110677083333334 0.63125 0.5201822916666666 0.63359375 0.53125 0.62265625 0.5397135416666666 0.57734375 0.548828125 0.56015625 0.5501302083333334 0.55 0.51953125 0.51875 0.5084635416666666 0.5140625 0.4921875 0.5140625 0.4798177083333333 0.50390625 0.4596354166666667 0.51015625 0.4537760416666667 0.515625
1 0.583984375 0.5453125 0.58203125 0.57890625 0.5859375 0.590625 0.5833333333333334 0.615625 0.5865885416666666 0.62578125 0.591796875 0.6296875 0.61328125 0.6296875 0.6399739583333334 0.6234375 0.6419270833333334 0.61484375 0.6341145833333334 0.59765625 0.6315104166666666 0.58125 0.6432291666666666 0.55625 0.6471354166666666 0.53828125 0.6458333333333334 0.5265625 0.6399739583333334 0.52109375 0.611328125 0.5109375 0.5950520833333334 0.5109375 0.591796875 0.51484375
1 0.6614583333333334 0.66171875 0.6608072916666666 0.6921875 0.6653645833333334 0.71484375 0.6731770833333334 0.73359375 0.6888020833333334 0.73984375 0.6998697916666666 0.72578125 0.7018229166666666 0.659375 0.6959635416666666 0.64921875 0.671875 0.64453125 0.6634114583333334 0.65234375
1 0.77734375 0.66640625 0.7760416666666666 0.7 0.7805989583333334 0.76953125 0.8046875 0.83125 0.8385416666666666 0.8484375 0.8470052083333334 0.84921875 0.8626302083333334 0.84609375 0.8860677083333334 0.82734375 0.8899739583333334 0.82109375 0.88671875 0.7921875 0.8294270833333334 0.6578125 0.8072916666666666 0.64296875 0.7897135416666666 0.6390625 0.7825520833333334 0.64921875
1 0.8046875 0.52578125 0.802734375 0.57890625 0.8092447916666666 0.58671875 0.8522135416666666 0.59296875 0.8763020833333334 0.56484375 0.8776041666666666 0.55625 0.8736979166666666 0.54453125 0.853515625 0.5203125 0.8248697916666666 0.51015625 0.8157552083333334 0.51015625 0.8059895833333334 0.51640625
1 0.47265625 0.72109375 0.4720052083333333 0.7328125 0.478515625 0.740625 0.4954427083333333 0.740625 0.5013020833333334 0.7375 0.5208333333333334 0.7515625 0.5299479166666666 0.7484375 0.5325520833333334 0.72890625 0.529296875 0.7109375 0.5240885416666666 0.70234375 0.5188802083333334 0.69921875 0.501953125 0.6984375 0.4811197916666667 0.71015625
1 0.3899739583333333 0.7140625 0.3893229166666667 0.72265625 0.3932291666666667 0.7375 0.4114583333333333 0.7515625 0.4212239583333333 0.75390625 0.4407552083333333 0.721875 0.4427083333333333 0.7125 0.44140625 0.7015625 0.4368489583333333 0.69453125 0.4290364583333333 0.68828125 0.419921875 0.6875
1 0.3014322916666667 0.7515625 0.3020833333333333 0.75703125 0.3072916666666667 0.76171875 0.3274739583333333 0.771875 0.3326822916666667 0.76796875 0.3483072916666667 0.74140625 0.3483072916666667 0.734375 0.3385416666666667 0.7234375 0.3203125 0.71640625 0.314453125 0.7234375
1 0.38671875 0.91953125 0.38671875 0.9265625 0.3977864583333333 0.934375 0.4075520833333333 0.946875 0.43359375 0.96484375 0.44921875 0.98359375 0.4544270833333333 0.98203125 0.4622395833333333 0.96328125 0.4654947916666667 0.946875 0.4661458333333333 0.93359375 0.4596354166666667 0.92421875 0.44921875 0.91875 0.4381510416666667 0.91953125 0.39453125 0.90625 0.390625 0.90859375