1 0.236328125 0.12578125 0.23307291666666666 0.16171875 0.24479166666666666 0.1890625 0.255859375 0.2 0.2799479166666667 0.2078125 0.3001302083333333 0.23046875 0.310546875 0.2484375 0.318359375 0.25078125 0.326171875 0.24375 0.33984375 0.21640625 0.3502604166666667 0.20234375 0.359375 0.1734375 0.3932291666666667 0.11953125 0.3958333333333333 0.10859375 0.390625 0.10078125 0.341796875 0.08046875 0.333984375 0.0796875 0.2897135416666667 0.05625 0.265625 0.046875 0.25390625 0.0453125 0.24934895833333334 0.05078125
1 0.14778645833333334 0.234375 0.14713541666666666 0.240625 0.15364583333333334 0.2546875 0.16796875 0.27578125 0.185546875 0.2921875 0.21223958333333334 0.296875 0.25 0.3171875 0.2643229166666667 0.31484375 0.2760416666666667 0.30390625 0.259765625 0.2234375 0.24869791666666666 0.20859375 0.23177083333333334 0.2078125 0.19270833333333334 0.21640625 0.162109375 0.225 0.14973958333333334 0.23046875
1 0.11328125 0.4453125 0.11263020833333333 0.47421875 0.12369791666666667 0.4828125 0.14583333333333334 0.490625 0.158203125 0.48828125 0.17057291666666666 0.48125 0.220703125 0.47578125 0.234375 0.46640625 0.23893229166666666 0.45859375 0.248046875 0.415625 0.24869791666666666 0.39296875 0.240234375 0.3890625 0.21223958333333334 0.390625 0.205078125 0.38828125 0.158203125 0.39375 0.12760416666666666 0.390625 0.119140625 0.39765625
1 0.078125 0.6984375 0.08138020833333333 0.721875 0.091796875 0.73125 0.10546875 0.734375 0.14453125 0.71484375 0.16471354166666666 0.696875 0.166015625 0.68828125 0.16276041666666666 0.67734375 0.14583333333333334 0.6609375 0.13411458333333334 0.65390625 0.12174479166666667 0.6515625 0.11067708333333333 0.65625 0.09830729166666667 0.66875 0.083984375 0.6859375
1 0.10416666666666667 0.78671875 0.10286458333333333 0.79453125 0.10546875 0.8015625 0.13411458333333334 0.82578125 0.1953125 0.82109375 0.20182291666666666 0.81015625 0.22591145833333334 0.78984375 0.24869791666666666 0.7546875 0.26171875 0.71640625 0.2610677083333333 0.7078125 0.2526041666666667 0.68359375 0.2421875 0.68203125 0.22395833333333334 0.68984375 0.162109375 0.72734375 0.115234375 0.76484375 0.109375 0.77265625
1 0.2942708333333333 0.73125 0.294921875 0.75390625 0.2975260416666667 0.76328125 0.3450520833333333 0.784375 0.3541666666666667 0.77578125 0.3639322916666667 0.753125 0.3626302083333333 0.69921875 0.357421875 0.690625 0.3489583333333333 0.6859375 0.322265625 0.6953125 0.3092447916666667 0.703125 0.2955729166666667 0.7234375
1 0.3118489583333333 0.571875 0.3118489583333333 0.5875 0.3209635416666667 0.60234375 0.35546875 0.621875 0.373046875 0.62578125 0.388671875 0.634375 0.3971354166666667 0.63359375 0.4069010416666667 0.62109375 0.4205729166666667 0.59140625 0.4264322916666667 0.56328125 0.44921875 0.51484375 0.4537760416666667 0.49765625 0.4498697916666667 0.49296875 0.4440104166666667 0.49296875 0.40625 0.49453125 0.373046875 0.50078125 0.345703125 0.521875 0.3333333333333333 0.5453125 0.3151041666666667 0.5640625
1 0.3619791666666667 0.2796875 0.36328125 0.29765625 0.4010416666666667 0.32109375 0.4055989583333333 0.32109375 0.4069010416666667 0.3125 0.4010416666666667 0.2734375 0.390625 0.24921875 0.3763020833333333 0.25703125
1 0.4602864583333333 0.3890625 0.4602864583333333 0.3984375 0.4635416666666667 0.40546875 0.4986979166666667 0.425 0.5065104166666666 0.42109375 0.525390625 0.39375 0.5305989583333334 0.38125 0.5319010416666666 0.36875 0.5260416666666666 0.35703125 0.5123697916666666 0.340625 0.498046875 0.328125 0.4928385416666667 0.32734375 0.4876302083333333 0.33203125 0.4694010416666667 0.3640625
1 0.466796875 0.25546875 0.4661458333333333 0.26875 0.4778645833333333 0.28515625 0.4817708333333333 0.28671875 0.5084635416666666 0.26875 0.53515625 0.24609375 0.5462239583333334 0.234375 0.5514322916666666 0.21953125 0.546875 0.21640625 0.5384114583333334 0.21640625 0.5182291666666666 0.22578125 0.498046875 0.22421875 0.482421875 0.2390625 0.4733072916666667 0.24375
1 0.4778645833333333 0.05546875 0.478515625 0.09921875 0.4908854166666667 0.15078125 0.4973958333333333 0.15625 0.533203125 0.16484375 0.53515625 0.16015625 0.53515625 0.12109375 0.5305989583333334 0.06953125 0.5130208333333334 0.059375 0.4876302083333333 0.0515625 0.48046875 0.0515625
1 0.5553385416666666 0.1796875 0.5553385416666666 0.2 0.5709635416666666 0.21640625 0.5813802083333334 0.2171875 0.5970052083333334 0.20703125 0.6139322916666666 0.1890625 0.6380208333333334 0.1578125 0.6393229166666666 0.15 0.630859375 0.13984375 0.609375 0.12578125 0.6022135416666666 0.12421875 0.5729166666666666 0.153125 0.5592447916666666 0.1703125
1 0.6373697916666666 0.04921875 0.6341145833333334 0.0921875 0.6302083333333334 0.10703125 0.6373697916666666 0.10703125 0.6536458333333334 0.09296875 0.6796875 0.08515625 0.6790364583333334 0.07421875 0.671875 0.05859375 0.6705729166666666 0.0453125 0.6640625 0.034375 0.6438802083333334 0.0390625 0.6393229166666666 0.0421875
1 0.7610677083333334 0.2140625 0.7571614583333334 0.22890625 0.76171875 0.24453125 0.775390625 0.26796875 0.78125 0.27421875 0.7864583333333334 0.27421875 0.8053385416666666 0.2546875 0.8430989583333334 0.20625 0.8470052083333334 0.1984375 0.8470052083333334 0.1921875 0.837890625 0.17734375 0.8287760416666666 0.175 0.779296875 0.19296875 0.771484375 0.1984375
1 0.6953125 0.40546875 0.693359375 0.4125 0.6953125 0.43046875 0.7096354166666666 0.44296875 0.73046875 0.45 0.7350260416666666 0.45 0.7473958333333334 0.43984375 0.7649739583333334 0.42109375 0.7669270833333334 0.4140625 0.7630208333333334 0.4015625 0.7552083333333334 0.3921875 0.736328125 0.3828125 0.7096354166666666 0.3875
1 0.7513020833333334 0.46640625 0.751953125 0.48359375 0.7578125 0.49453125 0.7669270833333334 0.50234375 0.7747395833333334 0.525 0.791015625 0.53515625 0.7962239583333334 0.53671875 0.7994791666666666 0.534375 0.810546875 0.50859375 0.8170572916666666 0.47890625 0.81640625 0.46875 0.810546875 0.45625 0.7981770833333334 0.4453125 0.77734375 0.44453125 0.771484375 0.446875
1 0.5305989583333334 0.30390625 0.529296875 0.3109375 0.533203125 0.315625 0.533203125 0.32109375 0.5592447916666666 0.36328125 0.5696614583333334 0.37109375 0.5885416666666666 0.35859375 0.6080729166666666 0.3359375 0.615234375 0.33125 0.6178385416666666 0.32421875 0.6171875 0.31953125 0.6009114583333334 0.3015625 0.5709635416666666 0.28828125 0.5481770833333334 0.28828125
1 0.6842447916666666 0.74375 0.6848958333333334 0.765625 0.6940104166666666 0.787109375 0.6959635416666666 0.8171875 0.7109375 0.82890625 0.73046875 0.828125 0.75390625 0.83203125 0.7799479166666666 0.82421875 0.7962239583333334 0.80625 0.814453125 0.7671875 0.8157552083333334 0.75859375 0.8111979166666666 0.7375 0.7981770833333334 0.71484375 0.7890625 0.70546875 0.779296875 0.69921875 0.76171875 0.69453125 0.7447916666666666 0.69453125 0.734375 0.68828125 0.7239583333333334 0.6890625 0.7005208333333334 0.71015625
1 0.56640625 0.61796875 0.5657552083333334 0.63671875 0.5709635416666666 0.65234375 0.591796875 0.65625 0.6061197916666666 0.66328125 0.6197916666666666 0.653125 0.6477864583333334 0.640625 0.6634114583333334 0.625 0.6744791666666666 0.61953125 0.6959635416666666 0.59375 0.7044270833333334 0.57734375 0.703125 0.56328125 0.6783854166666666 0.50859375 0.6575520833333334 0.48046875 0.6477864583333334 0.47265625 0.6341145833333334 0.475 0.611328125 0.48984375 0.59375 0.50703125 0.5865885416666666 0.52734375 0.5826822916666666 0.55859375 0.5690104166666666 0.60078125
1 0.7532552083333334 0.85 0.7526041666666666 0.89765625 0.7604166666666666 0.93203125 0.7682291666666666 0.94921875 0.794921875 0.97578125 0.810546875 0.98671875 0.8248697916666666 0.9859375 0.8372395833333334 0.97734375 0.8411458333333334 0.97265625 0.8450520833333334 0.959375 0.84375 0.94765625 0.865234375 0.8421875 0.8763020833333334 0.8109375 0.87109375 0.7953125 0.859375 0.7859375 0.8411458333333334 0.78515625 0.8157552083333334 0.80703125 0.806640625 0.81015625 0.806640625 0.815625 0.7975260416666666 0.82265625 0.7955729166666666 0.82109375 0.79296875 0.82421875 0.7942708333333334 0.82734375 0.7662760416666666 0.85 0.76171875 0.84921875 0.7584635416666666 0.84375 0.7552083333333334 0.84375
1 0.4791666666666667 0.83125 0.478515625 0.83515625 0.4837239583333333 0.84765625 0.5130208333333334 0.9 0.5260416666666666 0.90859375 0.533203125 0.91953125 0.5598958333333334 0.9421875 0.5716145833333334 0.9421875 0.595703125 0.93359375 0.6002604166666666 0.92890625 0.6126302083333334 0.90859375 0.6243489583333334 0.875 0.6360677083333334 0.8515625 0.638671875 0.8390625 0.6380208333333334 0.8234375 0.6341145833333334 0.815625 0.59375 0.8046875 0.5553385416666666 0.80859375 0.5071614583333334 0.82578125
1 0.38671875 0.88984375 0.3854166666666667 0.89375 0.3893229166666667 0.8984375 0.4296875 0.90390625 0.455078125 0.89765625 0.4596354166666667 0.8921875 0.4602864583333333 0.8796875 0.45703125 0.8671875 0.4446614583333333 0.85234375 0.431640625 0.840625 0.4186197916666667 0.8359375 0.4114583333333333 0.84296875