1 0.115234375 0.21015625 0.115234375 0.22109375 0.12434895833333333 0.23046875 0.14713541666666666 0.2421875 0.16796875 0.2453125 0.17838541666666666 0.228125 0.18359375 0.2078125 0.17838541666666666 0.1671875 0.162109375 0.1484375 0.1484375 0.153125 0.13671875 0.1640625 0.13020833333333334 0.1828125 0.12239583333333333 0.19296875
1 0.13411458333333334 0.2859375 0.13346354166666666 0.296875 0.15299479166666666 0.3765625 0.17317708333333334 0.41484375 0.20638020833333334 0.44765625 0.212890625 0.45 0.22005208333333334 0.4484375 0.2669270833333333 0.4171875 0.302734375 0.40625 0.3079427083333333 0.40234375 0.314453125 0.390625 0.3157552083333333 0.3796875 0.302734375 0.37109375 0.2975260416666667 0.3640625 0.2975260416666667 0.3328125 0.2845052083333333 0.31796875 0.2766927083333333 0.29296875 0.267578125 0.2828125 0.220703125 0.2515625 0.19921875 0.2484375 0.17708333333333334 0.253125 0.16341145833333334 0.259375 0.13802083333333334 0.2796875
1 0.298828125 0.34296875 0.2981770833333333 0.359375 0.3020833333333333 0.36796875 0.3209635416666667 0.38125 0.333984375 0.40078125 0.3444010416666667 0.40546875 0.3541666666666667 0.40390625 0.3678385416666667 0.38984375 0.37890625 0.3703125 0.3873697916666667 0.36640625 0.4016927083333333 0.35234375 0.412109375 0.334375 0.4361979166666667 0.30390625 0.4407552083333333 0.29296875 0.4407552083333333 0.28515625 0.435546875 0.27265625 0.4192708333333333 0.24921875 0.4075520833333333 0.23671875 0.3990885416666667 0.23359375 0.3821614583333333 0.23359375 0.3346354166666667 0.25078125 0.3268229166666667 0.25703125 0.31640625 0.27578125 0.3092447916666667 0.3171875
1 0.470703125 0.2859375 0.4694010416666667 0.3078125 0.4772135416666667 0.3625 0.5247395833333334 0.43671875 0.5305989583333334 0.44296875 0.5364583333333334 0.44375 0.5859375 0.36875 0.5872395833333334 0.353125 0.5846354166666666 0.33515625 0.5657552083333334 0.30390625 0.5546875 0.2671875 0.546875 0.25546875 0.5403645833333334 0.23828125 0.5364583333333334 0.23515625 0.5240885416666666 0.234375 0.5162760416666666 0.2375 0.4928385416666667 0.26328125 0.4772135416666667 0.2734375
1 0.5494791666666666 0.24296875 0.5501302083333334 0.253125 0.5553385416666666 0.26015625 0.5618489583333334 0.2796875 0.5735677083333334 0.290625 0.58203125 0.290625 0.603515625 0.275 0.61328125 0.23828125 0.6126302083333334 0.22109375 0.609375 0.2125 0.6028645833333334 0.20703125 0.5813802083333334 0.209375 0.568359375 0.21640625
1 0.625 0.1828125 0.623046875 0.23125 0.6341145833333334 0.2671875 0.6536458333333334 0.2828125 0.6712239583333334 0.29140625 0.7005208333333334 0.2953125 0.7096354166666666 0.2875 0.765625 0.18515625 0.7682291666666666 0.17109375 0.7578125 0.16015625 0.7337239583333334 0.1484375 0.6946614583333334 0.1453125 0.685546875 0.14921875 0.6647135416666666 0.15078125 0.65234375 0.16328125 0.6399739583333334 0.1671875 0.6321614583333334 0.1734375
1 0.6477864583333334 0.5109375 0.6471354166666666 0.5328125 0.6510416666666666 0.5640625 0.6673177083333334 0.56953125 0.7161458333333334 0.56953125 0.7278645833333334 0.5625 0.7350260416666666 0.54609375 0.7408854166666666 0.51796875 0.7408854166666666 0.49296875 0.734375 0.4671875 0.7272135416666666 0.45078125 0.7194010416666666 0.44140625 0.7096354166666666 0.43828125 0.6725260416666666 0.44140625 0.6647135416666666 0.4453125 0.662109375 0.45 0.6549479166666666 0.47890625 0.6549479166666666 0.49140625
1 0.765625 0.5140625 0.7682291666666666 0.53828125 0.779296875 0.55234375 0.7903645833333334 0.553125 0.8190104166666666 0.57109375 0.841796875 0.57265625 0.8600260416666666 0.56953125 0.8723958333333334 0.565625 0.884765625 0.55390625 0.8880208333333334 0.5296875 0.892578125 0.515625 0.8912760416666666 0.509375 0.8971354166666666 0.4890625 0.890625 0.4625 0.869140625 0.44375 0.796875 0.428125 0.7916666666666666 0.43203125 0.779296875 0.45234375 0.7747395833333334 0.4953125
1 0.54296875 0.834375 0.5462239583333334 0.8625 0.556640625 0.884375 0.57421875 0.91640625 0.5989583333333334 0.94921875 0.6510416666666666 0.9484375 0.6686197916666666 0.9296875 0.6783854166666666 0.9046875 0.681640625 0.865625 0.6803385416666666 0.8421875 0.671875 0.82421875 0.654296875 0.81640625 0.6022135416666666 0.8109375 0.5944010416666666 0.81328125 0.583984375 0.82265625 0.5501302083333334 0.8265625
1 0.501953125 0.70546875 0.5013020833333334 0.721875 0.5084635416666666 0.7515625 0.53515625 0.77265625 0.583984375 0.80390625 0.591796875 0.80859375 0.599609375 0.80703125 0.6048177083333334 0.74921875 0.60546875 0.696875 0.6028645833333334 0.67421875 0.607421875 0.640625 0.6067708333333334 0.615625 0.59375 0.61953125 0.546875 0.653125 0.5364583333333334 0.6671875 0.513671875 0.6875
1 0.419921875 0.4984375 0.41796875 0.51015625 0.4212239583333333 0.52109375 0.439453125 0.5453125 0.4596354166666667 0.5640625 0.4908854166666667 0.6015625 0.5065104166666666 0.60390625 0.5201822916666666 0.59140625 0.5305989583333334 0.5671875 0.5299479166666666 0.55859375 0.453125 0.46640625 0.4466145833333333 0.465625 0.4427083333333333 0.46875
1 0.24283854166666666 0.5984375 0.23828125 0.60390625 0.23893229166666666 0.61328125 0.2584635416666667 0.6515625 0.267578125 0.6609375 0.302734375 0.678125 0.310546875 0.67734375 0.3450520833333333 0.65546875 0.3671875 0.63359375 0.36328125 0.61953125 0.3567708333333333 0.609375 0.33506966145833333 0.58958359375 0.32421875 0.57109375 0.310546875 0.56171875 0.28515625 0.56640625 0.2779947916666667 0.57265625 0.275390625 0.58125 0.2532552083333333 0.590625
1 0.15364583333333334 0.78203125 0.15299479166666666 0.7953125 0.15559895833333334 0.80234375 0.16861979166666666 0.81640625 0.20963541666666666 0.8109375 0.23372395833333334 0.8015625 0.240234375 0.79765625 0.2421875 0.79296875 0.23893229166666666 0.7703125 0.228515625 0.75234375 0.2265625 0.74140625 0.22330729166666666 0.73828125 0.20703125 0.7375 0.197265625 0.73359375 0.18489583333333334 0.73671875 0.177734375 0.74765625 0.16471354166666666 0.75859375 0.15625 0.771875
1 0.2701822916666667 0.89609375 0.2688802083333333 0.92421875 0.2779947916666667 0.9515625 0.2779947916666667 0.9703125 0.2877604166666667 0.98671875 0.318359375 0.98828125 0.3307291666666667 0.9859375 0.3372395833333333 0.98203125 0.3587239583333333 0.9578125 0.357421875 0.9359375 0.3489583333333333 0.9140625 0.3424479166666667 0.90859375 0.296875 0.8796875 0.275390625 0.88984375
1 0.443359375 0.2 0.4459635416666667 0.22890625 0.462890625 0.23671875 0.4850260416666667 0.2359375 0.48828125 0.23203125 0.4869791666666667 0.199609375 0.4928385416666667 0.18203125 0.4928385416666667 0.17421875 0.4908854166666667 0.1703125 0.4876302083333333 0.17109375
1 0.810546875 0.38515625 0.8111979166666666 0.40234375 0.82421875 0.40625 0.828125 0.403125 0.8352864583333334 0.3859375 0.8444010416666666 0.34453125 0.8470052083333334 0.328125 0.8444010416666666 0.32265625 0.8372395833333334 0.32109375 0.8274739583333334 0.32421875
1 0.7454427083333334 0.775 0.7447916666666666 0.7890625 0.7473958333333334 0.79140625 0.779296875 0.7890625 0.8209635416666666 0.775 0.8450520833333334 0.77109375 0.8619791666666666 0.75546875 0.85546875 0.7109375 0.8424479166666666 0.675 0.8352864583333334 0.6609375 0.80859375 0.628125 0.7994791666666666 0.62890625 0.78515625 0.646875 0.765625 0.7171875