1 0.11393229166666667 0.09140625 0.11393229166666667 0.10234375 0.12109375 0.1125 0.14713541666666666 0.12890625 0.16471354166666666 0.1234375 0.19205729166666666 0.09609375 0.18033854166666666 0.0640625 0.17122395833333334 0.05859375 0.12955729166666666 0.065625 0.12174479166666667 0.075
1 0.4388020833333333 0.178125 0.4388020833333333 0.19453125 0.4505208333333333 0.22109375 0.470703125 0.25625 0.48046875 0.26328125 0.48828125 0.26171875 0.5032552083333334 0.25078125 0.5227864583333334 0.23046875 0.5377604166666666 0.22109375 0.548828125 0.21015625 0.5533854166666666 0.2 0.552734375 0.18046875 0.546875 0.16640625 0.5260416666666666 0.15703125 0.5104166666666666 0.14609375 0.501953125 0.13515625 0.4876302083333333 0.13046875 0.4466145833333333 0.165625
1 0.099609375 0.3765625 0.09830729166666667 0.4015625 0.1015625 0.4109375 0.12890625 0.44296875 0.14322916666666666 0.4453125 0.16861979166666666 0.425 0.17057291666666666 0.41953125 0.16927083333333334 0.396875 0.16536458333333334 0.384375 0.15885416666666666 0.37578125 0.11197916666666667 0.3578125 0.10286458333333333 0.36015625
1 0.115234375 0.7828125 0.11458333333333333 0.79296875 0.11848958333333333 0.8015625 0.18033854166666666 0.87578125 0.19791666666666666 0.9046875 0.20638020833333334 0.9109375 0.21419270833333334 0.90546875 0.236328125 0.8625 0.2584635416666667 0.8328125 0.263671875 0.8203125 0.2740885416666667 0.81015625 0.29296875 0.771875 0.2936197916666667 0.76484375 0.2838541666666667 0.75390625 0.2779947916666667 0.740625 0.2584635416666667 0.74375 0.24609375 0.73125 0.2421875 0.72109375 0.23697916666666666 0.715625 0.2265625 0.71015625 0.19921875 0.70625 0.13736979166666666 0.75703125
1 0.3138020833333333 0.3390625 0.30859375 0.36171875 0.3111979166666667 0.36875 0.3483072916666667 0.38046875 0.3671875 0.37265625 0.3678385416666667 0.35546875 0.359375 0.328125 0.353515625 0.3203125 0.341796875 0.31875 0.328125 0.328125 0.3177083333333333 0.33125
1 0.404296875 0.3625 0.4036458333333333 0.3734375 0.4114583333333333 0.3890625 0.435546875 0.39921875 0.4544270833333333 0.36171875 0.4557291666666667 0.353125 0.4485677083333333 0.34140625 0.4348958333333333 0.33203125
1 0.302734375 0.46640625 0.302734375 0.4734375 0.306640625 0.478125 0.3216145833333333 0.484375 0.3313802083333333 0.484375 0.349609375 0.45 0.3333333333333333 0.43671875 0.3177083333333333 0.43515625 0.3111979166666667 0.43984375
1 0.4850260416666667 0.37265625 0.484375 0.38046875 0.4915364583333333 0.390625 0.51953125 0.3859375 0.529296875 0.39453125 0.5403645833333334 0.396875 0.5455729166666666 0.384375 0.5455729166666666 0.375 0.5397135416666666 0.35546875 0.5221354166666666 0.3453125 0.51171875 0.34609375 0.49609375 0.35546875 0.4895833333333333 0.36171875
1 0.400390625 0.5625 0.3984375 0.56953125 0.400390625 0.57734375 0.4192708333333333 0.59296875 0.443359375 0.60625 0.4596354166666667 0.62265625 0.466796875 0.62265625 0.478515625 0.59375 0.478515625 0.58515625 0.470703125 0.57578125 0.4635416666666667 0.57109375 0.4303385416666667 0.5703125 0.4069010416666667 0.55859375
1 0.595703125 0.36953125 0.6002604166666666 0.409375 0.5950520833333334 0.4203125 0.5813802083333334 0.43359375 0.5813802083333334 0.4421875 0.58984375 0.45 0.6067708333333334 0.45859375 0.619140625 0.4640625 0.6295572916666666 0.4640625 0.6334635416666666 0.45859375 0.63671875 0.440625 0.654296875 0.39765625 0.6569010416666666 0.37734375 0.6536458333333334 0.365625 0.6471354166666666 0.3484375 0.6432291666666666 0.34453125 0.609375 0.3421875 0.6028645833333334 0.3484375
1 0.7200520833333334 0.425 0.71875 0.4609375 0.740234375 0.47265625 0.7688802083333334 0.47578125 0.7877604166666666 0.46484375 0.8001302083333334 0.44921875 0.8033854166666666 0.43125 0.8138020833333334 0.41015625 0.8177083333333334 0.3859375 0.8111979166666666 0.371875 0.8138020833333334 0.3609375 0.8131510416666666 0.34921875 0.8040364583333334 0.29375 0.7962239583333334 0.2765625 0.7884114583333334 0.26640625 0.78125 0.2640625 0.7727864583333334 0.2671875 0.7513020833333334 0.2859375
1 0.8802083333333334 0.38046875 0.8873697916666666 0.425 0.8912760416666666 0.44140625 0.8971354166666666 0.453125 0.912109375 0.45390625 0.9270833333333334 0.44765625 0.939453125 0.43984375 0.9505208333333334 0.428125 0.9557291666666666 0.41796875 0.9576822916666666 0.40859375 0.9557291666666666 0.3984375 0.9342447916666666 0.3828125 0.921875 0.36875 0.8958333333333334 0.37265625
1 0.8209635416666666 0.653125 0.8196614583333334 0.67265625 0.8216145833333334 0.68515625 0.8333333333333334 0.70234375 0.8515625 0.7390625 0.873046875 0.7578125 0.8841145833333334 0.759375 0.8899739583333334 0.75703125 0.89453125 0.74765625 0.892578125 0.70546875 0.9010416666666666 0.66875 0.90234375 0.6359375 0.8997395833333334 0.61953125 0.87890625 0.6 0.861328125 0.58828125 0.8352864583333334 0.590625 0.8313802083333334 0.59296875 0.828125 0.60234375 0.8268229166666666 0.63046875
1 0.685546875 0.7640625 0.6848958333333334 0.7765625 0.6888020833333334 0.78671875 0.7115885416666666 0.81015625 0.7180989583333334 0.81171875 0.7272135416666666 0.8015625 0.73583984375 0.796875 0.7584635416666666 0.79609375 0.7662760416666666 0.7890625 0.7858072916666666 0.759375 0.791015625 0.7375 0.7897135416666666 0.725 0.7727864583333334 0.70234375 0.75390625 0.69921875 0.73046875 0.70078125 0.7174479166666666 0.6953125 0.7096354166666666 0.6953125 0.6920572916666666 0.71640625 0.6901041666666666 0.74375
1 0.548828125 0.57421875 0.552734375 0.6265625 0.5677083333333334 0.68125 0.583984375 0.7015625 0.607421875 0.71640625 0.6223958333333334 0.73359375 0.6360677083333334 0.7375 0.6419270833333334 0.73515625 0.6516927083333334 0.7203125 0.6575520833333334 0.70234375 0.6712239583333334 0.63671875 0.6692708333333334 0.628125 0.6608072916666666 0.61953125 0.6282552083333334 0.6015625 0.6041666666666666 0.5984375 0.5579427083333334 0.5734375
1 0.5729166666666666 0.5140625 0.572265625 0.54765625 0.57421875 0.5515625 0.5813802083333334 0.55703125 0.5911458333333334 0.559375 0.6087239583333334 0.55625 0.6165364583333334 0.53828125 0.6158854166666666 0.49765625 0.6184895833333334 0.4796875 0.6022135416666666 0.46953125 0.5885416666666666 0.47265625 0.5768229166666666 0.49609375
1 0.5592447916666666 0.87578125 0.5592447916666666 0.9046875 0.56640625 0.9140625 0.5755208333333334 0.91796875 0.587890625 0.91796875 0.6139322916666666 0.9109375 0.630859375 0.9 0.6360677083333334 0.8765625 0.6341145833333334 0.84375 0.6321614583333334 0.8390625 0.626953125 0.83671875 0.6171875 0.8453125 0.587890625 0.84921875 0.5677083333333334 0.8578125
1 0.5260416666666666 0.765625 0.5247395833333334 0.7765625 0.5305989583333334 0.79609375 0.5533854166666666 0.8171875 0.5625 0.81640625 0.5677083333333334 0.81171875 0.5813802083333334 0.78515625 0.599609375 0.7421875 0.6002604166666666 0.73359375 0.583984375 0.7140625 0.5774739583333334 0.7125 0.53515625 0.746875
1 0.341796875 0.8546875 0.3411458333333333 0.8625 0.3444010416666667 0.87421875 0.3489583333333333 0.8796875 0.3880208333333333 0.88984375 0.40625 0.884375 0.4212239583333333 0.875 0.4505208333333333 0.86953125 0.4654947916666667 0.85859375 0.474609375 0.84609375 0.4752604166666667 0.83984375 0.4694010416666667 0.8296875 0.458984375 0.8203125 0.427734375 0.78046875 0.4134114583333333 0.77265625 0.3990885416666667 0.77890625 0.3483072916666667 0.8390625
1 0.701171875 0.88046875 0.705078125 0.925 0.7194010416666666 0.95625 0.7330729166666666 0.97109375 0.7369791666666666 0.9703125 0.7428385416666666 0.9609375 0.7532552083333334 0.9625 0.7740885416666666 0.95234375 0.7747395833333334 0.9421875 0.7662760416666666 0.9 0.7571614583333334 0.87421875 0.7434895833333334 0.85625 0.7395833333333334 0.85390625 0.7311197916666666 0.85625 0.72265625 0.8640625 0.7063802083333334 0.871875
1 0.28515625 0.68515625 0.287109375 0.7015625 0.28515625 0.721875 0.2884114583333333 0.73046875 0.29296875 0.7328125 0.3092447916666667 0.73046875 0.3268229166666667 0.7140625 0.3274739583333333 0.70078125 0.3092447916666667 0.6828125 0.2923177083333333 0.6796875