1 0.162109375 0.26640625 0.16145833333333334 0.27265625 0.171875 0.29296875 0.2265625 0.346875 0.234375 0.34609375 0.2630208333333333 0.328125 0.2916666666666667 0.3015625 0.2877604166666667 0.29140625 0.271484375 0.27578125 0.25 0.2453125 0.234375 0.22890625 0.203125 0.23671875 0.19205729166666666 0.25234375
1 0.33984375 0.15390625 0.337890625 0.16640625 0.3502604166666667 0.19140625 0.400390625 0.24453125 0.4251302083333333 0.2609375 0.4381510416666667 0.25859375 0.443359375 0.253125 0.44921875 0.2375 0.4498697916666667 0.22734375 0.4427083333333333 0.20703125 0.416015625 0.17109375 0.373046875 0.121875 0.3678385416666667 0.1203125 0.3600260416666667 0.125
1 0.07096354166666667 0.4296875 0.0703125 0.44296875 0.07291666666666667 0.4515625 0.08138020833333333 0.46796875 0.087890625 0.47421875 0.11653645833333333 0.4734375 0.14713541666666666 0.4640625 0.162109375 0.4640625 0.16536458333333334 0.45859375 0.16276041666666666 0.44140625 0.14453125 0.39921875 0.107421875 0.403125 0.080078125 0.41796875 0.07291666666666667 0.42421875
1 0.185546875 0.559375 0.18815104166666666 0.58671875 0.19791666666666666 0.60546875 0.19466145833333334 0.62734375 0.203125 0.64375 0.21354166666666666 0.65390625 0.22916666666666666 0.65625 0.2552083333333333 0.65078125 0.279296875 0.6203125 0.2779947916666667 0.6046875 0.271484375 0.584375 0.2545572916666667 0.56484375 0.20703125 0.53828125 0.19791666666666666 0.53828125 0.19140625 0.5421875
1 0.4212239583333333 0.3578125 0.421875 0.39140625 0.4283854166666667 0.40703125 0.5065104166666666 0.45859375 0.515625 0.459375 0.5240885416666666 0.4234375 0.5260416666666666 0.4 0.5247395833333334 0.34609375 0.51953125 0.33359375 0.5247395833333334 0.2890625 0.5240885416666666 0.26796875 0.5143229166666666 0.26875 0.4641927083333333 0.303125
1 0.5657552083333334 0.16328125 0.5651041666666666 0.1828125 0.568359375 0.21171875 0.5709635416666666 0.2265625 0.57421875 0.23046875 0.5989583333333334 0.2375 0.623046875 0.23828125 0.63671875 0.23125 0.6490885416666666 0.215625 0.65625 0.1875 0.658203125 0.14609375 0.6510416666666666 0.11953125 0.6438802083333334 0.109375 0.6263020833333334 0.10703125 0.6022135416666666 0.11328125 0.583984375 0.12421875 0.5729166666666666 0.1390625
1 0.6979166666666666 0.12109375 0.6985677083333334 0.14765625 0.6881510416666666 0.18984375 0.6888020833333334 0.20546875 0.697265625 0.21953125 0.7330729166666666 0.2375 0.7526041666666666 0.23984375 0.783203125 0.22734375 0.802734375 0.20859375 0.8079427083333334 0.1703125 0.814453125 0.153125 0.8092447916666666 0.121875 0.8033854166666666 0.1125 0.751953125 0.08984375 0.7233072916666666 0.0875 0.7161458333333334 0.08984375 0.7096354166666666 0.096875
1 0.66796875 0.44375 0.6673177083333334 0.4578125 0.6796875 0.45703125 0.7200520833333334 0.44609375 0.7389322916666666 0.43671875 0.7662760416666666 0.43515625 0.7819010416666666 0.42265625 0.783203125 0.41640625 0.77734375 0.39765625 0.7760416666666666 0.38125 0.759765625 0.33515625 0.7493489583333334 0.31796875 0.7317708333333334 0.29765625 0.7259114583333334 0.2953125 0.7180989583333334 0.29921875 0.7057291666666666 0.31953125 0.6920572916666666 0.375
1 0.6477864583333334 0.5421875 0.6471354166666666 0.54765625 0.650390625 0.55546875 0.6614583333333334 0.571875 0.67578125 0.58515625 0.677734375 0.596875 0.6848958333333334 0.6140625 0.693359375 0.625 0.7109375 0.63515625 0.7291666666666666 0.6515625 0.759765625 0.65390625 0.7740885416666666 0.64921875 0.7864583333333334 0.640625 0.8014322916666666 0.615625 0.8046875 0.59296875 0.8118489583333334 0.5703125 0.814453125 0.51171875 0.8033854166666666 0.49453125 0.7747395833333334 0.475 0.7265625 0.475 0.6979166666666666 0.4875
1 0.6647135416666666 0.7375 0.6647135416666666 0.79453125 0.6705729166666666 0.81015625 0.68359375 0.81796875 0.7272135416666666 0.81796875 0.7552083333333334 0.8109375 0.7649739583333334 0.80234375 0.7682291666666666 0.79453125 0.7819010416666666 0.78671875 0.7936197916666666 0.76875 0.79296875 0.76484375 0.78515625 0.7578125 0.7877604166666666 0.74140625 0.7864583333333334 0.73203125 0.7727864583333334 0.7015625 0.7610677083333334 0.69609375 0.7330729166666666 0.69609375 0.7154947916666666 0.684375 0.705078125 0.67109375 0.6881510416666666 0.66328125 0.6829427083333334 0.66328125 0.677734375 0.67265625 0.6686197916666666 0.709375
1 0.4609375 0.4921875 0.4596354166666667 0.5 0.4765625 0.53671875 0.4908854166666667 0.56171875 0.51953125 0.5984375 0.5416666666666666 0.61015625 0.568359375 0.6125 0.5729166666666666 0.61015625 0.5891927083333334 0.58828125 0.59765625 0.565625 0.5989583333333334 0.54140625 0.6028645833333334 0.52734375 0.6009114583333334 0.49921875 0.5891927083333334 0.48359375 0.5677083333333334 0.47421875 0.525390625 0.47421875 0.5071614583333334 0.47890625 0.4830729166666667 0.48046875
1 0.5065104166666666 0.65 0.4954427083333333 0.6921875 0.49609375 0.6984375 0.5221354166666666 0.7203125 0.5501302083333334 0.73359375 0.5553385416666666 0.734375 0.5677083333333334 0.72734375 0.5787760416666666 0.7078125 0.5826822916666666 0.69375 0.5833333333333334 0.678125 0.578125 0.6578125 0.5390625 0.6328125 0.5201822916666666 0.625 0.513671875 0.62734375
1 0.3372395833333333 0.690625 0.3372395833333333 0.7 0.3444010416666667 0.71953125 0.3522135416666667 0.73125 0.3580729166666667 0.73515625 0.37109375 0.7390625 0.3880208333333333 0.7390625 0.4088541666666667 0.7359375 0.4244791666666667 0.728125 0.4192708333333333 0.70859375 0.39453125 0.6734375 0.3854166666666667 0.67265625 0.3522135416666667 0.6875
1 0.4322916666666667 0.9421875 0.431640625 0.95234375 0.4361979166666667 0.95703125 0.5013020833333334 0.98125 0.5071614583333334 0.97265625 0.5364583333333334 0.87578125 0.537109375 0.86328125 0.5026041666666666 0.82734375 0.4967447916666667 0.82578125 0.48046875 0.82890625 0.4694010416666667 0.84765625 0.458984375 0.87734375 0.4485677083333333 0.88984375
1 0.041015625 0.83828125 0.043619791666666664 0.859375 0.047526041666666664 0.86953125 0.08919270833333333 0.86953125 0.10286458333333333 0.85859375 0.11263020833333333 0.8265625 0.115234375 0.80703125 0.09309895833333333 0.7953125 0.08203125 0.79375 0.06315104166666667 0.80859375
1 0.2936197916666667 0.89765625 0.2955729166666667 0.93203125 0.3079427083333333 0.96953125 0.3209635416666667 0.98125 0.3274739583333333 0.98515625 0.3326822916666667 0.984375 0.3391927083333333 0.97109375 0.3430989583333333 0.9546875 0.3411458333333333 0.925 0.3359375 0.90078125 0.318359375 0.884375 0.3111979166666667 0.88125 0.3053385416666667 0.88203125