1 0.10416666666666667 0.2328125 0.10416666666666667 0.24140625 0.12109375 0.25546875 0.140625 0.2640625 0.15755208333333334 0.265625 0.16536458333333334 0.25390625 0.17317708333333334 0.22890625 0.16861979166666666 0.1890625 0.15234375 0.16953125 0.14583333333333334 0.16953125 0.13606770833333334 0.175 0.12630208333333334 0.1859375 0.12239583333333333 0.1984375 0.11002604166666667 0.21640625
1 0.12239583333333333 0.31171875 0.12174479166666667 0.31875 0.12760416666666666 0.34453125 0.14453125 0.40078125 0.16341145833333334 0.4359375 0.19596354166666666 0.46796875 0.201171875 0.4703125 0.2109375 0.46875 0.24479166666666666 0.44375 0.2936197916666667 0.4265625 0.2994791666666667 0.421875 0.3079427083333333 0.4046875 0.3053385416666667 0.38671875 0.2942708333333333 0.3609375 0.2760416666666667 0.33984375 0.2682291666666667 0.31796875 0.2623697916666667 0.309375 0.20703125 0.271875 0.19075520833333334 0.26875 0.15299479166666666 0.28125 0.13802083333333334 0.29609375 0.12630208333333334 0.303125
1 0.3502604166666667 0.35234375 0.349609375 0.36171875 0.3522135416666667 0.36953125 0.375 0.4109375 0.3834635416666667 0.41171875 0.4296875 0.40078125 0.4498697916666667 0.39375 0.4615885416666667 0.38359375 0.4811197916666667 0.38046875 0.5 0.3703125 0.5052083333333334 0.3578125 0.501953125 0.325 0.5032552083333334 0.31328125 0.498046875 0.3 0.4850260416666667 0.29140625 0.4596354166666667 0.290625 0.4290364583333333 0.278125 0.4075520833333333 0.2796875 0.392578125 0.2953125 0.373046875 0.30625
1 0.5390625 0.26171875 0.5384114583333334 0.28046875 0.5462239583333334 0.3 0.5540364583333334 0.31015625 0.5657552083333334 0.3125 0.5813802083333334 0.30703125 0.587890625 0.3015625 0.603515625 0.265625 0.6041666666666666 0.253125 0.595703125 0.2375 0.5703125 0.234375 0.55078125 0.24609375
1 0.6119791666666666 0.2265625 0.611328125 0.23125 0.6178385416666666 0.24140625 0.625 0.2703125 0.6673177083333334 0.32890625 0.6764322916666666 0.3375 0.7037760416666666 0.33671875 0.724609375 0.32734375 0.732421875 0.3171875 0.7506510416666666 0.27890625 0.7747395833333334 0.25859375 0.7766927083333334 0.25 0.7819010416666666 0.24375 0.7838541666666666 0.215625 0.7786458333333334 0.203125 0.7584635416666666 0.1921875 0.74609375 0.19375 0.7194010416666666 0.18828125 0.7044270833333334 0.18046875 0.6868489583333334 0.18046875 0.673828125 0.18359375 0.6399739583333334 0.20234375
1 0.6380208333333334 0.52890625 0.63671875 0.5515625 0.6412760416666666 0.58515625 0.654296875 0.5890625 0.6848958333333334 0.58671875 0.7063802083333334 0.58984375 0.7180989583333334 0.58203125 0.724609375 0.56640625 0.7298177083333334 0.5390625 0.73046875 0.51796875 0.7239583333333334 0.48984375 0.7096354166666666 0.46328125 0.7005208333333334 0.459375 0.6653645833333334 0.46171875 0.6595052083333334 0.46328125 0.6536458333333334 0.46953125
1 0.5 0.475 0.4993489583333333 0.4875 0.501953125 0.496875 0.5110677083333334 0.51015625 0.5182291666666666 0.53125 0.5266927083333334 0.54609375 0.5364583333333334 0.55625 0.5475260416666666 0.56171875 0.5533854166666666 0.5625 0.5618489583333334 0.55703125 0.5950520833333334 0.51953125 0.6139322916666666 0.50625 0.6315104166666666 0.48046875 0.634765625 0.45859375 0.6256510416666666 0.41875 0.623046875 0.39375 0.6171875 0.37421875 0.6087239583333334 0.36953125 0.5579427083333334 0.41328125 0.5286458333333334 0.425 0.5188802083333334 0.43515625 0.513671875 0.45078125 0.5026041666666666 0.46640625
1 0.755859375 0.534375 0.7571614583333334 0.55703125 0.767578125 0.571875 0.783203125 0.57578125 0.8098958333333334 0.59296875 0.8463541666666666 0.59140625 0.86328125 0.58515625 0.8743489583333334 0.57421875 0.8776041666666666 0.55 0.8834635416666666 0.53359375 0.8860677083333334 0.5078125 0.8782552083333334 0.48125 0.8600260416666666 0.46484375 0.7864583333333334 0.4484375 0.7682291666666666 0.47734375 0.7649739583333334 0.5140625
1 0.734375 0.79921875 0.7369791666666666 0.81171875 0.7766927083333334 0.8078125 0.8033854166666666 0.79765625 0.8313802083333334 0.7921875 0.845703125 0.7828125 0.8509114583333334 0.77578125 0.8515625 0.76484375 0.8470052083333334 0.7515625 0.8450520833333334 0.73203125 0.8287760416666666 0.6875 0.7975260416666666 0.6484375 0.787109375 0.6515625 0.7779947916666666 0.6609375 0.755859375 0.7375
1 0.529296875 0.85546875 0.5286458333333334 0.86015625 0.5358072916666666 0.88203125 0.5455729166666666 0.9046875 0.5631510416666666 0.9359375 0.587890625 0.96953125 0.6399739583333334 0.97109375 0.6477864583333334 0.96484375 0.6608072916666666 0.94609375 0.66796875 0.925 0.6712239583333334 0.871875 0.6705729166666666 0.8625 0.6595052083333334 0.84296875 0.6217447916666666 0.83359375 0.5768229166666666 0.83125 0.55078125 0.8375
1 0.3932291666666667 0.73515625 0.3919270833333333 0.74296875 0.3938802083333333 0.746875 0.4114583333333333 0.75703125 0.4375 0.7984375 0.462890625 0.82890625 0.4765625 0.84140625 0.5 0.8546875 0.5078125 0.8578125 0.515625 0.85546875 0.5201822916666666 0.80703125 0.5266927083333334 0.78125 0.533203125 0.73671875 0.5319010416666666 0.73046875 0.513671875 0.7046875 0.4993489583333333 0.69921875 0.4518229166666667 0.70546875 0.4036458333333333 0.72578125
1 0.3763020833333333 0.51953125 0.3743489583333333 0.52890625 0.384765625 0.590625 0.3912760416666667 0.65078125 0.41015625 0.659375 0.4192708333333333 0.659375 0.4342447916666667 0.65234375 0.439453125 0.6421875 0.4407552083333333 0.62109375 0.4342447916666667 0.58671875 0.4322916666666667 0.54921875 0.4231770833333333 0.5140625 0.416015625 0.50859375 0.4114583333333333 0.50859375 0.3873697916666667 0.5140625
1 0.267578125 0.6921875 0.267578125 0.71328125 0.275390625 0.725 0.283203125 0.7515625 0.2955729166666667 0.7671875 0.3033854166666667 0.7703125 0.3138020833333333 0.75546875 0.3424479166666667 0.696875 0.3541666666666667 0.671875 0.3548177083333333 0.66328125 0.3151041666666667 0.61796875 0.3033854166666667 0.61328125 0.2936197916666667 0.621875 0.2864583333333333 0.64296875 0.2708333333333333 0.6734375
1 0.220703125 0.8 0.22005208333333334 0.8078125 0.224609375 0.815625 0.2643229166666667 0.85 0.2897135416666667 0.84921875 0.2955729166666667 0.84609375 0.3138020833333333 0.83125 0.3190104166666667 0.82109375 0.3209635416666667 0.80859375 0.3196614583333333 0.80078125 0.3053385416666667 0.7890625 0.2584635416666667 0.7640625 0.2513020833333333 0.7640625 0.23828125 0.771875 0.22981770833333334 0.78125
1 0.80078125 0.4015625 0.8001302083333334 0.42109375 0.8059895833333334 0.425 0.81640625 0.425 0.8255208333333334 0.40625 0.8268229166666666 0.39140625 0.8365885416666666 0.353125 0.8346354166666666 0.34296875 0.8235677083333334 0.34140625 0.81640625 0.34609375
1 0.4290364583333333 0.22109375 0.4368489583333333 0.25078125 0.4563802083333333 0.25859375 0.4752604166666667 0.25625 0.478515625 0.2484375 0.4765625 0.223046875 0.482421875 0.20234375 0.4817708333333333 0.19453125 0.4772135416666667 0.19140625 0.4733072916666667 0.19609375