0 0.14778645833333334 0.07421875 0.1484375 0.10546875 0.14518229166666666 0.11640625 0.14713541666666666 0.1296875 0.17447916666666666 0.1390625 0.18359375 0.1375 0.1875 0.1296875 0.185546875 0.0953125 0.169921875 0.08515625 0.15755208333333334 0.07265625
0 0.19401041666666666 0.18203125 0.193359375 0.196875 0.19856770833333334 0.2140625 0.23307291666666666 0.240625 0.24088541666666666 0.240625 0.24739583333333334 0.2359375 0.255859375 0.21015625 0.265625 0.19921875 0.2682291666666667 0.1890625 0.2623697916666667 0.17578125 0.23502604166666666 0.16875 0.20377604166666666 0.1734375
0 0.3450520833333333 0.2296875 0.3450520833333333 0.2671875 0.3515625 0.2984375 0.357421875 0.30390625 0.3938802083333333 0.30390625 0.400390625 0.29375 0.4029947916666667 0.26171875 0.400390625 0.24375 0.3919270833333333 0.2328125 0.3841145833333333 0.2125 0.3723958333333333 0.21015625 0.3548177083333333 0.21484375 0.34765625 0.2203125
0 0.22330729166666666 0.35078125 0.22005208333333334 0.37734375 0.22786458333333334 0.390625 0.24088541666666666 0.39765625 0.24869791666666666 0.396875 0.2805989583333333 0.3828125 0.2981770833333333 0.36953125 0.2903645833333333 0.3484375 0.2630208333333333 0.31875 0.24609375 0.3203125 0.23111979166666666 0.32734375
0 0.11263020833333333 0.41328125 0.11653645833333333 0.44609375 0.12044270833333333 0.45625 0.12565104166666666 0.4609375 0.15950520833333334 0.459375 0.17447916666666666 0.45390625 0.17838541666666666 0.44921875 0.17903645833333334 0.4359375 0.171875 0.40625 0.13802083333333334 0.40234375 0.11979166666666667 0.40546875
0 0.29296875 0.6015625 0.2916666666666667 0.61875 0.2955729166666667 0.6484375 0.322265625 0.64921875 0.3352864583333333 0.64375 0.341796875 0.6296875 0.3450520833333333 0.6125 0.345703125 0.6 0.3424479166666667 0.59453125 0.3352864583333333 0.5890625 0.322265625 0.58671875 0.298828125 0.58828125 0.294921875 0.59140625
0 0.19661458333333334 0.76171875 0.197265625 0.77265625 0.20638020833333334 0.78828125 0.19921875 0.80546875 0.19921875 0.8140625 0.20963541666666666 0.8390625 0.21614583333333334 0.84609375 0.23697916666666666 0.84609375 0.2604166666666667 0.8265625 0.2786458333333333 0.78046875 0.2845052083333333 0.73203125 0.283203125 0.71640625 0.279296875 0.71015625 0.2727864583333333 0.70703125 0.23502604166666666 0.703125 0.216796875 0.70625 0.21158854166666666 0.709375 0.20442708333333334 0.7203125
0 0.2962239583333333 0.63828125 0.296875 0.6453125 0.3020833333333333 0.646875 0.33203125 0.64453125 0.3352864583333333 0.64140625 0.3346354166666667 0.63828125
0 0.14322916666666666 0.66796875 0.13346354166666666 0.7265625 0.13606770833333334 0.73515625 0.14713541666666666 0.734375 0.16080729166666666 0.72734375 0.16796875 0.71796875 0.17122395833333334 0.703125 0.171875 0.68828125 0.16927083333333334 0.6765625 0.16276041666666666 0.6734375 0.150390625 0.659375 0.146484375 0.6609375
0 0.34375 0.40078125 0.3352864583333333 0.42109375 0.337890625 0.4421875 0.34375 0.44453125 0.345703125 0.45 0.3430989583333333 0.453125 0.3470052083333333 0.45625 0.3626302083333333 0.4640625 0.3665364583333333 0.46328125 0.3763020833333333 0.45234375 0.3834635416666667 0.43359375 0.384765625 0.41953125 0.3802083333333333 0.41171875 0.3802083333333333 0.40390625 0.3736979166666667 0.39765625 0.3580729166666667 0.39375 0.3522135416666667 0.39375
0 0.4127604166666667 0.44140625 0.4114583333333333 0.4578125 0.4192708333333333 0.4734375 0.4427083333333333 0.484375 0.466796875 0.490625 0.4739583333333333 0.48828125 0.4856770833333333 0.46953125 0.4928385416666667 0.4359375 0.4967447916666667 0.38984375 0.494140625 0.36171875 0.4908854166666667 0.35859375 0.482421875 0.359375 0.4635416666666667 0.36640625 0.4401041666666667 0.36875 0.435546875 0.37421875 0.431640625 0.38984375 0.4205729166666667 0.41015625
0 0.4498697916666667 0.1828125 0.4485677083333333 0.19765625 0.4518229166666667 0.215625 0.462890625 0.24375 0.46875 0.2515625 0.4830729166666667 0.259375 0.4993489583333333 0.2625 0.5208333333333334 0.25078125 0.5247395833333334 0.23828125 0.5221354166666666 0.2203125 0.5065104166666666 0.1890625 0.4954427083333333 0.17734375 0.4869791666666667 0.17109375 0.4635416666666667 0.1671875
0 0.4680989583333333 0.565625 0.466796875 0.57421875 0.4765625 0.5984375 0.5078125 0.63671875 0.5169270833333334 0.6375 0.5325520833333334 0.63203125 0.5501302083333334 0.60859375 0.546875 0.59296875 0.5325520833333334 0.57265625 0.525390625 0.5546875 0.5123697916666666 0.5421875 0.4967447916666667 0.54140625 0.48046875 0.54765625 0.4733072916666667 0.553125
0 0.4108072916666667 0.73828125 0.4108072916666667 0.75859375 0.423828125 0.77578125 0.4342447916666667 0.76953125 0.4576822916666667 0.74140625 0.4557291666666667 0.73125 0.443359375 0.71640625 0.43359375 0.71171875 0.4231770833333333 0.71484375
0 0.451171875 0.828125 0.4498697916666667 0.84140625 0.4563802083333333 0.84921875 0.498046875 0.8421875 0.5045572916666666 0.8390625 0.515625 0.8234375 0.5227864583333334 0.81015625 0.5227864583333334 0.80546875 0.5182291666666666 0.796875 0.4947916666666667 0.77421875 0.4856770833333333 0.77109375 0.4798177083333333 0.775 0.458984375 0.80234375
0 0.5885416666666666 0.16640625 0.5885416666666666 0.175 0.59375 0.18203125 0.6263020833333334 0.196875 0.6321614583333334 0.19609375 0.6419270833333334 0.1890625 0.65234375 0.171875 0.6302083333333334 0.1453125 0.623046875 0.1421875 0.6041666666666666 0.15078125
0 0.595703125 0.265625 0.59375 0.2703125 0.5950520833333334 0.31640625 0.6002604166666666 0.32578125 0.6139322916666666 0.33046875 0.62890625 0.33046875 0.6490885416666666 0.325 0.6555989583333334 0.31796875 0.6555989583333334 0.29765625 0.646484375 0.26171875 0.6432291666666666 0.25859375 0.6341145833333334 0.25546875 0.609375 0.25859375
0 0.6497395833333334 0.078125 0.6490885416666666 0.0859375 0.658203125 0.1 0.6614583333333334 0.1125 0.6692708333333334 0.1171875 0.720703125 0.08984375 0.7356770833333334 0.07578125 0.7369791666666666 0.06640625 0.7272135416666666 0.03125 0.7037760416666666 0.028125 0.6888020833333334 0.034375 0.6692708333333334 0.059375 0.65625 0.06640625
0 0.70703125 0.14375 0.7057291666666666 0.15625 0.7096354166666666 0.1859375 0.7180989583333334 0.196875 0.7272135416666666 0.2015625 0.7350260416666666 0.2 0.75 0.175 0.7486979166666666 0.16015625 0.7408854166666666 0.14609375 0.728515625 0.1375 0.71484375 0.13515625
0 0.77734375 0.21953125 0.77734375 0.2359375 0.7819010416666666 0.2453125 0.798828125 0.26953125 0.8079427083333334 0.27421875 0.8483072916666666 0.271875 0.8684895833333334 0.25 0.876953125 0.23671875 0.875 0.22734375 0.8678385416666666 0.21953125 0.841796875 0.2078125 0.8294270833333334 0.20546875 0.8170572916666666 0.1953125 0.7994791666666666 0.2
0 0.8131510416666666 0.39296875 0.8131510416666666 0.40703125 0.8509114583333334 0.4609375 0.8561197916666666 0.4625 0.8606770833333334 0.46015625 0.87890625 0.4421875 0.8841145833333334 0.41875 0.8834635416666666 0.40546875 0.8802083333333334 0.396875 0.86328125 0.378125 0.8528645833333334 0.3734375 0.84375 0.37421875 0.8196614583333334 0.3859375
0 0.6341145833333334 0.41015625 0.6334635416666666 0.4203125 0.646484375 0.4328125 0.654296875 0.446875 0.6666666666666666 0.45703125 0.6901041666666666 0.4546875 0.7018229166666666 0.46015625 0.7109375 0.46015625 0.7265625 0.446875 0.7330729166666666 0.43359375 0.732421875 0.4265625 0.701171875 0.3953125 0.6751302083333334 0.3859375 0.650390625 0.39296875
0 0.6438802083333334 0.6609375 0.6432291666666666 0.68515625 0.6477864583333334 0.6921875 0.6809895833333334 0.696875 0.6875 0.69453125 0.7180989583333334 0.6953125 0.7298177083333334 0.70234375 0.7434895833333334 0.70546875 0.7571614583333334 0.69921875 0.7571614583333334 0.68828125 0.7623697916666666 0.68359375 0.76953125 0.66875 0.7688802083333334 0.66171875 0.7630208333333334 0.65078125 0.732421875 0.61953125 0.68359375 0.61484375 0.6712239583333334 0.61484375 0.6647135416666666 0.61796875 0.6477864583333334 0.64375
0 0.7682291666666666 0.5734375 0.7682291666666666 0.58046875 0.775390625 0.59375 0.7903645833333334 0.609375 0.7994791666666666 0.61328125 0.8138020833333334 0.609375 0.8294270833333334 0.596875 0.8372395833333334 0.57734375 0.8359375 0.56875 0.83203125 0.56328125 0.8138020833333334 0.55625 0.7786458333333334 0.56171875 0.7721354166666666 0.565625
0 0.8196614583333334 0.484375 0.8196614583333334 0.5234375 0.8372395833333334 0.5578125 0.8489583333333334 0.5640625 0.8587239583333334 0.56484375 0.8671875 0.5609375 0.8723958333333334 0.55 0.8743489583333334 0.521875 0.86328125 0.48046875 0.8346354166666666 0.471875
0 0.8033854166666666 0.6609375 0.802734375 0.67109375 0.806640625 0.68515625 0.8307291666666666 0.7171875 0.8372395833333334 0.7203125 0.849609375 0.71953125 0.8665364583333334 0.7046875 0.87109375 0.6890625 0.8717447916666666 0.675 0.859375 0.64375 0.8411458333333334 0.63671875 0.822265625 0.63984375 0.8098958333333334 0.64921875
0 0.69921875 0.84296875 0.69921875 0.859375 0.7018229166666666 0.8625 0.7018229166666666 0.87109375 0.7102864583333334 0.90078125 0.7298177083333334 0.91484375 0.7415364583333334 0.91796875 0.7721354166666666 0.915625 0.7760416666666666 0.9125 0.779296875 0.90078125 0.77734375 0.8796875 0.7643229166666666 0.846875 0.7545572916666666 0.834375 0.71484375 0.82734375 0.7076822916666666 0.83046875