1 0.109375 0.3984375 0.109375 0.4046875 0.11588541666666667 0.41796875 0.17122395833333334 0.48671875 0.19205729166666666 0.52265625 0.19921875 0.53046875 0.20703125 0.5328125 0.22721354166666666 0.509375 0.24479166666666666 0.4765625 0.2506510416666667 0.4578125 0.2701822916666667 0.4390625 0.2819010416666667 0.41015625 0.2884114583333333 0.3859375 0.283203125 0.3796875 0.24479166666666666 0.36328125 0.234375 0.34765625 0.23177083333333334 0.33671875 0.216796875 0.33046875 0.19140625 0.32734375 0.15104166666666666 0.35546875 0.11458333333333333 0.38984375
1 0.54296875 0.203125 0.5481770833333334 0.25859375 0.5618489583333334 0.2921875 0.576171875 0.31640625 0.6061197916666666 0.34609375 0.6295572916666666 0.3484375 0.6438802083333334 0.34609375 0.6588541666666666 0.30390625 0.6634114583333334 0.25078125 0.6595052083333334 0.2375 0.6529947916666666 0.23046875 0.6158854166666666 0.22265625 0.6009114583333334 0.2125 0.5572916666666666 0.19296875 0.546875 0.19453125
1 0.568359375 0.13359375 0.5657552083333334 0.153125 0.56640625 0.184375 0.587890625 0.19140625 0.595703125 0.19140625 0.6048177083333334 0.18671875 0.6100260416666666 0.1765625 0.6119791666666666 0.10859375 0.5989583333333334 0.1015625 0.5846354166666666 0.103125
1 0.3951822916666667 0.196875 0.3938802083333333 0.2078125 0.3971354166666667 0.2125 0.4583333333333333 0.25 0.4661458333333333 0.24765625 0.474609375 0.23359375 0.47265625 0.2171875 0.4557291666666667 0.20234375 0.423828125 0.20390625 0.4036458333333333 0.196875
1 0.814453125 0.290625 0.814453125 0.31796875 0.8255208333333334 0.3328125 0.8333333333333334 0.3546875 0.8404947916666666 0.36640625 0.8463541666666666 0.3734375 0.8678385416666666 0.3875 0.8828125 0.3875 0.8880208333333334 0.3765625 0.8873697916666666 0.3203125 0.892578125 0.3 0.89453125 0.27265625 0.8938802083333334 0.253125 0.888671875 0.2421875 0.87890625 0.2328125 0.873046875 0.221875 0.85546875 0.2078125 0.83203125 0.21640625 0.82421875 0.22421875 0.8216145833333334 0.23125
1 0.6848958333333334 0.3515625 0.6829427083333334 0.37734375 0.6783854166666666 0.3953125 0.6783854166666666 0.4109375 0.6842447916666666 0.421875 0.6966145833333334 0.43125 0.7063802083333334 0.44375 0.712890625 0.44296875 0.7265625 0.4296875 0.7454427083333334 0.43125 0.7552083333333334 0.42734375 0.7786458333333334 0.39375 0.7838541666666666 0.36953125 0.783203125 0.35234375 0.7682291666666666 0.3296875 0.7252604166666666 0.33203125 0.705078125 0.325 0.6875 0.34375
1 0.6946614583333334 0.50625 0.6959635416666666 0.54921875 0.6985677083333334 0.5578125 0.7063802083333334 0.56796875 0.7161458333333334 0.56953125 0.75 0.5640625 0.7669270833333334 0.55703125 0.767578125 0.54765625 0.7610677083333334 0.50859375 0.7473958333333334 0.4828125 0.7330729166666666 0.48203125 0.7174479166666666 0.490625 0.703125 0.49453125 0.6985677083333334 0.49765625
1 0.5533854166666666 0.5 0.5514322916666666 0.5046875 0.5520833333333334 0.5328125 0.5618489583333334 0.54296875 0.5813802083333334 0.54453125 0.6223958333333334 0.5296875 0.62890625 0.5234375 0.6302083333333334 0.48671875 0.626953125 0.46640625 0.623046875 0.465625 0.61328125 0.47421875 0.5670572916666666 0.4859375
1 0.5169270833333334 0.396875 0.5169270833333334 0.40625 0.525390625 0.41875 0.5475260416666666 0.44296875 0.556640625 0.44609375 0.59375 0.365625 0.5944010416666666 0.3546875 0.5787760416666666 0.3390625 0.5735677083333334 0.3390625 0.529296875 0.371875
1 0.3372395833333333 0.4734375 0.3359375 0.484375 0.3411458333333333 0.4984375 0.369140625 0.51015625 0.3893229166666667 0.51328125 0.4127604166666667 0.5015625 0.4518229166666667 0.49453125 0.46875 0.4765625 0.4720052083333333 0.465625 0.4700520833333333 0.46015625 0.4498697916666667 0.44296875 0.4348958333333333 0.4203125 0.4127604166666667 0.4 0.4055989583333333 0.39921875 0.3899739583333333 0.4109375
1 0.20833333333333334 0.60078125 0.20768229166666666 0.61328125 0.212890625 0.625 0.22721354166666666 0.63984375 0.23697916666666666 0.6453125 0.2662760416666667 0.65 0.2903645833333333 0.6359375 0.2923177083333333 0.63203125 0.291015625 0.60546875 0.265625 0.57421875 0.2584635416666667 0.575 0.24283854166666666 0.584375 0.22200520833333334 0.58671875 0.212890625 0.59296875
1 0.4251302083333333 0.590625 0.4251302083333333 0.609375 0.4322916666666667 0.62265625 0.439453125 0.62890625 0.4485677083333333 0.628125 0.4778645833333333 0.61484375 0.4869791666666667 0.60390625 0.4856770833333333 0.584375 0.4778645833333333 0.5765625 0.4563802083333333 0.57578125 0.443359375 0.57890625 0.431640625 0.575 0.4283854166666667 0.578125
1 0.4856770833333333 0.64921875 0.4856770833333333 0.6671875 0.4908854166666667 0.6734375 0.52734375 0.6765625 0.5611979166666666 0.66171875 0.5774739583333334 0.646875 0.5670572916666666 0.63515625 0.5319010416666666 0.63203125 0.490234375 0.63671875
1 0.4348958333333333 0.7796875 0.43359375 0.79296875 0.447265625 0.82109375 0.4635416666666667 0.83515625 0.4772135416666667 0.83984375 0.49609375 0.83828125 0.5221354166666666 0.82421875 0.5247395833333334 0.8203125 0.5247395833333334 0.809375 0.5123697916666666 0.78046875 0.4876302083333333 0.76015625 0.46875 0.76015625 0.4440104166666667 0.7703125
1 0.6276041666666666 0.77578125 0.6263020833333334 0.79609375 0.6197916666666666 0.8171875 0.6197916666666666 0.82578125 0.6236979166666666 0.846875 0.634765625 0.85234375 0.6497395833333334 0.8515625 0.6634114583333334 0.834375 0.6790364583333334 0.821875 0.689453125 0.80390625 0.6959635416666666 0.784375 0.6959635416666666 0.7765625 0.6927083333333334 0.77109375 0.6412760416666666 0.75625 0.6321614583333334 0.76171875
1 0.7467447916666666 0.80078125 0.7473958333333334 0.81328125 0.7565104166666666 0.8265625 0.767578125 0.834375 0.7805989583333334 0.8375 0.7890625 0.83828125 0.8020833333333334 0.834375 0.814453125 0.82734375 0.8268229166666666 0.81484375 0.822265625 0.79921875 0.8014322916666666 0.77578125 0.7884114583333334 0.77734375 0.7643229166666666 0.78671875
1 0.703125 0.89765625 0.705078125 0.91328125 0.716796875 0.92578125 0.7610677083333334 0.93203125 0.7701822916666666 0.9359375 0.7779947916666666 0.93359375 0.7819010416666666 0.92578125 0.7721354166666666 0.90078125 0.7591145833333334 0.88671875 0.73828125 0.871875 0.72265625 0.87109375 0.7141927083333334 0.875 0.708984375 0.88125
1 0.22526041666666666 0.79296875 0.2265625 0.81015625 0.224609375 0.8265625 0.22721354166666666 0.8453125 0.23111979166666666 0.85078125 0.24674479166666666 0.85859375 0.2578125 0.87265625 0.296875 0.890625 0.318359375 0.896875 0.3522135416666667 0.89453125 0.3600260416666667 0.88671875 0.365234375 0.87265625 0.3671875 0.85 0.3658854166666667 0.84140625 0.359375 0.8296875 0.3411458333333333 0.8171875 0.3125 0.803125 0.2643229166666667 0.7859375 0.24088541666666666 0.78359375 0.228515625 0.7875
1 0.9192708333333334 0.7640625 0.9192708333333334 0.77890625 0.9401041666666666 0.82109375 0.9505208333333334 0.821875 0.9544270833333334 0.81171875 0.94921875 0.75390625 0.9453125 0.74921875 0.9283854166666666 0.75 0.923828125 0.753125
1 0.298828125 0.09453125 0.2981770833333333 0.1046875 0.3033854166666667 0.11328125 0.3131510416666667 0.11796875 0.322265625 0.11796875 0.328125 0.11328125 0.341796875 0.09140625 0.3430989583333333 0.0828125 0.3313802083333333 0.07109375 0.3098958333333333 0.06796875 0.3059895833333333 0.07265625