0 0.17447916666666666 0.17578125 0.17513020833333334 0.20078125 0.185546875 0.22890625 0.19856770833333334 0.23828125 0.21354166666666666 0.2375 0.21875 0.234375 0.224609375 0.21796875 0.22526041666666666 0.1984375 0.21809895833333334 0.16953125 0.20247395833333334 0.16015625 0.18815104166666666 0.16015625 0.18098958333333334 0.16328125
0 0.2591145833333333 0.18671875 0.26171875 0.225 0.267578125 0.23828125 0.2747395833333333 0.2453125 0.2845052083333333 0.2484375 0.3001302083333333 0.246875 0.322265625 0.2375 0.32421875 0.221875 0.3209635416666667 0.19921875 0.3098958333333333 0.17734375 0.30078125 0.16875 0.29296875 0.1640625 0.275390625 0.1640625 0.2610677083333333 0.1796875
0 0.17513020833333334 0.38828125 0.17447916666666666 0.4 0.17708333333333334 0.40546875 0.20182291666666666 0.4375 0.2109375 0.4390625 0.2265625 0.4296875 0.24283854166666666 0.40234375 0.2578125 0.390625 0.2591145833333333 0.38203125 0.2565104166666667 0.3734375 0.24153645833333334 0.359375 0.23567708333333334 0.346875 0.22591145833333334 0.34296875 0.21223958333333334 0.346875 0.193359375 0.36171875 0.18098958333333334 0.37578125
0 0.208984375 0.4828125 0.20768229166666666 0.49296875 0.21549479166666666 0.5 0.22265625 0.528125 0.232421875 0.5359375 0.24739583333333334 0.53828125 0.25 0.53359375 0.24934895833333334 0.51015625 0.24479166666666666 0.4953125 0.236328125 0.48046875 0.23111979166666666 0.47578125 0.22330729166666666 0.475
0 0.3372395833333333 0.41640625 0.3365885416666667 0.4328125 0.3391927083333333 0.4375 0.3450520833333333 0.43984375 0.359375 0.43828125 0.3671875 0.415625 0.373046875 0.37578125 0.3606770833333333 0.36953125 0.349609375 0.37265625 0.3444010416666667 0.38203125
0 0.3756510416666667 0.240625 0.375 0.2515625 0.38671875 0.27265625 0.4016927083333333 0.27734375 0.423828125 0.27734375 0.4381510416666667 0.26875 0.451171875 0.25390625 0.455078125 0.24609375 0.4557291666666667 0.234375 0.4524739583333333 0.21328125 0.4466145833333333 0.20625 0.4251302083333333 0.19921875 0.396484375 0.2125
0 0.3893229166666667 0.14140625 0.3873697916666667 0.1625 0.3932291666666667 0.17578125 0.3997395833333333 0.1796875 0.435546875 0.16796875 0.4440104166666667 0.1578125 0.4479166666666667 0.14765625 0.4446614583333333 0.13359375 0.4368489583333333 0.12578125 0.4270833333333333 0.12265625 0.408203125 0.12734375
0 0.62109375 0.190625 0.6223958333333334 0.20546875 0.63671875 0.21875 0.64453125 0.21953125 0.65625 0.21484375 0.6764322916666666 0.20390625 0.6861979166666666 0.19375 0.7024739583333334 0.184375 0.7135416666666666 0.16328125 0.7109375 0.14765625 0.7024739583333334 0.134375 0.6868489583333334 0.1265625 0.6627604166666666 0.134375 0.6484375 0.1328125 0.6373697916666666 0.13515625 0.6321614583333334 0.14140625
0 0.6712239583333334 0.2375 0.6751302083333334 0.26875 0.6783854166666666 0.278125 0.6888020833333334 0.29140625 0.6985677083333334 0.29453125 0.7220052083333334 0.28828125 0.73046875 0.2828125 0.7356770833333334 0.275 0.740234375 0.2375 0.7337239583333334 0.21640625 0.7272135416666666 0.2078125 0.7194010416666666 0.20390625 0.6809895833333334 0.20390625 0.67578125 0.2140625
0 0.7591145833333334 0.11953125 0.7578125 0.1375 0.7643229166666666 0.16484375 0.7727864583333334 0.1765625 0.783203125 0.1765625 0.80078125 0.15703125 0.822265625 0.11875 0.83203125 0.09375 0.8294270833333334 0.0609375 0.8268229166666666 0.05390625 0.8177083333333334 0.05 0.8092447916666666 0.0515625 0.787109375 0.08046875 0.7649739583333334 0.10234375
0 0.7897135416666666 0.2859375 0.7884114583333334 0.3078125 0.7903645833333334 0.31015625 0.83203125 0.33671875 0.8522135416666666 0.359375 0.8587239583333334 0.359375 0.8639322916666666 0.35390625 0.87890625 0.32109375 0.8815104166666666 0.28125 0.8776041666666666 0.26171875 0.8658854166666666 0.23828125 0.8567708333333334 0.23125 0.8268229166666666 0.23046875 0.81640625 0.23671875 0.8020833333333334 0.25234375 0.794921875 0.26484375
0 0.8600260416666666 0.47421875 0.8580729166666666 0.49296875 0.8548177083333334 0.50078125 0.8548177083333334 0.515625 0.8626302083333334 0.55 0.8658854166666666 0.55390625 0.9010416666666666 0.55234375 0.9140625 0.546875 0.916015625 0.54375 0.9147135416666666 0.51953125 0.90625 0.4734375 0.9010416666666666 0.46875 0.8684895833333334 0.465625 0.8626302083333334 0.4671875
0 0.693359375 0.45859375 0.6927083333333334 0.48515625 0.6953125 0.49765625 0.6985677083333334 0.5 0.7174479166666666 0.503125 0.7415364583333334 0.5015625 0.7552083333333334 0.4953125 0.7604166666666666 0.4875 0.7604166666666666 0.4515625 0.7578125 0.4484375 0.7434895833333334 0.45078125 0.7122395833333334 0.4484375 0.69921875 0.4515625
0 0.67578125 0.4140625 0.6770833333333334 0.434375 0.68359375 0.45 0.693359375 0.453125 0.705078125 0.4421875 0.70703125 0.421875 0.7044270833333334 0.40625 0.701171875 0.40078125 0.685546875 0.403125
0 0.623046875 0.4453125 0.6217447916666666 0.46015625 0.6243489583333334 0.47421875 0.634765625 0.4796875 0.6614583333333334 0.48203125 0.666015625 0.47734375 0.67578125 0.45546875 0.6770833333333334 0.4390625 0.6516927083333334 0.4265625 0.6334635416666666 0.425 0.6276041666666666 0.4296875
0 0.6087239583333334 0.61640625 0.6080729166666666 0.68359375 0.6126302083333334 0.696875 0.6119791666666666 0.71171875 0.6184895833333334 0.7203125 0.6295572916666666 0.72734375 0.63671875 0.73984375 0.646484375 0.74140625 0.65234375 0.7359375 0.6588541666666666 0.7171875 0.6692708333333334 0.6609375 0.671875 0.6109375 0.6686197916666666 0.5953125 0.6640625 0.590625 0.6419270833333334 0.5828125 0.63671875 0.578125 0.62890625 0.57734375 0.6119791666666666 0.60390625
0 0.6302083333333334 0.765625 0.6334635416666666 0.79765625 0.638671875 0.8109375 0.6412760416666666 0.82734375 0.646484375 0.83984375 0.6588541666666666 0.8546875 0.6686197916666666 0.859375 0.6796875 0.85234375 0.6920572916666666 0.84921875 0.69921875 0.8375 0.71484375 0.82265625 0.7174479166666666 0.80078125 0.7115885416666666 0.775 0.6907552083333334 0.74453125 0.6692708333333334 0.7265625 0.66015625 0.7265625 0.65625 0.73125 0.6529947916666666 0.7453125
0 0.7259114583333334 0.76484375 0.7265625 0.78046875 0.73046875 0.79140625 0.7434895833333334 0.8 0.7513020833333334 0.796875 0.779296875 0.76171875 0.7786458333333334 0.746875 0.7734375 0.72578125 0.763671875 0.71796875 0.7545572916666666 0.71796875
0 0.7523177083333333 0.9345546875 0.003515625 0.0016796875
0 0.9029947916666666 0.8796875 0.9010416666666666 0.88359375 0.9016927083333334 0.896875 0.9075520833333334 0.9109375 0.9173177083333334 0.91875 0.9368489583333334 0.94609375 0.9479166666666666 0.9515625 0.95703125 0.95234375 0.966796875 0.95 0.970703125 0.9453125 0.9830729166666666 0.91875 0.9837239583333334 0.9109375 0.9524739583333334 0.8453125 0.9466145833333334 0.8421875 0.9388020833333334 0.84453125 0.927734375 0.853125 0.9205729166666666 0.865625
0 0.7194010416666666 0.92421875 0.7180989583333334 0.9375 0.7200520833333334 0.9453125 0.73046875 0.96015625 0.7662760416666666 0.9734375 0.7721354166666666 0.971875 0.7779947916666666 0.96328125 0.7799479166666666 0.95625 0.7688802083333334 0.925 0.7552083333333334 0.89296875 0.7493489583333334 0.88515625 0.7447916666666666 0.884375 0.7330729166666666 0.8984375
0 0.4850260416666667 0.76484375 0.4837239583333333 0.77890625 0.4856770833333333 0.79140625 0.4921875 0.80234375 0.5032552083333334 0.8109375 0.515625 0.81640625 0.544921875 0.82109375 0.564453125 0.81640625 0.5729166666666666 0.796875 0.5755208333333334 0.775 0.572265625 0.72421875 0.5670572916666666 0.7171875 0.5501302083333334 0.70859375 0.5266927083333334 0.71171875 0.5084635416666666 0.728125
0 0.4837239583333333 0.56171875 0.486328125 0.59453125 0.4934895833333333 0.60703125 0.50390625 0.61328125 0.5247395833333334 0.61796875 0.5436197916666666 0.60859375 0.548828125 0.60234375 0.5514322916666666 0.57890625 0.5416666666666666 0.56328125 0.525390625 0.55703125 0.49609375 0.553125 0.48828125 0.5546875
0 0.5657552083333334 0.56640625 0.5651041666666666 0.58984375 0.5690104166666666 0.59609375 0.5813802083333334 0.60390625 0.5989583333333334 0.60546875 0.603515625 0.60078125 0.6061197916666666 0.58125 0.6165364583333334 0.56640625 0.6204427083333334 0.54296875 0.6087239583333334 0.53515625 0.587890625 0.53515625 0.5703125 0.5515625
0 0.4173177083333333 0.4953125 0.4153645833333333 0.5 0.4173177083333333 0.52265625 0.4303385416666667 0.5453125 0.4518229166666667 0.55 0.4694010416666667 0.53984375 0.46875 0.5234375 0.439453125 0.48359375 0.4309895833333333 0.48203125
0 0.46484375 0.29921875 0.4641927083333333 0.309375 0.46875 0.32265625 0.4921875 0.3484375 0.5013020833333334 0.3515625 0.5149739583333334 0.34140625 0.5149739583333334 0.33125 0.5091145833333334 0.31875 0.5045572916666666 0.29375 0.4954427083333333 0.28203125 0.4850260416666667 0.27890625 0.47265625 0.28125 0.46875 0.284375
0 0.5234375 0.39921875 0.5234375 0.4109375 0.5325520833333334 0.434375 0.55078125 0.44921875 0.5572916666666666 0.45 0.5638020833333334 0.4234375 0.55859375 0.39921875 0.5501302083333334 0.39375 0.5266927083333334 0.3953125
0 0.3020833333333333 0.65390625 0.3014322916666667 0.665625 0.3059895833333333 0.67890625 0.322265625 0.70625 0.341796875 0.70703125 0.3489583333333333 0.703125 0.3580729166666667 0.6921875 0.3600260416666667 0.6859375 0.359375 0.665625 0.345703125 0.640625 0.3385416666666667 0.63359375 0.3294270833333333 0.63203125 0.3209635416666667 0.6359375
0 0.2819010416666667 0.7375 0.2819010416666667 0.7671875 0.2884114583333333 0.7890625 0.3040364583333333 0.79609375 0.32421875 0.79453125 0.3346354166666667 0.77578125 0.3346354166666667 0.759375 0.3372395833333333 0.75078125 0.3326822916666667 0.73125 0.3216145833333333 0.7109375 0.3190104166666667 0.7078125 0.3098958333333333 0.7078125 0.2897135416666667 0.7171875
0 0.345703125 0.8390625 0.3509114583333333 0.859375 0.3671875 0.88125 0.3828125 0.8921875 0.3977864583333333 0.88515625 0.4036458333333333 0.86328125 0.3919270833333333 0.84140625 0.3821614583333333 0.8109375 0.3763020833333333 0.803125 0.369140625 0.803125 0.357421875 0.8109375
0 0.283203125 0.84296875 0.2819010416666667 0.85625 0.2858072916666667 0.87265625 0.2962239583333333 0.884375 0.3079427083333333 0.8828125 0.3216145833333333 0.865625 0.3229166666666667 0.8546875 0.3203125 0.8453125 0.3131510416666667 0.83203125 0.306640625 0.82578125 0.2936197916666667 0.82421875
0 0.611328125 0.1 0.6106770833333334 0.11328125 0.615234375 0.11953125 0.6516927083333334 0.125 0.6575520833333334 0.12265625 0.6614583333333334 0.11640625 0.6647135416666666 0.0921875 0.65625 0.084375 0.650390625 0.0703125 0.6432291666666666 0.06640625 0.6243489583333334 0.07421875 0.6171875 0.08359375