1 0.11067708333333333 0.19609375 0.11002604166666667 0.21328125 0.11328125 0.2234375 0.169921875 0.29921875 0.19010416666666666 0.33359375 0.20182291666666666 0.34453125 0.20963541666666666 0.3421875 0.22005208333333334 0.33125 0.2532552083333333 0.26484375 0.265625 0.25546875 0.2727864583333333 0.24140625 0.2845052083333333 0.19921875 0.2766927083333333 0.1890625 0.2643229166666667 0.18046875 0.240234375 0.1734375 0.22916666666666666 0.15078125 0.21223958333333334 0.14375 0.19661458333333334 0.14140625 0.17838541666666666 0.14140625 0.15625 0.15390625
1 0.333984375 0.28828125 0.3346354166666667 0.3015625 0.3404947916666667 0.309375 0.3522135416666667 0.31328125 0.3658854166666667 0.32265625 0.3873697916666667 0.32578125 0.4134114583333333 0.3140625 0.4427083333333333 0.31171875 0.451171875 0.3078125 0.466796875 0.290625 0.46875 0.275 0.443359375 0.25 0.41796875 0.21953125 0.4036458333333333 0.21171875 0.384765625 0.2265625
1 0.517578125 0.20234375 0.513671875 0.2171875 0.5149739583333334 0.225 0.5423177083333334 0.2578125 0.5540364583333334 0.2609375 0.58984375 0.1765625 0.5904947916666666 0.1671875 0.5813802083333334 0.15625 0.5696614583333334 0.1515625 0.5462239583333334 0.16796875 0.5240885416666666 0.18828125
1 0.8157552083333334 0.05546875 0.80859375 0.12265625 0.8098958333333334 0.13203125 0.8196614583333334 0.14453125 0.8326822916666666 0.17734375 0.8411458333333334 0.1875 0.8658854166666666 0.20390625 0.8763020833333334 0.20390625 0.8834635416666666 0.1890625 0.8782552083333334 0.14296875 0.8873697916666666 0.11640625 0.890625 0.07578125 0.8873697916666666 0.059375 0.8743489583333334 0.04375 0.8697916666666666 0.03359375 0.8515625 0.01640625 0.8268229166666666 0.03203125 0.8203125 0.040625
1 0.6946614583333334 0.3109375 0.6959635416666666 0.325 0.69140625 0.334375 0.6927083333333334 0.3609375 0.6953125 0.3734375 0.701171875 0.3796875 0.7141927083333334 0.3796875 0.7571614583333334 0.36328125 0.7630208333333334 0.35859375 0.7643229166666666 0.353125 0.7565104166666666 0.309375 0.7434895833333334 0.2890625 0.7252604166666666 0.2921875 0.7076822916666666 0.3046875 0.6979166666666666 0.30625
1 0.6751302083333334 0.20546875 0.6744791666666666 0.2265625 0.6796875 0.2359375 0.7024739583333334 0.259375 0.708984375 0.259375 0.7241751302083334 0.24609375 0.7408854166666666 0.24765625 0.7565104166666666 0.2375 0.775390625 0.20625 0.7799479166666666 0.16875 0.77734375 0.1609375 0.763671875 0.14375 0.736328125 0.14453125 0.7233072916666666 0.14921875 0.7018229166666666 0.1390625 0.685546875 0.15390625 0.681640625 0.16171875
1 0.5481770833333334 0.3171875 0.5481770833333334 0.34609375 0.552734375 0.35234375 0.5618489583333334 0.3578125 0.5872395833333334 0.3546875 0.623046875 0.33984375 0.6256510416666666 0.28984375 0.623046875 0.2828125 0.619140625 0.28203125 0.5625 0.3015625 0.5520833333333334 0.3078125
1 0.4225260416666667 0.41171875 0.423828125 0.42734375 0.4329427083333333 0.43515625 0.4427083333333333 0.43671875 0.4772135416666667 0.42734375 0.4837239583333333 0.41875 0.484375 0.40546875 0.4811197916666667 0.39375 0.474609375 0.38984375 0.4544270833333333 0.390625 0.4440104166666667 0.39453125 0.4296875 0.39140625 0.423828125 0.40078125
1 0.4817708333333333 0.45859375 0.4811197916666667 0.475 0.484375 0.48515625 0.4908854166666667 0.4890625 0.5091145833333334 0.48828125 0.5188802083333334 0.4921875 0.5286458333333334 0.48984375 0.5494791666666666 0.4765625 0.556640625 0.47578125 0.57421875 0.46015625 0.5729166666666666 0.4546875 0.564453125 0.4484375 0.546875 0.4453125 0.486328125 0.4484375
1 0.20638020833333334 0.4171875 0.20572916666666666 0.428125 0.20963541666666666 0.4375 0.22591145833333334 0.45390625 0.23828125 0.46015625 0.2649739583333333 0.4640625 0.2682291666666667 0.459375 0.287109375 0.44921875 0.2864583333333333 0.42109375 0.2649739583333333 0.39375 0.2552083333333333 0.390625 0.24739583333333334 0.396875 0.23111979166666666 0.403125 0.22005208333333334 0.40390625 0.2109375 0.41015625
1 0.4290364583333333 0.5953125 0.431640625 0.609375 0.435546875 0.61328125 0.4381510416666667 0.61171875 0.4420572916666667 0.62578125 0.4563802083333333 0.64140625 0.4563802083333333 0.64765625 0.4739583333333333 0.65078125 0.5013020833333334 0.64453125 0.5188802083333334 0.634375 0.5240885416666666 0.62421875 0.5045572916666666 0.58515625 0.4811197916666667 0.57421875 0.4440104166666667 0.584375
1 0.6158854166666666 0.62890625 0.615234375 0.65078125 0.6178385416666666 0.65625 0.6276041666666666 0.66015625 0.6458333333333334 0.66171875 0.6809895833333334 0.6296875 0.69140625 0.6015625 0.6927083333333334 0.590625 0.6848958333333334 0.58359375 0.6569010416666666 0.5734375 0.6334635416666666 0.5703125 0.6256510416666666 0.58125 0.6223958333333334 0.61015625
1 0.7428385416666666 0.61328125 0.744140625 0.6265625 0.7552083333333334 0.63984375 0.7799479166666666 0.65 0.798828125 0.6453125 0.8177083333333334 0.63359375 0.8235677083333334 0.62578125 0.8177083333333334 0.6109375 0.7981770833333334 0.5875 0.775390625 0.5921875
1 0.6985677083333334 0.70390625 0.6979166666666666 0.71015625 0.705078125 0.728125 0.7161458333333334 0.73671875 0.7708333333333334 0.740625 0.7766927083333334 0.73203125 0.77734375 0.7265625 0.7734375 0.71640625 0.765625 0.70625 0.734375 0.6875 0.7239583333333334 0.68515625 0.7102864583333334 0.68671875
1 0.705078125 0.8015625 0.705078125 0.825 0.7083333333333334 0.83359375 0.716796875 0.8390625 0.7311197916666666 0.84375 0.7936197916666666 0.85078125 0.8274739583333334 0.859375 0.859375 0.87578125 0.873046875 0.8765625 0.875 0.8734375 0.875 0.8578125 0.8697916666666666 0.83515625 0.8517792968750001 0.82135390625 0.8404947916666666 0.79921875 0.8203125 0.775 0.8053385416666666 0.7640625 0.7486979166666666 0.75234375 0.728515625 0.75625 0.7161458333333334 0.75546875 0.7115885416666666 0.76171875 0.7102864583333334 0.78984375
1 0.521484375 0.7140625 0.51953125 0.78359375 0.5110677083333334 0.8125 0.5110677083333334 0.8203125 0.5143229166666666 0.8265625 0.5188802083333334 0.828125 0.5735677083333334 0.81875 0.587890625 0.81015625 0.603515625 0.79453125 0.60546875 0.7828125 0.6028645833333334 0.7734375 0.5963541666666666 0.7671875 0.58984375 0.74453125 0.5826822916666666 0.7359375 0.5703125 0.73359375 0.5553385416666666 0.7171875 0.544921875 0.71171875 0.5260416666666666 0.70859375
1 0.22330729166666666 0.5984375 0.220703125 0.63359375 0.22395833333333334 0.6546875 0.2923177083333333 0.6859375 0.322265625 0.69609375 0.34765625 0.6984375 0.3639322916666667 0.6890625 0.3619791666666667 0.65078125 0.3541666666666667 0.63671875 0.3072916666666667 0.615625 0.2623697916666667 0.6 0.23828125 0.5953125 0.22591145833333334 0.5953125
1 0.3411458333333333 0.76484375 0.33984375 0.778125 0.3450520833333333 0.7921875 0.3697916666666667 0.81484375 0.3971354166666667 0.81796875 0.416015625 0.796875 0.4134114583333333 0.75078125 0.41015625 0.74140625 0.404296875 0.7359375 0.3893229166666667 0.73125 0.373046875 0.73046875 0.3587239583333333 0.7421875
1 0.0703125 0.76796875 0.068359375 0.77421875 0.07161458333333333 0.7859375 0.10481770833333333 0.8265625 0.14192708333333334 0.85625 0.16080729166666666 0.88046875 0.17122395833333334 0.88671875 0.17513020833333334 0.88671875 0.20052083333333334 0.8671875 0.228515625 0.834375 0.236328125 0.81875 0.23763020833333334 0.81015625 0.23567708333333334 0.80234375 0.22916666666666666 0.7921875 0.20572916666666666 0.78203125 0.18815104166666666 0.75703125 0.17122395833333334 0.74375 0.13411458333333334 0.73828125 0.10546875 0.74140625 0.087890625 0.75