1 0.34765625 0.11796875 0.3470052083333333 0.12734375 0.3509114583333333 0.13671875 0.3658854166666667 0.15390625 0.3938802083333333 0.159375 0.466796875 0.16015625 0.4830729166666667 0.16484375 0.5143229166666666 0.15078125 0.5208333333333334 0.11484375 0.5130208333333334 0.08046875 0.5032552083333334 0.0671875 0.4954427083333333 0.0625 0.4544270833333333 0.05859375 0.4381510416666667 0.06171875 0.41796875 0.06015625 0.41015625 0.06328125 0.4036458333333333 0.06953125 0.3717447916666667 0.08671875 0.3561197916666667 0.103125
1 0.16145833333333334 0.22734375 0.15690104166666666 0.2625 0.15169270833333334 0.26796875 0.13606770833333334 0.271875 0.12109375 0.2859375 0.125 0.29921875 0.14713541666666666 0.33828125 0.15690104166666666 0.34765625 0.17708333333333334 0.3390625 0.18619791666666666 0.33046875 0.19986979166666666 0.3046875 0.21419270833333334 0.265625 0.21354166666666666 0.25859375 0.193359375 0.240625 0.17252604166666666 0.2265625 0.16471354166666666 0.225
1 0.3040364583333333 0.1984375 0.3033854166666667 0.2234375 0.3059895833333333 0.24609375 0.3098958333333333 0.25546875 0.314453125 0.259375 0.33203125 0.27109375 0.3470052083333333 0.27421875 0.369140625 0.2484375 0.3665364583333333 0.2296875 0.3522135416666667 0.20546875 0.341796875 0.19375 0.3111979166666667 0.18984375
1 0.4563802083333333 0.2875 0.455078125 0.30078125 0.4615885416666667 0.3328125 0.484375 0.3484375 0.48828125 0.3484375 0.5052083333333334 0.3046875 0.5052083333333334 0.27890625 0.5 0.27421875 0.490234375 0.271875 0.462890625 0.28046875
1 0.5735677083333334 0.2078125 0.5774739583333334 0.25625 0.5885416666666666 0.26484375 0.6061197916666666 0.26328125 0.6145833333333334 0.221875 0.6139322916666666 0.209375 0.6002604166666666 0.20078125 0.5774739583333334 0.20390625
1 0.640625 0.24375 0.6380208333333334 0.25546875 0.6471354166666666 0.27578125 0.66015625 0.2828125 0.666015625 0.28125 0.685546875 0.26328125 0.69921875 0.24375 0.7063802083333334 0.21796875 0.705078125 0.20234375 0.6959635416666666 0.2046875 0.6861979166666666 0.2015625 0.6822916666666666 0.203125 0.66796875 0.21953125 0.6438802083333334 0.2375
1 0.810546875 0.2234375 0.810546875 0.2421875 0.8313802083333334 0.26953125 0.84375 0.271875 0.86328125 0.2703125 0.8763020833333334 0.26015625 0.8815104166666666 0.25078125 0.8834635416666666 0.18828125 0.8795572916666666 0.18203125 0.8658854166666666 0.1796875 0.8352864583333334 0.1890625 0.8196614583333334 0.20234375
1 0.6712239583333334 0.36640625 0.669921875 0.37578125 0.6725260416666666 0.3828125 0.6731770833333334 0.403125 0.677734375 0.4203125 0.685546875 0.42890625 0.7180989583333334 0.44609375 0.7317708333333334 0.446875 0.7408854166666666 0.44375 0.7513020833333334 0.43515625 0.7591145833333334 0.409375 0.767578125 0.39765625 0.7786458333333334 0.365625 0.7701822916666666 0.3609375 0.7662760416666666 0.34140625 0.7610677083333334 0.334375 0.744140625 0.32578125 0.7356770833333334 0.32578125 0.708984375 0.32734375 0.69921875 0.33828125 0.6966145833333334 0.3484375 0.6901041666666666 0.35859375
1 0.54296875 0.40703125 0.5423177083333334 0.41484375 0.544921875 0.42109375 0.5501302083333334 0.42421875 0.5716145833333334 0.415625 0.59375 0.4015625 0.6184895833333334 0.3921875 0.6223958333333334 0.38828125 0.6223958333333334 0.3828125 0.6106770833333334 0.35625 0.5911458333333334 0.35859375 0.5618489583333334 0.3953125
1 0.7415364583333334 0.52578125 0.7408854166666666 0.5296875 0.7604166666666666 0.58046875 0.7643229166666666 0.60078125 0.767578125 0.60390625 0.7786458333333334 0.6015625 0.7825520833333334 0.59765625 0.783203125 0.59140625 0.7649739583333334 0.53046875 0.7552083333333334 0.5171875 0.75 0.51796875
1 0.6516927083333334 0.5984375 0.6451822916666666 0.65390625 0.6471354166666666 0.65625 0.669921875 0.64296875 0.6953125 0.6359375 0.6959635416666666 0.628125 0.6927083333333334 0.62265625 0.6907552083333334 0.60546875 0.6803385416666666 0.5859375 0.6731770833333334 0.584375 0.654296875 0.58828125
1 0.5709635416666666 0.7375 0.5716145833333334 0.759375 0.5950520833333334 0.771875 0.6061197916666666 0.77421875 0.6119791666666666 0.77109375 0.6373697916666666 0.73984375 0.642578125 0.72734375 0.6569010416666666 0.7203125 0.6588541666666666 0.715625 0.6243489583333334 0.68671875 0.6145833333333334 0.684375 0.5911458333333334 0.70703125
1 0.4928385416666667 0.625 0.4928385416666667 0.6671875 0.5006510416666666 0.69609375 0.5110677083333334 0.70703125 0.5475260416666666 0.71640625 0.55078125 0.7046875 0.5520833333333334 0.67109375 0.5481770833333334 0.6546875 0.546875 0.6328125 0.54296875 0.62890625 0.501953125 0.61640625 0.494140625 0.61875
1 0.470703125 0.57109375 0.47265625 0.58046875 0.4654947916666667 0.6 0.4654947916666667 0.6078125 0.4694010416666667 0.6125 0.5084635416666666 0.60859375 0.5475260416666666 0.6171875 0.5559895833333334 0.6171875 0.5592447916666666 0.61328125 0.5592447916666666 0.5828125 0.5462239583333334 0.55625 0.546875 0.5390625 0.5397135416666666 0.52890625 0.52734375 0.521875 0.5221354166666666 0.51171875 0.5149739583333334 0.50546875 0.5084635416666666 0.5046875 0.4973958333333333 0.51484375 0.4850260416666667 0.5359375
1 0.3782552083333333 0.61640625 0.37890625 0.63671875 0.384765625 0.64609375 0.4010416666666667 0.64609375 0.4212239583333333 0.634375 0.4407552083333333 0.6046875 0.44140625 0.56640625 0.4290364583333333 0.55625 0.419921875 0.55390625 0.3893229166666667 0.5671875 0.3834635416666667 0.57421875 0.3821614583333333 0.60546875
1 0.25 0.70625 0.24674479166666666 0.7359375 0.2610677083333333 0.7671875 0.2721354166666667 0.77734375 0.2942708333333333 0.7828125 0.3190104166666667 0.8125 0.3274739583333333 0.8171875 0.353515625 0.78671875 0.36328125 0.77109375 0.3645833333333333 0.753125 0.3684895833333333 0.74296875 0.4010416666666667 0.69140625 0.4108072916666667 0.66796875 0.4108072916666667 0.6625 0.4049479166666667 0.65625 0.3430989583333333 0.6390625 0.2923177083333333 0.61640625 0.2825520833333333 0.6140625 0.2721354166666667 0.615625 0.267578125 0.61953125 0.2623697916666667 0.6328125
1 0.09114583333333333 0.5703125 0.091796875 0.59765625 0.087890625 0.62109375 0.08072916666666667 0.640625 0.08138020833333333 0.65703125 0.08658854166666667 0.66171875 0.11979166666666667 0.66015625 0.130859375 0.6640625 0.14192708333333334 0.66328125 0.15169270833333334 0.65859375 0.15690104166666666 0.64765625 0.16861979166666666 0.634375 0.17578125 0.61640625 0.17447916666666666 0.59296875 0.16341145833333334 0.57734375 0.15755208333333334 0.559375 0.13802083333333334 0.540625 0.11002604166666667 0.53984375 0.09830729166666667 0.55078125
1 0.3776041666666667 0.83203125 0.3776041666666667 0.84453125 0.3860677083333333 0.8625 0.4108072916666667 0.8796875 0.419921875 0.8796875 0.4186197916666667 0.85234375 0.4114583333333333 0.82421875 0.404296875 0.80859375 0.400390625 0.80703125 0.38671875 0.81484375
1 0.162109375 0.809375 0.16276041666666666 0.8203125 0.19791666666666666 0.85625 0.232421875 0.8625 0.244140625 0.86171875 0.2513020833333333 0.871875 0.2584635416666667 0.8734375 0.2799479166666667 0.87109375 0.2877604166666667 0.86484375 0.2877604166666667 0.8515625 0.2727864583333333 0.7828125 0.2545572916666667 0.76484375 0.23046875 0.7703125 0.20833333333333334 0.7796875 0.18098958333333334 0.784375 0.16796875 0.7953125
1 0.54296875 0.8625 0.54296875 0.871875 0.591796875 0.93515625 0.599609375 0.9328125 0.6067708333333334 0.925 0.634765625 0.88125 0.6334635416666666 0.86953125 0.623046875 0.85625 0.599609375 0.8421875 0.5638020833333334 0.840625
1 0.4837239583333333 0.8109375 0.4837239583333333 0.8203125 0.4934895833333333 0.8375 0.4986979166666667 0.84375 0.5045572916666666 0.84296875 0.5240885416666666 0.825 0.5364583333333334 0.81796875 0.5611979166666666 0.78671875 0.5651041666666666 0.77109375 0.5618489583333334 0.76796875 0.54296875 0.76875 0.5149739583333334 0.7796875 0.5 0.79765625
1 0.7747395833333334 0.771875 0.7727864583333334 0.77578125 0.7760416666666666 0.7859375 0.7942708333333334 0.82265625 0.8014322916666666 0.82734375 0.8170572916666666 0.82109375 0.8346354166666666 0.803125 0.8626302083333334 0.76875 0.8639322916666666 0.75859375 0.8522135416666666 0.73828125 0.84375 0.73203125 0.7936197916666666 0.7546875
1 0.8984375 0.846875 0.8971354166666666 0.8609375 0.916015625 0.90078125 0.9205729166666666 0.90625 0.9283854166666666 0.90703125 0.9303385416666666 0.903125 0.9303385416666666 0.86328125 0.927734375 0.83828125 0.9225260416666666 0.83359375 0.9088541666666666 0.834375 0.9029947916666666 0.8375
1 0.2565104166666667 0.40859375 0.2591145833333333 0.434375 0.255859375 0.4453125 0.26171875 0.4546875 0.26953125 0.45546875 0.283203125 0.44921875 0.3001302083333333 0.4296875 0.3001302083333333 0.42421875 0.279296875 0.403125 0.265625 0.40234375
1 0.4765625 0.96171875 0.4765625 0.975 0.4869791666666667 0.984375 0.5065104166666666 0.9890625 0.5279947916666666 0.9875 0.5462239583333334 0.953125 0.548828125 0.93984375 0.5481770833333334 0.925 0.544921875 0.9203125 0.5201822916666666 0.90703125 0.5032552083333334 0.903125 0.486328125 0.925