1 0.10807291666666667 0.4734375 0.10872395833333333 0.490625 0.11979166666666667 0.5140625 0.11783854166666667 0.5625 0.12239583333333333 0.56953125 0.158203125 0.57421875 0.17447916666666666 0.5734375 0.19140625 0.56328125 0.2532552083333333 0.56015625 0.26953125 0.55546875 0.27734375 0.55 0.2734375 0.53046875 0.2532552083333333 0.48359375 0.22786458333333334 0.403125 0.21875 0.390625 0.208984375 0.38984375 0.20052083333333334 0.39296875 0.123046875 0.4375 0.11588541666666667 0.4453125
1 0.53125 0.1421875 0.5358072916666666 0.18203125 0.5416666666666666 0.19921875 0.5436197916666666 0.24453125 0.5553385416666666 0.27109375 0.560546875 0.29453125 0.5670572916666666 0.29921875 0.5787760416666666 0.2953125 0.6048177083333334 0.29765625 0.6432291666666666 0.28125 0.6471354166666666 0.26875 0.646484375 0.2359375 0.630859375 0.19375 0.61328125 0.1765625 0.5813802083333334 0.15390625 0.5358072916666666 0.140625
1 0.6940104166666666 0.31015625 0.693359375 0.32265625 0.6966145833333334 0.33828125 0.7024739583333334 0.3484375 0.7213541666666666 0.353125 0.7376302083333334 0.36796875 0.7552083333333334 0.37890625 0.7610677083333334 0.37890625 0.78125 0.365625 0.7864583333333334 0.35859375 0.7962239583333334 0.3328125 0.7936197916666666 0.28984375 0.7864583333333334 0.2796875 0.7727864583333334 0.271875 0.7623697916666666 0.2515625 0.755859375 0.2453125 0.7259114583333334 0.25 0.7161458333333334 0.25546875 0.7096354166666666 0.265625
1 0.8098958333333334 0.290625 0.8098958333333334 0.31328125 0.822265625 0.32890625 0.8346354166666666 0.35859375 0.8483072916666666 0.37265625 0.8626302083333334 0.38125 0.8684895833333334 0.38359375 0.8776041666666666 0.38125 0.8834635416666666 0.37265625 0.880859375 0.340625 0.8821614583333334 0.31953125 0.8899739583333334 0.2859375 0.8912760416666666 0.2546875 0.8873697916666666 0.240625 0.869140625 0.2171875 0.8515625 0.20234375 0.8274739583333334 0.21328125 0.8203125 0.2203125 0.8170572916666666 0.23125
1 0.548828125 0.4984375 0.55078125 0.5328125 0.564453125 0.540625 0.5852864583333334 0.53828125 0.625 0.52109375 0.6263020833333334 0.47734375 0.623046875 0.46484375 0.6197916666666666 0.4625 0.5611979166666666 0.48203125
1 0.4459635416666667 0.30078125 0.44921875 0.35625 0.458984375 0.3671875 0.4733072916666667 0.371875 0.484375 0.36953125 0.5266927083333334 0.35234375 0.5325520833333334 0.346875 0.5319010416666666 0.3203125 0.5260416666666666 0.3125 0.453125 0.29609375 0.447265625 0.29765625
1 0.69140625 0.5 0.6901041666666666 0.509375 0.693359375 0.54453125 0.697265625 0.55625 0.7024739583333334 0.5625 0.712890625 0.56484375 0.7220052083333334 0.5609375 0.7591145833333334 0.55625 0.7630208333333334 0.553125 0.763671875 0.54296875 0.7565104166666666 0.50234375 0.7415364583333334 0.47578125 0.7239583333333334 0.47890625 0.708984375 0.4890625 0.6979166666666666 0.490625
1 0.3899739583333333 0.1921875 0.3912760416666667 0.20703125 0.40625 0.21796875 0.431640625 0.2296875 0.4518229166666667 0.2453125 0.4609375 0.2453125 0.4680989583333333 0.2328125 0.4700520833333333 0.22578125 0.46875 0.21328125 0.4524739583333333 0.19921875 0.4225260416666667 0.20078125 0.40234375 0.1921875
1 0.3248697916666667 0.50078125 0.3248697916666667 0.51953125 0.3190104166666667 0.5484375 0.3216145833333333 0.553125 0.333984375 0.5609375 0.3450520833333333 0.56328125 0.3600260416666667 0.55703125 0.3854166666666667 0.5359375 0.40625 0.5296875 0.4173177083333333 0.5203125 0.4361979166666667 0.4890625 0.4368489583333333 0.47265625 0.4290364583333333 0.4671875 0.3977864583333333 0.4625 0.373046875 0.46015625 0.34375 0.46171875 0.3352864583333333 0.465625 0.3313802083333333 0.47109375
1 0.419921875 0.58046875 0.4212239583333333 0.6078125 0.4283854166666667 0.61953125 0.4368489583333333 0.6265625 0.470703125 0.6125 0.478515625 0.60703125 0.4830729166666667 0.59921875 0.4817708333333333 0.58203125 0.4739583333333333 0.57265625 0.4544270833333333 0.571875 0.4466145833333333 0.575 0.4290364583333333 0.57265625
1 0.205078125 0.60234375 0.20572916666666666 0.61171875 0.212890625 0.62421875 0.23372395833333334 0.640625 0.2630208333333333 0.6453125 0.28515625 0.6328125 0.2884114583333333 0.628125 0.2890625 0.60546875 0.287109375 0.60078125 0.2630208333333333 0.571875 0.2578125 0.571875 0.23828125 0.58359375 0.21614583333333334 0.590625
1 0.4869791666666667 0.696875 0.4876302083333333 0.71328125 0.5078125 0.7234375 0.51171875 0.721875 0.5266927083333334 0.690625 0.5338541666666666 0.68203125 0.5436197916666666 0.65703125 0.546875 0.64296875 0.546875 0.6265625 0.5423177083333334 0.625 0.525390625 0.634375 0.521484375 0.6421875 0.51171875 0.65 0.50390625 0.66015625 0.4967447916666667 0.68125
1 0.40625 0.8328125 0.404296875 0.84921875 0.4114583333333333 0.8796875 0.423828125 0.90078125 0.439453125 0.9109375 0.453125 0.91484375 0.4759114583333333 0.9140625 0.4837239583333333 0.91171875 0.4876302083333333 0.90703125 0.490234375 0.896875 0.4837239583333333 0.8625 0.46484375 0.83359375 0.4563802083333333 0.828125 0.4427083333333333 0.82578125 0.4147135416666667 0.8265625
1 0.2578125 0.90703125 0.2565104166666667 0.91796875 0.2610677083333333 0.925 0.2825520833333333 0.93359375 0.298828125 0.92578125 0.3248697916666667 0.90390625 0.33203125 0.8890625 0.3424479166666667 0.8796875 0.3619791666666667 0.84140625 0.36328125 0.7828125 0.3587239583333333 0.76953125 0.3359375 0.7390625 0.3313802083333333 0.73828125 0.3138020833333333 0.75078125 0.29296875 0.7765625 0.279296875 0.80859375 0.271484375 0.8375
1 0.5774739583333334 0.77734375 0.5826822916666666 0.81484375 0.5970052083333334 0.8546875 0.6022135416666666 0.85859375 0.6158854166666666 0.85234375 0.6341145833333334 0.83515625 0.6516927083333334 0.796875 0.6510416666666666 0.7765625 0.64453125 0.75703125 0.6399739583333334 0.75234375 0.6223958333333334 0.75703125
1 0.6634114583333334 0.6890625 0.6627604166666666 0.709375 0.6673177083333334 0.734375 0.6822916666666666 0.74140625 0.6927083333333334 0.73984375 0.7018229166666666 0.73125 0.7115885416666666 0.7171875 0.7213541666666666 0.70859375 0.728515625 0.69375 0.7259114583333334 0.67578125 0.7180989583333334 0.6640625 0.6959635416666666 0.6515625 0.677734375 0.6640625 0.6686197916666666 0.675
1 0.7265625 0.74375 0.7259114583333334 0.75234375 0.7317708333333334 0.7609375 0.7356770833333334 0.778125 0.7421875 0.784375 0.7513020833333334 0.7859375 0.7643229166666666 0.775 0.7825520833333334 0.76875 0.791015625 0.7578125 0.7981770833333334 0.73828125 0.7975260416666666 0.71640625 0.79296875 0.70859375 0.7864583333333334 0.70703125 0.7513020833333334 0.71015625 0.7337239583333334 0.73046875
1 0.2760416666666667 0.31640625 0.2779947916666667 0.328125 0.275390625 0.3546875 0.2825520833333333 0.36328125 0.291015625 0.36328125 0.302734375 0.35703125 0.3203125 0.33828125 0.3151041666666667 0.32734375 0.3001302083333333 0.3109375 0.2838541666666667 0.3109375