1 0.10026041666666667 0.28515625 0.099609375 0.29296875 0.103515625 0.296875 0.130859375 0.3109375 0.13997395833333334 0.31171875 0.17057291666666666 0.28671875 0.17708333333333334 0.278125 0.17903645833333334 0.26875 0.17447916666666666 0.2546875 0.1640625 0.2375 0.13802083333333334 0.23125 0.119140625 0.2484375 0.10807291666666667 0.265625
1 0.23763020833333334 0.26640625 0.23697916666666666 0.2796875 0.23958333333333334 0.29140625 0.24674479166666666 0.30390625 0.2545572916666667 0.3109375 0.2688802083333333 0.31015625 0.294921875 0.325 0.306640625 0.3140625 0.3190104166666667 0.28046875 0.318359375 0.26875 0.3131510416666667 0.26171875 0.287109375 0.24296875 0.2649739583333333 0.24765625 0.2421875 0.2609375
1 0.34765625 0.22890625 0.34765625 0.2390625 0.3515625 0.2515625 0.3567708333333333 0.265625 0.3606770833333333 0.26796875 0.3971354166666667 0.2453125 0.4069010416666667 0.2234375 0.3977864583333333 0.209375 0.3795572916666667 0.1984375 0.3684895833333333 0.1953125 0.3587239583333333 0.2046875
1 0.5826822916666666 0.18671875 0.5852864583333334 0.24140625 0.61328125 0.24140625 0.6334635416666666 0.234375 0.640625 0.22734375 0.640625 0.21953125 0.6302083333333334 0.19921875 0.630859375 0.190625 0.6419270833333334 0.171875 0.64453125 0.146875 0.5944010416666666 0.13046875 0.591796875 0.1546875 0.5846354166666666 0.17109375
1 0.4505208333333333 0.12734375 0.4427083333333333 0.17265625 0.4459635416666667 0.19296875 0.4537760416666667 0.2109375 0.5110677083333334 0.25234375 0.5188802083333334 0.25390625 0.5234375 0.2515625 0.5325520833333334 0.23671875 0.5397135416666666 0.19375 0.546875 0.16796875 0.5377604166666666 0.12578125 0.5299479166666666 0.1203125 0.47265625 0.1109375 0.4576822916666667 0.115625
1 0.8033854166666666 0.1609375 0.8020833333333334 0.2078125 0.8072916666666666 0.21328125 0.8268229166666666 0.21875 0.8346354166666666 0.21875 0.8463541666666666 0.21328125 0.87109375 0.1875 0.8763020833333334 0.1765625 0.8756510416666666 0.16796875 0.8704427083333334 0.15703125 0.85546875 0.13828125 0.8424479166666666 0.13125 0.822265625 0.1328125 0.8138020833333334 0.13671875 0.8046875 0.146875
1 0.7760416666666666 0.29140625 0.775390625 0.32265625 0.7799479166666666 0.39375 0.7994791666666666 0.43671875 0.810546875 0.45078125 0.8268229166666666 0.46171875 0.845703125 0.46484375 0.873046875 0.453125 0.888671875 0.4359375 0.8854166666666666 0.39921875 0.8736979166666666 0.37734375 0.8294270833333334 0.271875 0.8053385416666666 0.25546875 0.7864583333333334 0.2546875 0.7819010416666666 0.26015625
1 0.6614583333333334 0.2796875 0.66015625 0.31015625 0.6640625 0.33671875 0.6744791666666666 0.359375 0.6888020833333334 0.36328125 0.69921875 0.35234375 0.6998697916666666 0.2828125 0.6927083333333334 0.27578125 0.6725260416666666 0.27265625 0.6640625 0.27421875
1 0.4720052083333333 0.34921875 0.4720052083333333 0.359375 0.478515625 0.36796875 0.4947916666666667 0.36640625 0.5013020833333334 0.3625 0.5234375 0.37578125 0.529296875 0.3734375 0.5325520833333334 0.359375 0.5260416666666666 0.33515625 0.51953125 0.328125 0.5065104166666666 0.3234375 0.4869791666666667 0.33046875 0.4765625 0.33984375
1 0.390625 0.33984375 0.3893229166666667 0.34921875 0.3932291666666667 0.36328125 0.4114583333333333 0.3765625 0.4212239583333333 0.378125 0.4407552083333333 0.34375 0.4427083333333333 0.334375 0.4283854166666667 0.31328125 0.421875 0.31171875
1 0.302734375 0.3734375 0.3020833333333333 0.38125 0.3059895833333333 0.38828125 0.328125 0.396875 0.3450520833333333 0.37578125 0.349609375 0.3640625 0.337890625 0.3515625 0.3203125 0.3453125 0.3131510416666667 0.35078125
1 0.3880208333333333 0.5421875 0.3880208333333333 0.55390625 0.408203125 0.57109375 0.431640625 0.58359375 0.44921875 0.6015625 0.4524739583333333 0.60234375 0.4609375 0.58828125 0.4674479166666667 0.5671875 0.4557291666666667 0.5515625 0.4147135416666667 0.54765625 0.3938802083333333 0.53671875
1 0.5279947916666666 0.5078125 0.5266927083333334 0.51640625 0.529296875 0.5328125 0.5390625 0.559375 0.541015625 0.6125 0.55078125 0.6265625 0.560546875 0.65 0.603515625 0.66640625 0.6380208333333334 0.6546875 0.6438802083333334 0.64375 0.6451822916666666 0.596875 0.6282552083333334 0.55625 0.615234375 0.53671875 0.5983072916666666 0.51796875 0.5774739583333334 0.51953125
1 0.4446614583333333 0.65390625 0.4446614583333333 0.68671875 0.4466145833333333 0.709375 0.4498697916666667 0.71640625 0.4778645833333333 0.7203125 0.5104166666666666 0.71015625 0.5279947916666666 0.703125 0.5305989583333334 0.69921875 0.5286458333333334 0.6734375 0.5240885416666666 0.6640625 0.4661458333333333 0.653125
1 0.6946614583333334 0.646875 0.69140625 0.66796875 0.6985677083333334 0.69453125 0.7194010416666666 0.703125 0.7337239583333334 0.71484375 0.7578125 0.72734375 0.7623697916666666 0.72734375 0.765625 0.71953125 0.783203125 0.70859375 0.7942708333333334 0.684375 0.7923177083333334 0.6421875 0.783203125 0.63125 0.765625 0.6203125 0.7591145833333334 0.60078125 0.7552083333333334 0.596875 0.7141927083333334 0.60546875 0.7044270833333334 0.61875
1 0.8092447916666666 0.63125 0.8092447916666666 0.659375 0.8216145833333334 0.6765625 0.83984375 0.71328125 0.859375 0.73046875 0.8704427083333334 0.734375 0.8795572916666666 0.7328125 0.884765625 0.71796875 0.8815104166666666 0.6890625 0.8893229166666666 0.63828125 0.890625 0.6015625 0.8880208333333334 0.59296875 0.8684895833333334 0.57421875 0.8489583333333334 0.5609375 0.822265625 0.5640625 0.8151041666666666 0.57890625
1 0.6901041666666666 0.85625 0.693359375 0.896875 0.7037760416666666 0.92109375 0.7096354166666666 0.928125 0.7233072916666666 0.9375 0.73046875 0.93671875 0.7369791666666666 0.94140625 0.7467447916666666 0.93984375 0.7630208333333334 0.928125 0.763671875 0.915625 0.7571614583333334 0.89140625 0.7552083333333334 0.86953125 0.7376302083333334 0.834375 0.7311197916666666 0.8296875 0.7213541666666666 0.83046875 0.7115885416666666 0.83984375 0.6966145833333334 0.84609375
1 0.5494791666666666 0.85 0.546875 0.8625 0.5475260416666666 0.87890625 0.5540364583333334 0.890625 0.5638020833333334 0.8953125 0.5755208333333334 0.8953125 0.6009114583333334 0.88828125 0.6178385416666666 0.8796875 0.623046875 0.8734375 0.6256510416666666 0.85234375 0.623046875 0.82265625 0.619140625 0.81640625 0.6158854166666666 0.81640625 0.6080729166666666 0.821875 0.583984375 0.825 0.5631510416666666 0.83203125 0.552734375 0.83984375
1 0.3170572916666667 0.89921875 0.3177083333333333 0.90859375 0.3248697916666667 0.915625 0.3470052083333333 0.92109375 0.3606770833333333 0.91171875 0.365234375 0.9046875 0.3873697916666667 0.890625 0.3997395833333333 0.88828125 0.4095052083333333 0.88046875 0.421875 0.865625 0.43359375 0.84296875 0.4368489583333333 0.834375 0.4361979166666667 0.828125 0.4231770833333333 0.8203125 0.3860677083333333 0.81171875 0.3489583333333333 0.81484375 0.33984375 0.825 0.3326822916666667 0.83984375 0.32421875 0.86328125 0.3209635416666667 0.88828125
1 0.10546875 0.8484375 0.10546875 0.86484375 0.11328125 0.8765625 0.1171875 0.890625 0.11653645833333333 0.9296875 0.11783854166666667 0.934375 0.123046875 0.93828125 0.16080729166666666 0.940625 0.1875 0.93046875 0.21354166666666666 0.93125 0.23567708333333334 0.92734375 0.26953125 0.9125 0.2747395833333333 0.9 0.2727864583333333 0.8859375 0.255859375 0.85234375 0.23177083333333334 0.784375 0.22916666666666666 0.77109375 0.22526041666666666 0.7625 0.216796875 0.75546875 0.20833333333333334 0.75703125 0.16145833333333334 0.7828125 0.12044270833333333 0.81171875 0.11197916666666667 0.8234375
1 0.2734375 0.665625 0.275390625 0.68203125 0.2727864583333333 0.703125 0.279296875 0.7125 0.2864583333333333 0.71328125 0.3014322916666667 0.70703125 0.31640625 0.68984375 0.3170572916666667 0.68359375 0.314453125 0.67890625 0.294921875 0.6609375 0.2805989583333333 0.66015625