1 0.1875 0.07734375 0.18880208333333334 0.0953125 0.20442708333333334 0.13359375 0.212890625 0.14765625 0.22526041666666666 0.1609375 0.2265625 0.16796875 0.2421875 0.18203125 0.2571614583333333 0.18671875 0.2890625 0.17578125 0.2981770833333333 0.16796875 0.310546875 0.1453125 0.3111979166666667 0.1328125 0.291015625 0.06328125 0.2845052083333333 0.04921875 0.2747395833333333 0.03984375 0.267578125 0.02734375 0.2584635416666667 0.02421875 0.20833333333333334 0.021875 0.19986979166666666 0.03671875 0.19596354166666666 0.05703125
1 0.4270833333333333 0.05625 0.4225260416666667 0.08046875 0.4108072916666667 0.10546875 0.4108072916666667 0.115625 0.4147135416666667 0.1265625 0.431640625 0.14375 0.4563802083333333 0.16171875 0.4837239583333333 0.17421875 0.494140625 0.171875 0.515625 0.14453125 0.5279947916666666 0.11875 0.5305989583333334 0.1046875 0.5345052083333334 0.0984375 0.53125 0.0875 0.51953125 0.0734375 0.490234375 0.06875 0.44921875 0.04921875 0.431640625 0.05
1 0.4453125 0.27421875 0.4453125 0.31015625 0.4641927083333333 0.33125 0.4694010416666667 0.3484375 0.4817708333333333 0.365625 0.5013020833333334 0.3734375 0.5279947916666666 0.37734375 0.560546875 0.3921875 0.5807291666666666 0.38828125 0.6048177083333334 0.365625 0.6048177083333334 0.34765625 0.5944010416666666 0.315625 0.5813802083333334 0.29375 0.5657552083333334 0.28125 0.5364583333333334 0.26796875 0.5123697916666666 0.2609375 0.4765625 0.26484375
1 0.6204427083333334 0.22421875 0.6197916666666666 0.234375 0.6438802083333334 0.26953125 0.7102864583333334 0.29375 0.7291666666666666 0.29375 0.7434895833333334 0.28984375 0.7584635416666666 0.26953125 0.783203125 0.25078125 0.7858072916666666 0.2359375 0.7845052083333334 0.2203125 0.779296875 0.20625 0.765625 0.1921875 0.7376302083333334 0.17734375 0.7272135416666666 0.1765625 0.69921875 0.16328125 0.6881510416666666 0.16171875 0.6783854166666666 0.1625 0.6438802083333334 0.18046875 0.6334635416666666 0.1953125
1 0.779296875 0.3609375 0.7819010416666666 0.38203125 0.7955729166666666 0.4125 0.8229166666666666 0.4546875 0.8424479166666666 0.47578125 0.8587239583333334 0.478125 0.8776041666666666 0.46953125 0.9095052083333334 0.42109375 0.9127604166666666 0.3984375 0.9088541666666666 0.36015625 0.8912760416666666 0.33125 0.869140625 0.303125 0.859375 0.29609375 0.8463541666666666 0.29375 0.8326822916666666 0.29609375 0.8033854166666666 0.3234375 0.8001302083333334 0.33359375 0.783203125 0.3484375
1 0.650390625 0.659375 0.6490885416666666 0.68359375 0.6516927083333334 0.68828125 0.724609375 0.72734375 0.744140625 0.7328125 0.7493489583333334 0.72578125 0.76171875 0.68046875 0.7688802083333334 0.62734375 0.767578125 0.61953125 0.7408854166666666 0.59140625 0.7220052083333334 0.578125 0.7115885416666666 0.57421875 0.6881510416666666 0.57421875 0.6634114583333334 0.59453125
1 0.7591145833333334 0.8375 0.7584635416666666 0.853125 0.7610677083333334 0.86171875 0.7669270833333334 0.8765625 0.7819010416666666 0.89921875 0.7923177083333334 0.9078125 0.8079427083333334 0.9078125 0.8209635416666666 0.8796875 0.8235677083333334 0.86015625 0.83203125 0.83828125 0.8365885416666666 0.7953125 0.8346354166666666 0.78046875 0.8190104166666666 0.765625 0.8151041666666666 0.7546875 0.798828125 0.74765625 0.791015625 0.74921875 0.7779947916666666 0.771875
1 0.6393229166666666 0.32734375 0.638671875 0.35546875 0.6438802083333334 0.3640625 0.6796875 0.37109375 0.6966145833333334 0.36796875 0.7024739583333334 0.36015625 0.7044270833333334 0.3453125 0.697265625 0.33046875 0.6940104166666666 0.315625 0.6888020833333334 0.3109375 0.6751302083333334 0.30859375 0.650390625 0.3125
1 0.7356770833333334 0.06015625 0.7330729166666666 0.08984375 0.7369791666666666 0.1 0.7428385416666666 0.1015625 0.759765625 0.09296875 0.7688802083333334 0.08125 0.7760416666666666 0.06015625 0.7721354166666666 0.0296875 0.7662760416666666 0.02890625 0.7473958333333334 0.040625 0.7389322916666666 0.05
1 0.19270833333333334 0.33671875 0.19205729166666666 0.35 0.19466145833333334 0.3625 0.201171875 0.365625 0.21158854166666666 0.3625 0.22721354166666666 0.36953125 0.24869791666666666 0.36328125 0.263671875 0.35234375 0.26953125 0.3421875 0.2571614583333333 0.296875 0.23502604166666666 0.275 0.22721354166666666 0.2765625 0.22265625 0.28125
1 0.23307291666666666 0.49453125 0.22916666666666666 0.553125 0.23567708333333334 0.56328125 0.24544270833333334 0.565625 0.26171875 0.55625 0.2858072916666667 0.5359375 0.3248697916666667 0.49296875 0.3274739583333333 0.48125 0.3177083333333333 0.4640625 0.3072916666666667 0.45390625 0.2845052083333333 0.4515625 0.2421875 0.4734375 0.23893229166666666 0.4765625
1 0.11848958333333333 0.61640625 0.11783854166666667 0.63203125 0.12825520833333334 0.6671875 0.12760416666666666 0.7078125 0.12890625 0.71328125 0.13671875 0.71875 0.21549479166666666 0.71875 0.23502604166666666 0.715625 0.24283854166666666 0.71015625 0.2513020833333333 0.6984375 0.2649739583333333 0.6734375 0.2734375 0.6484375 0.2734375 0.64296875 0.24934895833333334 0.6125 0.240234375 0.60625 0.212890625 0.59765625 0.16341145833333334 0.59765625 0.12630208333333334 0.60859375
1 0.3020833333333333 0.696875 0.3020833333333333 0.7328125 0.3098958333333333 0.74140625 0.3203125 0.74609375 0.3359375 0.74609375 0.3782552083333333 0.73125 0.4088541666666667 0.7109375 0.412109375 0.70625 0.4134114583333333 0.69375 0.4127604166666667 0.64921875 0.408203125 0.63203125 0.3971354166666667 0.60859375 0.390625 0.603125 0.3736979166666667 0.60234375 0.35546875 0.6109375 0.3372395833333333 0.63828125 0.3255208333333333 0.6671875 0.3125 0.67734375
1 0.4036458333333333 0.85625 0.3984375 0.884375 0.40625 0.8984375 0.4173177083333333 0.90390625 0.4453125 0.9078125 0.4609375 0.90078125 0.466796875 0.88203125 0.4680989583333333 0.8546875 0.470703125 0.8484375 0.4674479166666667 0.8390625 0.45703125 0.82578125 0.4342447916666667 0.81640625 0.4225260416666667 0.8171875 0.4140625 0.8265625
1 0.48046875 0.80390625 0.4817708333333333 0.85 0.4850260416666667 0.8546875 0.515625 0.8515625 0.5390625 0.83359375 0.5358072916666666 0.81015625 0.529296875 0.80234375 0.5130208333333334 0.79609375 0.5 0.7953125 0.4876302083333333 0.796875
1 0.087890625 0.875 0.087890625 0.88515625 0.09895833333333333 0.934375 0.10416666666666667 0.94453125 0.11067708333333333 0.94921875 0.14583333333333334 0.9421875 0.1796875 0.92109375 0.18880208333333334 0.90390625 0.18880208333333334 0.89609375 0.18359375 0.88515625 0.17578125 0.88125 0.16731770833333334 0.86484375 0.13736979166666666 0.8359375 0.130859375 0.83671875 0.11328125 0.8484375 0.10286458333333333 0.8515625