1 0.09830729166666667 0.1921875 0.09700520833333333 0.2140625 0.09895833333333333 0.22109375 0.12565104166666666 0.25546875 0.13411458333333334 0.26015625 0.14127604166666666 0.26015625 0.16796875 0.240625 0.169921875 0.23046875 0.16731770833333334 0.20703125 0.158203125 0.19453125 0.10611979166666667 0.17109375 0.10091145833333333 0.175
1 0.3072916666666667 0.17265625 0.30859375 0.1828125 0.34375 0.19609375 0.3619791666666667 0.19140625 0.3658854166666667 0.18203125 0.3658854166666667 0.16875 0.3580729166666667 0.14375 0.3522135416666667 0.134375 0.3463541666666667 0.13203125 0.3372395833333333 0.13359375 0.3151041666666667 0.14453125
1 0.4029947916666667 0.18046875 0.4029947916666667 0.1953125 0.408203125 0.20390625 0.4322916666666667 0.21328125 0.4381510416666667 0.20703125 0.453125 0.17109375 0.439453125 0.15078125 0.4322916666666667 0.14609375 0.41015625 0.16875
1 0.482421875 0.18828125 0.482421875 0.19765625 0.4889322916666667 0.20625 0.5052083333333334 0.20390625 0.5162760416666666 0.1984375 0.5299479166666666 0.21015625 0.537109375 0.2109375 0.5397135416666666 0.209375 0.5423177083333334 0.1984375 0.541015625 0.1859375 0.533203125 0.16953125 0.5169270833333334 0.16015625 0.5110677083333334 0.16015625 0.4967447916666667 0.1671875 0.4869791666666667 0.178125
1 0.5983072916666666 0.1625 0.5950520833333334 0.18828125 0.5983072916666666 0.20234375 0.5970052083333334 0.21875 0.5865885416666666 0.24453125 0.5807291666666666 0.25234375 0.580078125 0.259375 0.5911458333333334 0.26953125 0.615234375 0.2796875 0.6263020833333334 0.28046875 0.630859375 0.27578125 0.6360677083333334 0.2453125 0.6438802083333334 0.23125 0.6490885416666666 0.2125 0.6516927083333334 0.20078125 0.6510416666666666 0.184375 0.6412760416666666 0.15625 0.6373697916666666 0.15234375 0.6061197916666666 0.14921875 0.6015625 0.153125
1 0.8782552083333334 0.19453125 0.8763020833333334 0.203125 0.8802083333333334 0.21328125 0.8834635416666666 0.23671875 0.8873697916666666 0.2515625 0.8958333333333334 0.26484375 0.9075520833333334 0.26328125 0.9348958333333334 0.25234375 0.9479166666666666 0.23671875 0.953125 0.22265625 0.953125 0.21328125 0.94921875 0.20625 0.931640625 0.1953125 0.91796875 0.178125 0.8912760416666666 0.1828125
1 0.716796875 0.24140625 0.716796875 0.2734375 0.7506510416666666 0.2890625 0.76953125 0.28671875 0.794921875 0.26328125 0.7994791666666666 0.2546875 0.7994791666666666 0.24375 0.8098958333333334 0.22421875 0.8131510416666666 0.2078125 0.8131510416666666 0.1921875 0.8092447916666666 0.18203125 0.8111979166666666 0.1609375 0.8014322916666666 0.1078125 0.7942708333333334 0.0921875 0.7825520833333334 0.0796875 0.76171875 0.08671875 0.7473958333333334 0.10546875 0.73828125 0.1359375 0.7298177083333334 0.18828125
1 0.8177083333333334 0.471875 0.8177083333333334 0.5015625 0.8287760416666666 0.51328125 0.8385416666666666 0.540625 0.8470052083333334 0.553125 0.8723958333333334 0.57265625 0.88671875 0.57265625 0.892578125 0.559375 0.888671875 0.52265625 0.8971354166666666 0.478125 0.8990885416666666 0.440625 0.896484375 0.4328125 0.876953125 0.4109375 0.8587239583333334 0.396875 0.83203125 0.403125 0.8274739583333334 0.4078125 0.82421875 0.41796875
1 0.6888020833333334 0.53125 0.6868489583333334 0.559375 0.681640625 0.578125 0.681640625 0.5953125 0.689453125 0.60703125 0.7109375 0.62734375 0.716796875 0.6265625 0.7311197916666666 0.6125 0.7486979166666666 0.6140625 0.7591145833333334 0.61015625 0.7825520833333334 0.575 0.7877604166666666 0.5515625 0.787109375 0.540625 0.7838541666666666 0.53203125 0.7688802083333334 0.51484375 0.7408854166666666 0.51328125 0.7278645833333334 0.515625 0.708984375 0.50859375 0.6953125 0.5203125
1 0.5475260416666666 0.3859375 0.5475260416666666 0.409375 0.5520833333333334 0.446875 0.56640625 0.48515625 0.5729166666666666 0.49296875 0.5768229166666666 0.50390625 0.5911458333333334 0.5171875 0.6178385416666666 0.534375 0.6393229166666666 0.53828125 0.6477864583333334 0.5328125 0.6608072916666666 0.490625 0.666015625 0.45 0.6653645833333334 0.434375 0.6627604166666666 0.42890625 0.6380208333333334 0.41640625 0.6106770833333334 0.41015625 0.560546875 0.3828125 0.5501302083333334 0.38125
1 0.5696614583333334 0.33515625 0.5690104166666666 0.36328125 0.5709635416666666 0.3671875 0.58203125 0.37265625 0.607421875 0.3703125 0.61328125 0.35546875 0.615234375 0.29375 0.6015625 0.284375 0.587890625 0.28671875 0.576171875 0.30625
1 0.3020833333333333 0.27734375 0.3014322916666667 0.290625 0.3040364583333333 0.2953125 0.326171875 0.30078125 0.345703125 0.26875 0.3346354166666667 0.2546875 0.3170572916666667 0.2515625 0.3092447916666667 0.2546875
1 0.3971354166666667 0.3796875 0.3977864583333333 0.3921875 0.41796875 0.4078125 0.4498697916666667 0.4265625 0.4596354166666667 0.4359375 0.4635416666666667 0.43671875 0.4733072916666667 0.42109375 0.4759114583333333 0.403125 0.462890625 0.3890625 0.4251302083333333 0.3859375 0.404296875 0.37578125
1 0.11197916666666667 0.58828125 0.111328125 0.59765625 0.11588541666666667 0.6078125 0.173828125 0.67734375 0.19466145833333334 0.71328125 0.20182291666666666 0.7203125 0.20638020833333334 0.72109375 0.21223958333333334 0.71796875 0.22786458333333334 0.696875 0.25390625 0.64375 0.275390625 0.621875 0.2897135416666667 0.58515625 0.2916666666666667 0.57421875 0.275390625 0.55625 0.265625 0.5578125 0.251953125 0.5515625 0.24283854166666666 0.54140625 0.23502604166666666 0.52578125 0.22330729166666666 0.5203125 0.19921875 0.515625 0.19075520833333334 0.51875 0.15104166666666666 0.55
1 0.3411458333333333 0.659375 0.3391927083333333 0.6765625 0.3444010416666667 0.6875 0.3736979166666667 0.6984375 0.39453125 0.7 0.4205729166666667 0.6859375 0.453125 0.6796875 0.4739583333333333 0.6609375 0.474609375 0.653125 0.4720052083333333 0.646875 0.453125 0.62890625 0.4329427083333333 0.6015625 0.4186197916666667 0.5875 0.4075520833333333 0.58515625 0.3938802083333333 0.5953125
1 0.5208333333333334 0.584375 0.5208333333333334 0.59453125 0.529296875 0.60546875 0.55078125 0.62890625 0.560546875 0.63046875 0.5813802083333334 0.58828125 0.59765625 0.5453125 0.5813802083333334 0.5265625 0.57421875 0.525 0.5325520833333334 0.559375
1 0.5553385416666666 0.69375 0.5559895833333334 0.71875 0.560546875 0.72578125 0.5670572916666666 0.72890625 0.58984375 0.72890625 0.6243489583333334 0.7171875 0.6321614583333334 0.709375 0.6328125 0.67265625 0.6302083333333334 0.653125 0.6263020833333334 0.65 0.6158854166666666 0.659375 0.5690104166666666 0.66953125 0.560546875 0.68046875
1 0.6979166666666666 0.69296875 0.7005208333333334 0.7375 0.7096354166666666 0.7546875 0.7194010416666666 0.759375 0.7395833333333334 0.76015625 0.7506510416666666 0.76015625 0.7701822916666666 0.7546875 0.771484375 0.74453125 0.7643229166666666 0.70625 0.748046875 0.671875 0.7415364583333334 0.66875 0.7278645833333334 0.6703125 0.71484375 0.68203125 0.703125 0.684375
1 0.4283854166666667 0.76484375 0.4283854166666667 0.7859375 0.4322916666666667 0.80390625 0.4420572916666667 0.81875 0.451171875 0.81875 0.4850260416666667 0.796875 0.48828125 0.7921875 0.4889322916666667 0.771875 0.4850260416666667 0.765625 0.4765625 0.7609375 0.4342447916666667 0.75859375
1 0.4889322916666667 0.83515625 0.48828125 0.85078125 0.494140625 0.859375 0.5358072916666666 0.8625 0.5690104166666666 0.8453125 0.580078125 0.834375 0.5703125 0.8203125 0.5325520833333334 0.81640625 0.5234375 0.8203125 0.494140625 0.8234375
1 0.21028645833333334 0.78984375 0.20963541666666666 0.79765625 0.21549479166666666 0.81015625 0.2265625 0.82265625 0.23763020833333334 0.8296875 0.2662760416666667 0.834375 0.2864583333333333 0.8234375 0.29296875 0.81640625 0.2916666666666667 0.7890625 0.267578125 0.76015625 0.26171875 0.76015625 0.24739583333333334 0.76875 0.224609375 0.771875 0.21354166666666666 0.78046875