1 0.30859375 0.09609375 0.3072916666666667 0.115625 0.310546875 0.13125 0.3098958333333333 0.15546875 0.3138020833333333 0.1921875 0.3177083333333333 0.2 0.3385416666666667 0.21484375 0.345703125 0.2265625 0.3483072916666667 0.23828125 0.3548177083333333 0.2453125 0.3919270833333333 0.2515625 0.4029947916666667 0.2515625 0.4153645833333333 0.2453125 0.4192708333333333 0.21484375 0.4205729166666667 0.16484375 0.404296875 0.14453125 0.3951822916666667 0.12421875 0.3873697916666667 0.09296875 0.3815104166666667 0.08359375 0.3736979166666667 0.07734375 0.3580729166666667 0.078125 0.3170572916666667 0.0859375 0.3125 0.08828125
1 0.181640625 0.06328125 0.181640625 0.08046875 0.18489583333333334 0.0984375 0.19010416666666666 0.1109375 0.19075520833333334 0.12578125 0.197265625 0.13671875 0.20963541666666666 0.1765625 0.21744791666666666 0.1875 0.22981770833333334 0.18671875 0.23502604166666666 0.178125 0.2591145833333333 0.0734375 0.2604166666666667 0.0328125 0.23893229166666666 0.01875 0.20963541666666666 0.01953125 0.20182291666666666 0.02734375
1 0.37890625 0.315625 0.3697916666666667 0.34296875 0.375 0.36953125 0.3802083333333333 0.37578125 0.4147135416666667 0.38671875 0.4635416666666667 0.3765625 0.474609375 0.346875 0.4765625 0.33046875 0.4772135416666667 0.2859375 0.470703125 0.2578125 0.462890625 0.246875 0.4544270833333333 0.240625 0.4283854166666667 0.24453125 0.421875 0.25234375 0.41015625 0.2765625 0.3932291666666667 0.29453125
1 0.6438802083333334 0.30546875 0.6432291666666666 0.31328125 0.6497395833333334 0.32734375 0.68359375 0.3875 0.7024739583333334 0.3875 0.7506510416666666 0.37265625 0.7604166666666666 0.36640625 0.767578125 0.35625 0.7682291666666666 0.346875 0.763671875 0.328125 0.7545572916666666 0.30703125 0.7356770833333334 0.275 0.7044270833333334 0.253125 0.69140625 0.25234375 0.6829427083333334 0.2578125
1 0.47265625 0.41640625 0.4720052083333333 0.43203125 0.4752604166666667 0.43984375 0.4967447916666667 0.46484375 0.5065104166666666 0.47109375 0.5130208333333334 0.4703125 0.5221354166666666 0.45703125 0.5286458333333334 0.4390625 0.5260416666666666 0.428125 0.5188802083333334 0.4171875 0.501953125 0.39765625 0.4889322916666667 0.38828125 0.484375 0.38828125 0.48046875 0.39375
1 0.3938802083333333 0.525 0.3938802083333333 0.53671875 0.3977864583333333 0.54453125 0.427734375 0.5640625 0.4427083333333333 0.565625 0.4557291666666667 0.55390625 0.466796875 0.51875 0.466796875 0.51171875 0.4615885416666667 0.5015625 0.4420572916666667 0.4796875 0.435546875 0.47578125 0.4212239583333333 0.47421875 0.4166666666666667 0.47734375 0.4069010416666667 0.4953125
1 0.4479166666666667 0.64375 0.4453125 0.646875 0.4466145833333333 0.6546875 0.5006510416666666 0.7328125 0.515625 0.7484375 0.5397135416666666 0.759375 0.55078125 0.7609375 0.5657552083333334 0.746875 0.5670572916666666 0.74375 0.5579427083333334 0.71640625 0.5052083333333334 0.621875 0.4947916666666667 0.61875
1 0.73828125 0.4953125 0.73828125 0.52109375 0.7434895833333334 0.53671875 0.7473958333333334 0.56953125 0.76171875 0.60625 0.7858072916666666 0.62421875 0.810546875 0.61328125 0.8131510416666666 0.59921875 0.8118489583333334 0.53984375 0.80078125 0.49453125 0.7779947916666666 0.46484375 0.7701822916666666 0.4625 0.7591145833333334 0.46875
1 0.693359375 0.80625 0.6927083333333334 0.8140625 0.697265625 0.8328125 0.7083333333333334 0.85703125 0.7545572916666666 0.89765625 0.783203125 0.90625 0.8268229166666666 0.9359375 0.8404947916666666 0.9421875 0.8697916666666666 0.9015625 0.8697916666666666 0.87265625 0.8528645833333334 0.79296875 0.8326822916666666 0.77421875 0.796875 0.75 0.74609375 0.7578125 0.7135416666666666 0.7796875 0.6953125 0.79921875
1 0.1171875 0.38046875 0.11653645833333333 0.38984375 0.12955729166666666 0.42578125 0.1640625 0.4671875 0.193359375 0.4875 0.20833333333333334 0.49296875 0.255859375 0.49921875 0.2630208333333333 0.490625 0.2701822916666667 0.47109375 0.2747395833333333 0.4453125 0.2734375 0.4234375 0.20963541666666666 0.3484375 0.193359375 0.340625 0.17447916666666666 0.3390625 0.16471354166666666 0.3515625 0.12565104166666666 0.36953125
1 0.16731770833333334 0.55625 0.16471354166666666 0.60546875 0.16666666666666666 0.6203125 0.17447916666666666 0.625 0.20768229166666666 0.63125 0.21614583333333334 0.63046875 0.22721354166666666 0.6203125 0.236328125 0.59765625 0.23763020833333334 0.58203125 0.244140625 0.57421875 0.23893229166666666 0.56875 0.23763020833333334 0.553125 0.228515625 0.52890625 0.21875 0.52578125 0.20833333333333334 0.53125 0.19596354166666666 0.521875 0.18880208333333334 0.5234375 0.169921875 0.5375
1 0.2864583333333333 0.57265625 0.2890625 0.6359375 0.2923177083333333 0.64609375 0.3033854166666667 0.6546875 0.3391927083333333 0.646875 0.3430989583333333 0.640625 0.3522135416666667 0.59296875 0.3580729166666667 0.54765625 0.3580729166666667 0.51875 0.35546875 0.515625 0.3489583333333333 0.515625 0.310546875 0.53671875 0.2923177083333333 0.559375
1 0.13346354166666666 0.740625 0.1328125 0.7484375 0.13932291666666666 0.76171875 0.140625 0.78515625 0.134765625 0.80234375 0.134765625 0.8125 0.14322916666666666 0.83046875 0.14713541666666666 0.853125 0.154296875 0.8609375 0.16080729166666666 0.8609375 0.185546875 0.8484375 0.19466145833333334 0.83671875 0.20638020833333334 0.82890625 0.220703125 0.80703125 0.24283854166666666 0.7828125 0.2526041666666667 0.76171875 0.2545572916666667 0.7515625 0.248046875 0.725 0.251953125 0.70078125 0.24869791666666666 0.69296875 0.23372395833333334 0.67578125 0.21158854166666666 0.67109375 0.203125 0.66640625 0.18880208333333334 0.66953125 0.16341145833333334 0.684375 0.15299479166666666 0.69609375 0.14908854166666666 0.703125 0.14518229166666666 0.721875
1 0.279296875 0.90078125 0.2786458333333333 0.90703125 0.28515625 0.9125 0.4010416666666667 0.95234375 0.408203125 0.9484375 0.4361979166666667 0.90859375 0.4446614583333333 0.89375 0.4453125 0.88203125 0.44140625 0.8765625 0.39453125 0.84921875 0.3671875 0.82734375 0.341796875 0.821875 0.33203125 0.8296875