1 0.328125 0.1984375 0.3248697916666667 0.209375 0.326171875 0.21484375 0.3509114583333333 0.24453125 0.3658854166666667 0.25234375 0.3802083333333333 0.25390625 0.38671875 0.25078125 0.4049479166666667 0.22734375 0.3990885416666667 0.184375 0.3919270833333333 0.1640625 0.38671875 0.159375 0.3658854166666667 0.16015625 0.349609375 0.16796875 0.333984375 0.18515625
1 0.060546875 0.1640625 0.059244791666666664 0.17265625 0.06380208333333333 0.18515625 0.076171875 0.20078125 0.09114583333333333 0.2296875 0.12955729166666666 0.26796875 0.14713541666666666 0.29296875 0.15690104166666666 0.30234375 0.17513020833333334 0.3078125 0.19596354166666666 0.3046875 0.21354166666666666 0.2890625 0.22721354166666666 0.26484375 0.22786458333333334 0.25078125 0.22005208333333334 0.2375 0.158203125 0.1875 0.09765625 0.14375 0.08138020833333333 0.13828125 0.06770833333333333 0.1515625
1 0.10807291666666667 0.41875 0.107421875 0.42578125 0.11328125 0.43203125 0.13346354166666666 0.4421875 0.16145833333333334 0.45 0.171875 0.43125 0.17643229166666666 0.4125 0.17252604166666666 0.37421875 0.15625 0.35625 0.15104166666666666 0.35546875 0.140625 0.36015625 0.13151041666666666 0.36796875 0.12760416666666666 0.3796875 0.11588541666666667 0.39765625
1 0.12890625 0.50390625 0.12955729166666666 0.5296875 0.13997395833333334 0.55 0.14713541666666666 0.58125 0.16796875 0.62265625 0.19856770833333334 0.6546875 0.22005208333333334 0.65234375 0.2513020833333333 0.6328125 0.2799479166666667 0.62265625 0.287109375 0.615625 0.3001302083333333 0.609375 0.3072916666666667 0.59609375 0.310546875 0.58203125 0.302734375 0.559375 0.2688802083333333 0.5078125 0.23828125 0.48359375 0.20442708333333334 0.46328125 0.18815104166666666 0.4625 0.16080729166666666 0.46953125
1 0.3561197916666667 0.54921875 0.35546875 0.56171875 0.3802083333333333 0.60546875 0.4407552083333333 0.59140625 0.46875 0.57578125 0.4850260416666667 0.571875 0.5045572916666666 0.5625 0.5091145833333334 0.54765625 0.5052083333333334 0.51953125 0.5052083333333334 0.49609375 0.501953125 0.4890625 0.484375 0.48046875 0.46875 0.4796875 0.4309895833333333 0.46796875 0.4108072916666667 0.47109375 0.3951822916666667 0.4921875 0.3782552083333333 0.50546875 0.361328125 0.53515625
1 0.5423177083333334 0.44921875 0.5423177083333334 0.4609375 0.5501302083333334 0.48359375 0.5598958333333334 0.4984375 0.5651041666666666 0.5 0.5833333333333334 0.49296875 0.5924479166666666 0.4859375 0.6100260416666666 0.44609375 0.6106770833333334 0.4390625 0.5989583333333334 0.42734375 0.5716145833333334 0.42578125 0.556640625 0.43125
1 0.509765625 0.1625 0.5084635416666666 0.2203125 0.4993489583333333 0.2515625 0.5 0.2625 0.5104166666666666 0.26484375 0.525390625 0.26171875 0.5358072916666666 0.26640625 0.5930989583333334 0.2390625 0.591796875 0.22734375 0.5826822916666666 0.21328125 0.5748697916666666 0.19375 0.568359375 0.1875 0.529296875 0.15859375 0.5143229166666666 0.15625
1 0.435546875 0.40234375 0.4420572916666667 0.434375 0.4596354166666667 0.44140625 0.4791666666666667 0.440625 0.482421875 0.43671875 0.48046875 0.4015625 0.4876302083333333 0.3859375 0.4876302083333333 0.37734375 0.4837239583333333 0.375 0.4778645833333333 0.38125
1 0.6158854166666666 0.415625 0.6165364583333334 0.425 0.6217447916666666 0.4296875 0.6295572916666666 0.45859375 0.67578125 0.52109375 0.6822916666666666 0.525 0.7135416666666666 0.52421875 0.7233072916666666 0.521875 0.7311197916666666 0.5140625 0.7578125 0.46015625 0.7805989583333334 0.4453125 0.787109375 0.4296875 0.7897135416666666 0.40390625 0.7825520833333334 0.39140625 0.7604166666666666 0.38359375 0.7272135416666666 0.38671875 0.693359375 0.3828125 0.6510416666666666 0.39375
1 0.6920572916666666 0.24453125 0.6901041666666666 0.25625 0.6920572916666666 0.265625 0.703125 0.2796875 0.7122395833333334 0.284375 0.7213541666666666 0.28515625 0.7389322916666666 0.278125 0.7630208333333334 0.28515625 0.8053385416666666 0.2890625 0.8430989583333334 0.30078125 0.85546875 0.29375 0.8587239583333334 0.28671875 0.859375 0.27578125 0.853515625 0.2515625 0.830078125 0.22109375 0.8216145833333334 0.203125 0.796875 0.16640625 0.7805989583333334 0.165625 0.74609375 0.17265625 0.7037760416666666 0.196875 0.6985677083333334 0.209375 0.697265625 0.22734375
1 0.6881510416666666 0.1296875 0.6861979166666666 0.13984375 0.689453125 0.1578125 0.6966145833333334 0.1765625 0.703125 0.18203125 0.7213541666666666 0.18203125 0.7565104166666666 0.16796875 0.7610677083333334 0.1546875 0.7610677083333334 0.13515625 0.7513020833333334 0.12890625 0.7180989583333334 0.1171875 0.7044270833333334 0.11640625
1 0.4186197916666667 0.0390625 0.4192708333333333 0.04765625 0.4407552083333333 0.09140625 0.4453125 0.09609375 0.4908854166666667 0.08359375 0.5045572916666666 0.07578125 0.51171875 0.065625 0.5104166666666666 0.05546875 0.494140625 0.0203125 0.4908854166666667 0.01796875
1 0.7291666666666666 0.05703125 0.7298177083333334 0.06953125 0.7356770833333334 0.078125 0.744140625 0.084375 0.759765625 0.0875 0.767578125 0.09609375 0.779296875 0.0953125 0.7923177083333334 0.08984375 0.8033854166666666 0.08203125 0.810546875 0.07265625 0.80859375 0.06328125 0.79296875 0.03671875 0.7845052083333334 0.02734375 0.7760416666666666 0.02421875 0.7610677083333334 0.02421875 0.75390625 0.02734375
1 0.5026041666666666 0.66171875 0.501953125 0.66953125 0.5052083333333334 0.67890625 0.5325520833333334 0.73203125 0.5533854166666666 0.7515625 0.5638020833333334 0.74765625 0.5970052083333334 0.70859375 0.6178385416666666 0.69453125 0.638671875 0.6609375 0.6393229166666666 0.64921875 0.6217447916666666 0.5703125 0.6158854166666666 0.56484375 0.6087239583333334 0.565625 0.6009114583333334 0.5734375 0.58203125 0.584375 0.5540364583333334 0.609375 0.5299479166666666 0.61953125 0.5201822916666666 0.6296875 0.5130208333333334 0.64765625
1 0.6412760416666666 0.728125 0.642578125 0.7671875 0.6458333333333334 0.7734375 0.6595052083333334 0.778125 0.6881510416666666 0.77578125 0.703125 0.78203125 0.720703125 0.77578125 0.728515625 0.7640625 0.7330729166666666 0.74453125 0.7350260416666666 0.7125 0.7272135416666666 0.67578125 0.71875 0.65546875 0.7115885416666666 0.646875 0.7037760416666666 0.64375 0.6875 0.64296875 0.6614583333333334 0.646875 0.6575520833333334 0.6515625 0.6536458333333334 0.665625 0.6477864583333334 0.7046875
1 0.759765625 0.71796875 0.76171875 0.7390625 0.7747395833333334 0.75859375 0.8157552083333334 0.784375 0.8444010416666666 0.784375 0.865234375 0.77734375 0.8795572916666666 0.765625 0.8828125 0.73671875 0.8912760416666666 0.70546875 0.8834635416666666 0.67421875 0.8626302083333334 0.65078125 0.8190104166666666 0.63984375 0.7903645833333334 0.63828125 0.7734375 0.66640625 0.76953125 0.69765625
1 0.3795572916666667 0.703125 0.3782552083333333 0.71015625 0.3893229166666667 0.7828125 0.3951822916666667 0.8421875 0.3990885416666667 0.8484375 0.4088541666666667 0.85234375 0.42578125 0.85234375 0.4401041666666667 0.83828125 0.4440104166666667 0.81796875 0.4440104166666667 0.7984375 0.4388020833333333 0.77265625 0.4368489583333333 0.73515625 0.4290364583333333 0.70234375 0.4231770833333333 0.69453125 0.4147135416666667 0.69296875 0.3899739583333333 0.69765625
1 0.271484375 0.87734375 0.271484375 0.9 0.2845052083333333 0.93125 0.287109375 0.9484375 0.294921875 0.96328125 0.3033854166666667 0.97265625 0.3072916666666667 0.97265625 0.3131510416666667 0.96484375 0.32421875 0.9390625 0.34375 0.88203125 0.3587239583333333 0.8546875 0.359375 0.84609375 0.3203125 0.803125 0.3125 0.79765625 0.3059895833333333 0.79765625 0.2981770833333333 0.80546875 0.287109375 0.8375 0.2760416666666667 0.85546875
1 0.806640625 0.578125 0.8033854166666666 0.59140625 0.8046875 0.603125 0.8138020833333334 0.61015625 0.8216145833333334 0.609375 0.830078125 0.59375 0.8326822916666666 0.57109375 0.8411458333333334 0.5359375 0.8391927083333334 0.528125 0.8235677083333334 0.52578125 0.8209635416666666 0.52890625