0 0.2669270833333333 0.09296875 0.265625 0.115625 0.2890625 0.140625 0.2955729166666667 0.14375 0.3046875 0.1421875 0.3248697916666667 0.12734375 0.3346354166666667 0.115625 0.3359375 0.08125 0.3229166666666667 0.06015625 0.310546875 0.04765625 0.2975260416666667 0.0515625 0.2845052083333333 0.06953125 0.271484375 0.07890625
0 0.3580729166666667 0.040625 0.35546875 0.0546875 0.3665364583333333 0.084375 0.3873697916666667 0.10078125 0.400390625 0.09765625 0.40625 0.09140625 0.4114583333333333 0.07890625 0.4114583333333333 0.05703125 0.3932291666666667 0.02109375 0.3828125 0.01875
0 0.4986979166666667 0.1265625 0.4993489583333333 0.16640625 0.5084635416666666 0.1953125 0.513671875 0.20546875 0.5227864583333334 0.21328125 0.5403645833333334 0.2125 0.56640625 0.203125 0.5852864583333334 0.18671875 0.595703125 0.159375 0.5950520833333334 0.15 0.5865885416666666 0.13046875 0.5546875 0.0953125 0.5475260416666666 0.09140625 0.529296875 0.08984375 0.513671875 0.09765625 0.5084635416666666 0.103125
0 0.62890625 0.01953125 0.6145833333333334 0.07109375 0.6243489583333334 0.1015625 0.6256510416666666 0.1390625 0.6282552083333334 0.1484375 0.6399739583333334 0.1703125 0.6490885416666666 0.17578125 0.6666666666666666 0.16875 0.6764322916666666 0.15859375 0.6861979166666666 0.13828125 0.6861979166666666 0.1171875 0.6803385416666666 0.10234375 0.6783854166666666 0.078125 0.6595052083333334 0.0203125 0.650390625 0.0109375 0.6354166666666666 0.01171875
0 0.705078125 0.16640625 0.7044270833333334 0.1859375 0.7096354166666666 0.1921875 0.7239583333333334 0.19296875 0.7350260416666666 0.184375 0.7545572916666666 0.1546875 0.7591145833333334 0.14296875 0.7591145833333334 0.1265625 0.7493489583333334 0.1046875 0.7447916666666666 0.10390625 0.7337239583333334 0.11484375
0 0.8424479166666666 0.078125 0.8450520833333334 0.09140625 0.859375 0.10546875 0.884765625 0.11953125 0.919921875 0.1296875 0.9309895833333334 0.1296875 0.9466145833333334 0.11953125 0.9622395833333334 0.1015625 0.966796875 0.0671875 0.962890625 0.05625 0.9518229166666666 0.05 0.8815104166666666 0.0328125 0.8763020833333334 0.034375 0.84765625 0.06796875
0 0.7799479166666666 0.0734375 0.779296875 0.08046875 0.7858072916666666 0.09453125 0.796875 0.10390625 0.8059895833333334 0.1046875 0.8157552083333334 0.0859375 0.8248697916666666 0.05546875 0.8248697916666666 0.0484375 0.8209635416666666 0.0421875 0.8138020833333334 0.040625 0.7936197916666666 0.04921875 0.7890625 0.053125
0 0.8802083333333334 0.27265625 0.8782552083333334 0.28828125 0.88671875 0.3046875 0.9127604166666666 0.32265625 0.9283854166666666 0.325 0.943359375 0.31484375 0.94921875 0.29921875 0.9544270833333334 0.29296875 0.958984375 0.26875 0.9505208333333334 0.2375 0.9329427083333334 0.21171875 0.92578125 0.21015625 0.9147135416666666 0.2171875 0.9036458333333334 0.23125 0.8860677083333334 0.25703125
0 0.8385416666666666 0.39765625 0.8404947916666666 0.41484375 0.8489583333333334 0.42578125 0.876953125 0.44609375 0.8938802083333334 0.44921875 0.9055989583333334 0.4484375 0.9114583333333334 0.44375 0.9290364583333334 0.4140625 0.931640625 0.4 0.9231770833333334 0.3828125 0.9075520833333334 0.365625 0.8880208333333334 0.36640625 0.8619791666666666 0.3734375 0.8424479166666666 0.3890625
0 0.8059895833333334 0.32421875 0.8059895833333334 0.34140625 0.810546875 0.36015625 0.8294270833333334 0.36953125 0.8352864583333334 0.36953125 0.841796875 0.359375 0.845703125 0.3375 0.845703125 0.32265625 0.841796875 0.3140625 0.8313802083333334 0.3078125 0.8170572916666666 0.30859375 0.8098958333333334 0.3140625
0 0.6985677083333334 0.3 0.6966145833333334 0.30703125 0.6985677083333334 0.33984375 0.7278645833333334 0.36171875 0.7408854166666666 0.36015625 0.7552083333333334 0.3390625 0.7571614583333334 0.3234375 0.74609375 0.29296875 0.7350260416666666 0.27265625 0.7259114583333334 0.2640625 0.7200520833333334 0.26484375 0.7083333333333334 0.2796875
0 0.7916666666666666 0.47578125 0.7942708333333334 0.49140625 0.8033854166666666 0.51171875 0.8359375 0.5265625 0.845703125 0.52578125 0.8483072916666666 0.5046875 0.83984375 0.4796875 0.8313802083333334 0.465625 0.814453125 0.459375
0 0.6959635416666666 0.58359375 0.6959635416666666 0.62265625 0.701171875 0.62734375 0.7220052083333334 0.628125 0.7584635416666666 0.609375 0.7682291666666666 0.5921875 0.7701822916666666 0.57734375 0.7571614583333334 0.53984375 0.75390625 0.53671875 0.7395833333333334 0.534375 0.71484375 0.5453125 0.7063802083333334 0.55703125
0 0.5416666666666666 0.3671875 0.5384114583333334 0.3765625 0.5403645833333334 0.41875 0.5442708333333334 0.43203125 0.5559895833333334 0.44140625 0.576171875 0.44140625 0.6048177083333334 0.4296875 0.626953125 0.41015625 0.6341145833333334 0.3984375 0.6276041666666666 0.37265625 0.61328125 0.33515625 0.60546875 0.32421875 0.5963541666666666 0.3203125 0.5774739583333334 0.32421875 0.5618489583333334 0.334375 0.5546875 0.3421875
0 0.6829427083333334 0.70546875 0.6822916666666666 0.71875 0.689453125 0.72421875 0.697265625 0.7375 0.7037760416666666 0.74140625 0.732421875 0.7484375 0.7408854166666666 0.74609375 0.7454427083333334 0.740625 0.7454427083333334 0.73046875 0.7421875 0.72734375 0.7415364583333334 0.7203125 0.7239583333333334 0.69453125 0.689453125 0.7
0 0.5501302083333334 0.53984375 0.5533854166666666 0.56015625 0.552734375 0.58984375 0.5670572916666666 0.6140625 0.5709635416666666 0.6171875 0.5774739583333334 0.61640625 0.5904947916666666 0.6 0.6061197916666666 0.5671875 0.6080729166666666 0.55390625 0.6061197916666666 0.52578125 0.599609375 0.51171875 0.5813802083333334 0.4921875 0.5735677083333334 0.49765625 0.5572916666666666 0.521875
0 0.7337239583333334 0.66171875 0.7330729166666666 0.66953125 0.7395833333333334 0.68671875 0.73828125 0.696875 0.7434895833333334 0.71015625 0.7513020833333334 0.71484375 0.7721354166666666 0.7125 0.7805989583333334 0.690625 0.7805989583333334 0.68125 0.779296875 0.675 0.76953125 0.66015625 0.7623697916666666 0.65390625 0.7473958333333334 0.65234375
0 0.810546875 0.725 0.810546875 0.7375 0.8177083333333334 0.75859375 0.830078125 0.77421875 0.8489583333333334 0.78984375 0.8815104166666666 0.80078125 0.8938802083333334 0.79453125 0.91015625 0.77890625 0.908203125 0.76484375 0.8932291666666666 0.74453125 0.86328125 0.72578125 0.8444010416666666 0.7078125 0.8385416666666666 0.70625 0.8268229166666666 0.709375 0.8170572916666666 0.715625
0 0.6920572916666666 0.8453125 0.6959635416666666 0.8625 0.7122395833333334 0.8875 0.7669270833333334 0.93671875 0.806640625 0.93359375 0.8196614583333334 0.9234375 0.818359375 0.90859375 0.814453125 0.9 0.7962239583333334 0.87578125 0.7838541666666666 0.865625 0.7272135416666666 0.840625 0.7005208333333334 0.840625
0 0.845703125 0.9 0.8450520833333334 0.9171875 0.8684895833333334 0.9859375 0.888671875 0.9875 0.896484375 0.98515625 0.91015625 0.96328125 0.9127604166666666 0.9546875 0.912109375 0.93984375 0.9016927083333334 0.91171875 0.8893229166666666 0.89453125 0.8802083333333334 0.88984375 0.8600260416666666 0.88984375 0.8522135416666666 0.89296875
0 0.5930989583333334 0.79765625 0.5924479166666666 0.81015625 0.5983072916666666 0.81953125 0.6067708333333334 0.8265625 0.619140625 0.8296875 0.63671875 0.8296875 0.6497395833333334 0.82421875 0.6549479166666666 0.81796875 0.6575520833333334 0.8078125 0.6549479166666666 0.7890625 0.6328125 0.76015625 0.6276041666666666 0.75703125 0.6145833333333334 0.76015625 0.6067708333333334 0.7703125
0 0.3958333333333333 0.88203125 0.3951822916666667 0.9078125 0.3977864583333333 0.91796875 0.4049479166666667 0.928125 0.412109375 0.9328125 0.4251302083333333 0.93984375 0.4361979166666667 0.94140625 0.4427083333333333 0.93203125 0.44921875 0.91171875 0.451171875 0.865625 0.4479166666666667 0.85546875 0.4485677083333333 0.8484375 0.443359375 0.84140625 0.4388020833333333 0.8421875 0.4134114583333333 0.86015625 0.3984375 0.875
0 0.3444010416666667 0.73046875 0.3444010416666667 0.76015625 0.3483072916666667 0.78515625 0.3587239583333333 0.80078125 0.3704427083333333 0.803125 0.38671875 0.7890625 0.3899739583333333 0.77890625 0.3938802083333333 0.75859375 0.3912760416666667 0.7265625 0.3802083333333333 0.70859375 0.3717447916666667 0.70546875 0.3528645833333333 0.71796875
0 0.142578125 0.93046875 0.14388020833333334 0.953125 0.1484375 0.9640625 0.14973958333333334 0.97734375 0.154296875 0.984375 0.1796875 0.98515625 0.19596354166666666 0.98046875 0.20963541666666666 0.95703125 0.20638020833333334 0.92421875 0.19986979166666666 0.9171875 0.18424479166666666 0.9140625 0.154296875 0.915625 0.14973958333333334 0.91796875
0 0.3795572916666667 0.66796875 0.37890625 0.6953125 0.3912760416666667 0.72109375 0.4108072916666667 0.740625 0.4264322916666667 0.740625 0.4322916666666667 0.73203125 0.4505208333333333 0.67578125 0.4485677083333333 0.66484375 0.4407552083333333 0.65703125 0.4375 0.646875 0.44140625 0.6265625 0.4361979166666667 0.61640625 0.431640625 0.61328125 0.408203125 0.61015625 0.400390625 0.6125 0.3893229166666667 0.63046875
0 0.3880208333333333 0.49375 0.3873697916666667 0.509375 0.3912760416666667 0.5296875 0.419921875 0.5578125 0.4427083333333333 0.5671875 0.4498697916666667 0.5640625 0.4641927083333333 0.55 0.4654947916666667 0.5390625 0.4615885416666667 0.52578125 0.4368489583333333 0.48671875 0.4212239583333333 0.48046875 0.4075520833333333 0.4796875 0.3919270833333333 0.4859375
0 0.4641927083333333 0.4609375 0.4694010416666667 0.5046875 0.4772135416666667 0.5125 0.4908854166666667 0.51484375 0.5078125 0.5046875 0.5188802083333334 0.490625 0.5221354166666666 0.48046875 0.5247395833333334 0.4484375 0.5221354166666666 0.4390625 0.5182291666666666 0.4359375 0.4947916666666667 0.43828125 0.46875 0.45234375
0 0.19921875 0.59765625 0.19921875 0.61328125 0.205078125 0.64296875 0.21354166666666666 0.6546875 0.22135416666666666 0.66015625 0.23111979166666666 0.6625 0.251953125 0.6515625 0.2669270833333333 0.63359375 0.2669270833333333 0.61875 0.2630208333333333 0.60546875 0.2584635416666667 0.59765625 0.24934895833333334 0.590625 0.23111979166666666 0.58515625 0.21354166666666666 0.58515625 0.203125 0.58984375
0 0.21354166666666666 0.421875 0.212890625 0.434375 0.22265625 0.44921875 0.2819010416666667 0.475 0.2897135416666667 0.47421875 0.3079427083333333 0.4578125 0.3138020833333333 0.44921875 0.3209635416666667 0.428125 0.3203125 0.4171875 0.3170572916666667 0.4109375 0.2903645833333333 0.39453125 0.265625 0.40546875 0.23958333333333334 0.39375
0 0.4602864583333333 0.32890625 0.4609375 0.3359375 0.4720052083333333 0.3484375 0.4752604166666667 0.35859375 0.490234375 0.3765625 0.4947916666666667 0.37734375 0.505859375 0.365625 0.5123697916666666 0.34765625 0.525390625 0.328125 0.5260416666666666 0.31875 0.5104166666666666 0.2953125 0.5052083333333334 0.29296875 0.4908854166666667 0.29453125 0.478515625 0.3015625
0 0.4205729166666667 0.14765625 0.4212239583333333 0.1609375 0.4251302083333333 0.17109375 0.431640625 0.178125 0.4765625 0.171875 0.484375 0.16796875 0.486328125 0.1609375 0.484375 0.146875 0.4772135416666667 0.1359375 0.46484375 0.12578125 0.4576822916666667 0.1234375 0.4329427083333333 0.125
0 0.373046875 0.2234375 0.3684895833333333 0.26171875 0.3795572916666667 0.27265625 0.3873697916666667 0.27265625 0.4016927083333333 0.25859375 0.4225260416666667 0.22734375 0.4244791666666667 0.21328125 0.4173177083333333 0.1921875 0.4010416666666667 0.18125 0.3932291666666667 0.18203125 0.3763020833333333 0.2125
0 0.2760416666666667 0.23046875 0.27734375 0.2546875 0.2877604166666667 0.27265625 0.2975260416666667 0.27265625 0.3138020833333333 0.25859375 0.3151041666666667 0.24765625 0.3131510416666667 0.23984375 0.3033854166666667 0.21796875 0.2819010416666667 0.21796875
0 0.21419270833333334 0.2375 0.21549479166666666 0.2484375 0.23372395833333334 0.26328125 0.2532552083333333 0.259375 0.26171875 0.25390625 0.2649739583333333 0.246875 0.2623697916666667 0.23125 0.2552083333333333 0.221875 0.248046875 0.21796875 0.23046875 0.2203125 0.21940104166666666 0.22890625
0 0.09505208333333333 0.5046875 0.09505208333333333 0.5125 0.10026041666666667 0.52421875 0.123046875 0.540625 0.13411458333333334 0.53984375 0.14583333333333334 0.5234375 0.14127604166666666 0.4890625 0.13671875 0.48515625 0.119140625 0.4828125 0.109375 0.4859375 0.09895833333333333 0.4953125
0 0.12044270833333333 0.44921875 0.11979166666666667 0.471875 0.12174479166666667 0.4765625 0.13606770833333334 0.48203125 0.14322916666666666 0.48046875 0.15169270833333334 0.453125 0.15104166666666666 0.42734375 0.14518229166666666 0.42265625 0.12630208333333334 0.42890625 0.123046875 0.43359375