1 0.3313802083333333 0.1015625 0.3307291666666667 0.1140625 0.3359375 0.12109375 0.36328125 0.13671875 0.3802083333333333 0.140625 0.3932291666666667 0.13828125 0.4075520833333333 0.13046875 0.4453125 0.12734375 0.4635416666666667 0.1046875 0.466796875 0.09453125 0.462890625 0.08671875 0.447265625 0.07265625 0.4186197916666667 0.0390625 0.3997395833333333 0.02734375 0.3619791666666667 0.0625
1 0.20182291666666666 0.23515625 0.201171875 0.24453125 0.2109375 0.259375 0.23502604166666666 0.2765625 0.2584635416666667 0.28046875 0.2845052083333333 0.26640625 0.2858072916666667 0.2625 0.2845052083333333 0.2375 0.2819010416666667 0.23125 0.2584635416666667 0.20703125 0.2506510416666667 0.2078125 0.232421875 0.21875 0.21354166666666666 0.221875 0.20768229166666666 0.22578125
1 0.22005208333333334 0.41015625 0.21549479166666666 0.44765625 0.22005208333333334 0.459375 0.22721354166666666 0.46640625 0.265625 0.48046875 0.2858072916666667 0.484375 0.3313802083333333 0.50234375 0.359375 0.5046875 0.3587239583333333 0.46640625 0.3522135416666667 0.45 0.3450520833333333 0.44375 0.3333333333333333 0.43671875 0.259765625 0.409375 0.224609375 0.403125
1 0.06510416666666667 0.56875 0.06705729166666667 0.5828125 0.09895833333333333 0.6265625 0.1328125 0.65546875 0.15755208333333334 0.68671875 0.16666666666666666 0.6921875 0.18489583333333334 0.68671875 0.20377604166666666 0.675 0.22200520833333334 0.6546875 0.23307291666666666 0.63359375 0.23177083333333334 0.61640625 0.2265625 0.6078125 0.20442708333333334 0.59765625 0.181640625 0.5703125 0.16080729166666666 0.55546875 0.12760416666666666 0.5453125 0.09895833333333333 0.54140625 0.08072916666666667 0.54921875
1 0.11458333333333333 0.79375 0.11393229166666667 0.803125 0.123046875 0.8125 0.16471354166666666 0.82734375 0.16861979166666666 0.8234375 0.18294270833333334 0.78671875 0.18033854166666666 0.7484375 0.162109375 0.73125 0.14778645833333334 0.7328125 0.13671875 0.7453125 0.13346354166666666 0.75546875 0.12239583333333333 0.771875
1 0.3346354166666667 0.578125 0.3346354166666667 0.58828125 0.34375 0.60546875 0.3697916666666667 0.62734375 0.3938802083333333 0.628125 0.4127604166666667 0.60625 0.412109375 0.57890625 0.4088541666666667 0.56015625 0.4055989583333333 0.55234375 0.39453125 0.5421875 0.3815104166666667 0.540625 0.3658854166666667 0.54453125 0.3470052083333333 0.56171875
1 0.5182291666666666 0.52890625 0.515625 0.6 0.5071614583333334 0.62578125 0.5071614583333334 0.634375 0.509765625 0.6390625 0.5436197916666666 0.63828125 0.5690104166666666 0.63125 0.583984375 0.6234375 0.6022135416666666 0.6078125 0.6002604166666666 0.59140625 0.5930989583333334 0.58515625 0.5872395833333334 0.56328125 0.5813802083333334 0.55546875 0.5670572916666666 0.55078125 0.5533854166666666 0.53515625 0.54296875 0.52890625 0.5305989583333334 0.525 0.5208333333333334 0.525
1 0.3645833333333333 0.93515625 0.36328125 0.95 0.3658854166666667 0.96015625 0.3802083333333333 0.9875 0.40625 0.9890625 0.4537760416666667 0.98203125 0.466796875 0.9734375 0.4967447916666667 0.96484375 0.5130208333333334 0.95234375 0.5162760416666666 0.9359375 0.5143229166666666 0.87890625 0.4973958333333333 0.86484375 0.4791666666666667 0.85859375 0.4602864583333333 0.84765625 0.4264322916666667 0.85390625 0.4036458333333333 0.86796875 0.3802083333333333 0.88984375
1 0.4459635416666667 0.7703125 0.443359375 0.7734375 0.443359375 0.78046875 0.4485677083333333 0.803125 0.4518229166666667 0.80703125 0.46484375 0.81328125 0.4837239583333333 0.8125 0.4908854166666667 0.809375 0.48828125 0.78203125 0.4889322916666667 0.7703125 0.4947916666666667 0.75546875 0.4928385416666667 0.746875
1 0.623046875 0.8 0.6223958333333334 0.80625 0.6393229166666666 0.83828125 0.67578125 0.8875 0.6998697916666666 0.91171875 0.716796875 0.90546875 0.7337239583333334 0.9046875 0.7376302083333334 0.9015625 0.7643229166666666 0.84140625 0.7858072916666666 0.82421875 0.794921875 0.8109375 0.798828125 0.78515625 0.79296875 0.77265625 0.7858072916666666 0.76640625 0.7571614583333334 0.76484375 0.744140625 0.76796875 0.7213541666666666 0.78046875 0.6647135416666666 0.784375 0.6341145833333334 0.7921875
1 0.69921875 0.625 0.69921875 0.640625 0.72265625 0.65390625 0.7630208333333334 0.65703125 0.8209635416666666 0.66640625 0.8619791666666666 0.68515625 0.8665364583333334 0.68203125 0.8697916666666666 0.6703125 0.8658854166666666 0.64140625 0.8424479166666666 0.6171875 0.8352864583333334 0.6015625 0.810546875 0.5703125 0.8020833333333334 0.565625 0.740234375 0.5609375 0.712890625 0.56875 0.7083333333333334 0.57421875 0.7063802083333334 0.6046875 0.7024739583333334 0.61015625
1 0.5514322916666666 0.82421875 0.55078125 0.834375 0.5592447916666666 0.85625 0.56640625 0.87265625 0.57421875 0.8765625 0.595703125 0.86484375 0.6009114583333334 0.85859375 0.6158854166666666 0.82734375 0.6165364583333334 0.81796875 0.6139322916666666 0.81328125 0.5703125 0.80390625 0.5638020833333334 0.80703125
1 0.6959635416666666 0.51015625 0.6940104166666666 0.521875 0.6985677083333334 0.53515625 0.7018229166666666 0.5421875 0.712890625 0.55234375 0.76171875 0.5484375 0.7662760416666666 0.546875 0.7727864583333334 0.53515625 0.7721354166666666 0.52890625 0.7643229166666666 0.52109375 0.7259114583333334 0.5015625 0.7063802083333334 0.49921875
1 0.73828125 0.428125 0.7376302083333334 0.4359375 0.7467447916666666 0.45 0.755859375 0.45703125 0.7760416666666666 0.46484375 0.7955729166666666 0.46015625 0.8203125 0.4421875 0.8138020833333334 0.42578125 0.80078125 0.40625 0.7942708333333334 0.40078125 0.783203125 0.4 0.7701822916666666 0.40390625
1 0.6126302083333334 0.44140625 0.6119791666666666 0.4625 0.6158854166666666 0.47109375 0.642578125 0.475 0.6751302083333334 0.44921875 0.6848958333333334 0.42578125 0.6881510416666666 0.40625 0.6790364583333334 0.39765625 0.6614583333333334 0.38984375 0.6295572916666666 0.3859375 0.6223958333333334 0.39765625 0.6178385416666666 0.42734375
1 0.4264322916666667 0.409375 0.4244791666666667 0.41484375 0.427734375 0.42265625 0.4449869791666667 0.449609375 0.4485677083333333 0.46015625 0.453125 0.4640625 0.4921875 0.45859375 0.5182291666666666 0.44296875 0.5221354166666666 0.4359375 0.513671875 0.425 0.5026041666666666 0.39765625 0.4973958333333333 0.39375 0.4654947916666667 0.39375
1 0.478515625 0.27109375 0.4778645833333333 0.29375 0.48046875 0.3015625 0.509765625 0.30625 0.5260416666666666 0.30390625 0.5423177083333334 0.29140625 0.5559895833333334 0.28671875 0.568359375 0.275 0.568359375 0.271875 0.5611979166666666 0.26484375 0.5364583333333334 0.2609375 0.4850260416666667 0.2625 0.4798177083333333 0.265625
1 0.4212239583333333 0.21796875 0.4212239583333333 0.23984375 0.4322916666666667 0.2484375 0.4713541666666667 0.246875 0.4765625 0.24453125 0.48046875 0.2375 0.4817708333333333 0.22421875 0.4778645833333333 0.209375 0.427734375 0.209375
1 0.5436197916666666 0.1359375 0.5436197916666666 0.1640625 0.556640625 0.17578125 0.57421875 0.17578125 0.607421875 0.16484375 0.6165364583333334 0.1609375 0.62109375 0.153125 0.6217447916666666 0.10546875 0.619140625 0.1015625 0.6126302083333334 0.10078125 0.5520833333333334 0.11953125 0.546875 0.12265625
1 0.6875 0.13671875 0.6861979166666666 0.14765625 0.6888020833333334 0.1796875 0.69140625 0.19140625 0.6959635416666666 0.19609375 0.7096354166666666 0.1953125 0.7272135416666666 0.1890625 0.7513020833333334 0.175 0.7584635416666666 0.1671875 0.7545572916666666 0.12421875 0.7486979166666666 0.10859375 0.7408854166666666 0.1 0.7337239583333334 0.0984375 0.7239583333333334 0.1015625 0.6953125 0.11953125