1 0.07096354166666667 0.22734375 0.07096354166666667 0.23984375 0.078125 0.26015625 0.09895833333333333 0.27734375 0.12630208333333334 0.29140625 0.13151041666666666 0.2890625 0.14322916666666666 0.2515625 0.14453125 0.2421875 0.142578125 0.2375 0.09830729166666667 0.21953125 0.09049479166666667 0.21953125
1 0.181640625 0.4046875 0.17838541666666666 0.41640625 0.181640625 0.43515625 0.20963541666666666 0.4703125 0.21614583333333334 0.475 0.2682291666666667 0.47109375 0.3313802083333333 0.453125 0.3404947916666667 0.44140625 0.3333333333333333 0.37578125 0.31640625 0.3453125 0.3118489583333333 0.3203125 0.2897135416666667 0.265625 0.2825520833333333 0.2609375 0.2721354166666667 0.26484375 0.228515625 0.3078125 0.21223958333333334 0.32890625 0.205078125 0.34140625 0.203125 0.35546875 0.19856770833333334 0.3625 0.19140625 0.390625
1 0.041666666666666664 0.45546875 0.042317708333333336 0.46796875 0.055338541666666664 0.490625 0.0625 0.496875 0.080078125 0.5390625 0.08333333333333333 0.5734375 0.087890625 0.58046875 0.13736979166666666 0.57578125 0.171875 0.5578125 0.19270833333333334 0.53125 0.20638020833333334 0.49921875 0.205078125 0.48046875 0.19986979166666666 0.46640625 0.173828125 0.43671875 0.16536458333333334 0.4328125 0.125 0.4296875 0.0703125 0.41015625 0.06640625 0.41171875 0.055989583333333336 0.42578125
1 0.2760416666666667 0.6953125 0.2747395833333333 0.70703125 0.2766927083333333 0.7171875 0.2864583333333333 0.7453125 0.2916666666666667 0.74609375 0.3046875 0.7375 0.32421875 0.73125 0.3626302083333333 0.69375 0.380859375 0.66796875 0.3821614583333333 0.65546875 0.3802083333333333 0.646875 0.361328125 0.63046875 0.328125 0.63515625 0.3203125 0.63984375 0.3102213541666667 0.652734375 0.2864583333333333 0.66796875
1 0.125 0.8421875 0.12760416666666666 0.865625 0.13736979166666666 0.8859375 0.14713541666666666 0.9171875 0.16341145833333334 0.9359375 0.17122395833333334 0.95234375 0.20768229166666666 0.95859375 0.21614583333333334 0.953125 0.23828125 0.921875 0.2552083333333333 0.88359375 0.2565104166666667 0.815625 0.2545572916666667 0.79375 0.2421875 0.76328125 0.234375 0.75703125 0.22395833333333334 0.75703125 0.19921875 0.790625 0.1953125 0.79296875 0.18294270833333334 0.78828125 0.17513020833333334 0.7890625
1 0.4583333333333333 0.3515625 0.458984375 0.359375 0.466796875 0.36484375 0.5240885416666666 0.3859375 0.53125 0.3859375 0.537109375 0.37890625 0.5475260416666666 0.34921875 0.5638020833333334 0.28828125 0.5227864583333334 0.2546875 0.5026041666666666 0.2546875 0.494140625 0.26484375 0.4837239583333333 0.29453125 0.4759114583333333 0.3
1 0.3626302083333333 0.11953125 0.3626302083333333 0.1296875 0.37109375 0.15 0.380859375 0.1609375 0.3932291666666667 0.16875 0.4147135416666667 0.1703125 0.4361979166666667 0.16640625 0.447265625 0.159375 0.4518229166666667 0.1515625 0.4498697916666667 0.13828125 0.4361979166666667 0.09765625 0.4251302083333333 0.08125 0.416015625 0.075 0.4114583333333333 0.07421875 0.3958333333333333 0.08203125 0.369140625 0.10703125
1 0.521484375 0.1046875 0.5208333333333334 0.1125 0.52734375 0.11953125 0.5494791666666666 0.13046875 0.58984375 0.14453125 0.595703125 0.14375 0.6022135416666666 0.13515625 0.607421875 0.1203125 0.607421875 0.103125 0.599609375 0.07890625 0.5651041666666666 0.03671875 0.5475260416666666 0.03046875 0.5423177083333334 0.03046875 0.5384114583333334 0.03515625
1 0.6888020833333334 0.178125 0.6888020833333334 0.21484375 0.6920572916666666 0.22109375 0.703125 0.22890625 0.7213541666666666 0.23359375 0.7552083333333334 0.23359375 0.7721354166666666 0.22890625 0.7923177083333334 0.2140625 0.8036022135416667 0.18723984375 0.8151041666666666 0.171875 0.8196614583333334 0.15234375 0.806640625 0.1265625 0.796875 0.084375 0.787109375 0.0765625 0.775390625 0.07265625 0.7161458333333334 0.07109375 0.7005208333333334 0.1046875 0.6927083333333334 0.1328125
1 0.7161458333333334 0.38671875 0.7252604166666666 0.47734375 0.7330729166666666 0.4875 0.7578125 0.49765625 0.765625 0.496875 0.7903645833333334 0.48125 0.8040364583333334 0.46328125 0.814453125 0.45703125 0.845703125 0.45078125 0.8515625 0.446875 0.8580729166666666 0.43515625 0.861328125 0.421875 0.861328125 0.41015625 0.8515625 0.36484375 0.8385416666666666 0.3421875 0.8313802083333334 0.33515625 0.7330729166666666 0.37265625 0.7220052083333334 0.37890625
1 0.3203125 0.31328125 0.3209635416666667 0.34453125 0.3346354166666667 0.378125 0.337890625 0.39296875 0.3450520833333333 0.396875 0.3626302083333333 0.396875 0.3671875 0.38671875 0.369140625 0.36796875 0.3665364583333333 0.33984375 0.36328125 0.3296875 0.3567708333333333 0.3203125 0.3359375 0.30703125 0.32421875 0.30703125
1 0.4029947916666667 0.58203125 0.4029947916666667 0.5890625 0.4055989583333333 0.5921875 0.4231770833333333 0.59375 0.5260416666666666 0.5859375 0.53125 0.58203125 0.53125 0.57734375 0.5266927083333334 0.55234375 0.51953125 0.5421875 0.4973958333333333 0.5328125 0.474609375 0.51875 0.4563802083333333 0.51640625 0.4407552083333333 0.5203125 0.4342447916666667 0.52578125
1 0.5319010416666666 0.415625 0.5319010416666666 0.44765625 0.5358072916666666 0.4671875 0.5501302083333334 0.490625 0.5657552083333334 0.4984375 0.57421875 0.49609375 0.5885416666666666 0.4765625 0.591796875 0.46796875 0.5944010416666666 0.43828125 0.5930989583333334 0.425 0.57421875 0.4109375 0.5520833333333334 0.4046875 0.54296875 0.40546875
1 0.6673177083333334 0.62734375 0.6673177083333334 0.64453125 0.6751302083333334 0.6546875 0.68359375 0.659375 0.6953125 0.65234375 0.7486979166666666 0.63359375 0.755859375 0.6265625 0.7630208333333334 0.60625 0.7721354166666666 0.596875 0.775390625 0.5828125 0.7662760416666666 0.5734375 0.73046875 0.55625 0.7083333333333334 0.5578125 0.701171875 0.55234375 0.6959635416666666 0.55234375 0.693359375 0.57421875 0.6764322916666666 0.60234375
1 0.77734375 0.67421875 0.775390625 0.68828125 0.779296875 0.721875 0.7916666666666666 0.7546875 0.7955729166666666 0.7765625 0.80078125 0.7828125 0.8170572916666666 0.7921875 0.8600260416666666 0.79609375 0.8763020833333334 0.7859375 0.8919270833333334 0.78046875 0.9036458333333334 0.76953125 0.9186197916666666 0.7625 0.9251302083333334 0.753125 0.9244791666666666 0.74453125 0.9016927083333334 0.678125 0.84765625 0.64296875 0.8404947916666666 0.63984375 0.8072916666666666 0.640625 0.7936197916666666 0.6484375
1 0.84765625 0.81484375 0.8470052083333334 0.82734375 0.8509114583333334 0.8375 0.87890625 0.86640625 0.8899739583333334 0.8640625 0.9095052083333334 0.8421875 0.9088541666666666 0.83515625 0.876953125 0.8 0.8522135416666666 0.7984375
1 0.59765625 0.85 0.5950520833333334 0.86953125 0.6067708333333334 0.9015625 0.6028645833333334 0.93203125 0.60546875 0.95 0.6341145833333334 0.9765625 0.65625 0.98671875 0.6686197916666666 0.984375 0.6803385416666666 0.9703125 0.703125 0.928125 0.728515625 0.834375 0.7265625 0.8203125 0.7135416666666666 0.80625 0.705078125 0.8015625 0.6959635416666666 0.80078125 0.6790364583333334 0.80625 0.6536458333333334 0.821875 0.6119791666666666 0.83359375 0.60546875 0.83828125
1 0.4798177083333333 0.75859375 0.4869791666666667 0.8015625 0.4967447916666667 0.82890625 0.5032552083333334 0.8375 0.5149739583333334 0.846875 0.5240885416666666 0.84921875 0.546875 0.84765625 0.55859375 0.840625 0.5625 0.8265625 0.5618489583333334 0.803125 0.5540364583333334 0.78203125 0.546875 0.771875 0.5299479166666666 0.76328125 0.5143229166666666 0.76484375 0.4869791666666667 0.7546875
1 0.3177083333333333 0.91640625 0.31640625 0.93828125 0.3359375 0.9875 0.3919270833333333 0.98828125 0.3951822916666667 0.9859375 0.40234375 0.959375 0.400390625 0.9453125 0.3958333333333333 0.9359375 0.3893229166666667 0.9328125 0.3763020833333333 0.894140625 0.3763020833333333 0.88125 0.3697916666666667 0.871875 0.3580729166666667 0.871875 0.3313802083333333 0.8796875 0.32421875 0.89140625
1 0.5774739583333334 0.678125 0.5787760416666666 0.6890625 0.5911458333333334 0.69375 0.5989583333333334 0.6921875 0.6139322916666666 0.67265625 0.6178385416666666 0.65859375 0.6061197916666666 0.6421875 0.6022135416666666 0.64296875 0.5852864583333334 0.659375