0 0.3658854166666667 0.11953125 0.365234375 0.14375 0.3678385416666667 0.15 0.3795572916666667 0.15859375 0.3893229166666667 0.15625 0.4095052083333333 0.13359375 0.421875 0.11328125 0.423828125 0.1015625 0.4166666666666667 0.078125 0.4036458333333333 0.06640625 0.390625 0.06640625 0.375 0.0953125
0 0.2734375 0.1140625 0.2747395833333333 0.1359375 0.2858072916666667 0.15859375 0.2897135416666667 0.1609375 0.2955729166666667 0.159375 0.3118489583333333 0.14453125 0.3138020833333333 0.1375 0.3125 0.12578125 0.3014322916666667 0.1015625 0.279296875 0.103125
0 0.21354166666666666 0.12421875 0.21484375 0.1328125 0.23177083333333334 0.1484375 0.24869791666666666 0.14765625 0.259765625 0.14140625 0.2623697916666667 0.13671875 0.26171875 0.11953125 0.2545572916666667 0.109375 0.248046875 0.10625 0.228515625 0.10703125
0 0.21158854166666666 0.309375 0.21158854166666666 0.32109375 0.22005208333333334 0.334375 0.2819010416666667 0.36015625 0.2884114583333333 0.359375 0.302734375 0.34921875 0.3118489583333333 0.3375 0.3203125 0.3171875 0.3190104166666667 0.30078125 0.3118489583333333 0.28984375 0.287109375 0.278125 0.2669270833333333 0.28828125 0.2584635416666667 0.28359375 0.23763020833333334 0.28046875 0.216796875 0.29921875
0 0.4596354166666667 0.20625 0.4596354166666667 0.21640625 0.470703125 0.2375 0.4856770833333333 0.25859375 0.4934895833333333 0.259375 0.5006510416666666 0.2546875 0.5143229166666666 0.2234375 0.5234375 0.21015625 0.5247395833333334 0.20078125 0.5188802083333334 0.1875 0.5110677083333334 0.178125 0.4954427083333333 0.175 0.4876302083333333 0.17578125 0.4765625 0.18203125
0 0.537109375 0.26484375 0.537109375 0.28984375 0.5423177083333334 0.3125 0.55078125 0.32109375 0.5670572916666666 0.3265625 0.5813802083333334 0.32421875 0.6067708333333334 0.31171875 0.6302083333333334 0.28671875 0.626953125 0.2609375 0.6145833333333334 0.2171875 0.6106770833333334 0.20859375 0.6022135416666666 0.20234375 0.5904947916666666 0.2015625 0.5787760416666666 0.20625 0.5625 0.21875 0.5494791666666666 0.23359375
0 0.6946614583333334 0.18828125 0.6946614583333334 0.21484375 0.697265625 0.225 0.72265625 0.24453125 0.7278645833333334 0.246875 0.7376302083333334 0.2453125 0.7532552083333334 0.22734375 0.7578125 0.20625 0.734375 0.1546875 0.7272135416666666 0.146875 0.7200520833333334 0.146875 0.7135416666666666 0.15390625 0.6979166666666666 0.178125
0 0.8763020833333334 0.1640625 0.8763020833333334 0.178125 0.8834635416666666 0.18984375 0.8932291666666666 0.1921875 0.912109375 0.20625 0.9225260416666666 0.20625 0.9342447916666666 0.20078125 0.9440104166666666 0.19140625 0.9563802083333334 0.1625 0.9576822916666666 0.1484375 0.9518229166666666 0.1234375 0.9309895833333334 0.09140625 0.9225260416666666 0.090625 0.9029947916666666 0.109375 0.89453125 0.1296875 0.8841145833333334 0.13984375
0 0.8372395833333334 0.28203125 0.8372395833333334 0.29765625 0.8470052083333334 0.3109375 0.8736979166666666 0.33125 0.8932291666666666 0.334375 0.9055989583333334 0.33046875 0.921875 0.30390625 0.9296875 0.284375 0.92578125 0.26953125 0.904296875 0.2484375 0.884765625 0.25078125 0.85546875 0.26171875 0.8424479166666666 0.27109375
0 0.8053385416666666 0.20390625 0.8033854166666666 0.225 0.806640625 0.24296875 0.8111979166666666 0.24921875 0.8313802083333334 0.25625 0.8365885416666666 0.24921875 0.84375 0.22578125 0.8444010416666666 0.21640625 0.8404947916666666 0.2 0.8333333333333334 0.19296875 0.826171875 0.1921875 0.8131510416666666 0.19375
0 0.7942708333333334 0.36171875 0.79296875 0.3734375 0.7994791666666666 0.39375 0.8033854166666666 0.3984375 0.8346354166666666 0.40859375 0.8450520833333334 0.40625 0.8444010416666666 0.38359375 0.8352864583333334 0.359375 0.828125 0.34765625 0.8203125 0.34453125 0.810546875 0.3453125 0.7981770833333334 0.3546875
0 0.6927083333333334 0.4875 0.6940104166666666 0.5078125 0.7135416666666666 0.51328125 0.724609375 0.5109375 0.7565104166666666 0.4890625 0.7662760416666666 0.46953125 0.767578125 0.45546875 0.7526041666666666 0.42265625 0.7428385416666666 0.4171875 0.7350260416666666 0.4171875 0.724609375 0.42109375 0.7109375 0.43125 0.6953125 0.465625
0 0.7298177083333334 0.54453125 0.7298177083333334 0.55234375 0.7389322916666666 0.5703125 0.7369791666666666 0.58359375 0.740234375 0.5921875 0.7434895833333334 0.59609375 0.7532552083333334 0.59921875 0.76953125 0.59609375 0.7779947916666666 0.5703125 0.7766927083333334 0.559375 0.7701822916666666 0.54921875 0.76171875 0.54140625 0.7486979166666666 0.53671875 0.7376302083333334 0.5390625
0 0.681640625 0.59375 0.6829427083333334 0.60859375 0.6953125 0.6234375 0.7239583333333334 0.63125 0.73828125 0.6296875 0.744140625 0.62265625 0.740234375 0.60546875 0.7233072916666666 0.58125 0.6920572916666666 0.58515625
0 0.5924479166666666 0.6796875 0.5911458333333334 0.68828125 0.595703125 0.703125 0.6015625 0.7125 0.607421875 0.71484375 0.6217447916666666 0.715625 0.6360677083333334 0.71171875 0.646484375 0.703125 0.650390625 0.69375 0.6490885416666666 0.67109375 0.638671875 0.6578125 0.6354166666666666 0.6484375 0.6276041666666666 0.64296875 0.6158854166666666 0.64296875 0.611328125 0.64609375
0 0.6907552083333334 0.7328125 0.6920572916666666 0.74453125 0.7018229166666666 0.75546875 0.7057291666666666 0.76484375 0.7161458333333334 0.77578125 0.7415364583333334 0.79375 0.7708333333333334 0.809375 0.798828125 0.8125 0.8177083333333334 0.8078125 0.8177083333333334 0.79921875 0.810546875 0.78046875 0.7864583333333334 0.7546875 0.7259114583333334 0.7265625 0.69921875 0.72578125 0.693359375 0.728125
0 0.8092447916666666 0.609375 0.8079427083333334 0.6203125 0.8131510416666666 0.6390625 0.826171875 0.6578125 0.8372395833333334 0.665625 0.8697916666666666 0.67890625 0.8815104166666666 0.6796875 0.904296875 0.66171875 0.908203125 0.65546875 0.9075520833333334 0.646875 0.900390625 0.63359375 0.8697916666666666 0.615625 0.8450520833333334 0.59375 0.8365885416666666 0.59140625 0.8268229166666666 0.59375
0 0.8430989583333334 0.78671875 0.84375 0.8046875 0.8639322916666666 0.86484375 0.8704427083333334 0.8703125 0.8795572916666666 0.87109375 0.8971354166666666 0.8640625 0.9075520833333334 0.84609375 0.91015625 0.83515625 0.9095052083333334 0.82421875 0.8984375 0.79375 0.8880208333333334 0.78046875 0.8776041666666666 0.77578125 0.8548177083333334 0.77734375
0 0.8313802083333334 0.9171875 0.8313802083333334 0.925 0.8346354166666666 0.92890625 0.8821614583333334 0.959375 0.904296875 0.96328125 0.9114583333333334 0.953125 0.912109375 0.9328125 0.9016927083333334 0.92265625 0.892578125 0.90703125 0.8795572916666666 0.896875 0.8600260416666666 0.89140625 0.8483072916666666 0.8921875 0.841796875 0.89765625
0 0.6666666666666666 0.928125 0.6647135416666666 0.93984375 0.6673177083333334 0.953125 0.6725260416666666 0.9609375 0.6796875 0.9640625 0.6875 0.9640625 0.69921875 0.95859375 0.7180989583333334 0.9609375 0.7272135416666666 0.95703125 0.736328125 0.9484375 0.7428385416666666 0.921875 0.7428385416666666 0.90546875 0.73828125 0.896875 0.71875 0.8890625 0.6783854166666666 0.9109375 0.6712239583333334 0.91796875
0 0.5143229166666666 0.909375 0.5130208333333334 0.93984375 0.5162760416666666 0.96640625 0.53125 0.9734375 0.5384114583333334 0.9734375 0.5416666666666666 0.96953125 0.546875 0.95078125 0.5501302083333334 0.90078125 0.5416666666666666 0.88828125 0.53515625 0.8875 0.51953125 0.8984375
0 0.392578125 0.76640625 0.3932291666666667 0.79609375 0.3971354166666667 0.803125 0.4283854166666667 0.82421875 0.4329427083333333 0.82421875 0.44140625 0.8171875 0.447265625 0.79609375 0.44921875 0.75859375 0.44921875 0.7375 0.4446614583333333 0.72734375 0.4388020833333333 0.72578125 0.4036458333333333 0.746875 0.396484375 0.75546875
0 0.3098958333333333 0.890625 0.3014322916666667 0.9078125 0.3014322916666667 0.915625 0.3118489583333333 0.93203125 0.33203125 0.9375 0.3430989583333333 0.9296875 0.3528645833333333 0.90234375 0.34765625 0.89375 0.3489583333333333 0.8859375 0.3391927083333333 0.8734375 0.333984375 0.871875 0.3268229166666667 0.875 0.31640625 0.88125
0 0.14583333333333334 0.809375 0.14388020833333334 0.83671875 0.1484375 0.85859375 0.154296875 0.865625 0.162109375 0.86796875 0.18489583333333334 0.86640625 0.19921875 0.85625 0.20572916666666666 0.84765625 0.20768229166666666 0.83515625 0.205078125 0.815625 0.19921875 0.80546875 0.1796875 0.80078125 0.154296875 0.8015625
0 0.3404947916666667 0.6125 0.33984375 0.64296875 0.34765625 0.66640625 0.3587239583333333 0.67890625 0.36328125 0.68046875 0.373046875 0.67890625 0.3802083333333333 0.6734375 0.3873697916666667 0.66328125 0.3932291666666667 0.63359375 0.392578125 0.61328125 0.38671875 0.59921875 0.376953125 0.58671875 0.3717447916666667 0.5859375 0.3483072916666667 0.60078125
0 0.3782552083333333 0.5453125 0.3776041666666667 0.57421875 0.3815104166666667 0.58828125 0.40234375 0.61640625 0.4134114583333333 0.621875 0.4251302083333333 0.621875 0.4440104166666667 0.58046875 0.4505208333333333 0.559375 0.4498697916666667 0.54765625 0.4401041666666667 0.5390625 0.4361979166666667 0.5265625 0.4388020833333333 0.50859375 0.435546875 0.50078125 0.4296875 0.49609375 0.4095052083333333 0.49296875 0.3990885416666667 0.49453125 0.38671875 0.51484375
0 0.3880208333333333 0.3765625 0.38671875 0.39296875 0.3899739583333333 0.409375 0.4010416666666667 0.42421875 0.4212239583333333 0.44296875 0.4427083333333333 0.44921875 0.458984375 0.43515625 0.4635416666666667 0.41796875 0.4622395833333333 0.4109375 0.4427083333333333 0.38046875 0.43359375 0.37109375 0.4244791666666667 0.36640625 0.4069010416666667 0.36328125 0.3932291666666667 0.36796875
0 0.4622395833333333 0.3453125 0.462890625 0.36328125 0.46875 0.38984375 0.478515625 0.3984375 0.4921875 0.3984375 0.5052083333333334 0.3921875 0.515625 0.37890625 0.5208333333333334 0.365625 0.5227864583333334 0.334375 0.5182291666666666 0.3234375 0.5078125 0.3203125 0.4739583333333333 0.33125
0 0.5494791666666666 0.42421875 0.552734375 0.4421875 0.55078125 0.4671875 0.5670572916666666 0.49765625 0.5716145833333334 0.49765625 0.58203125 0.48984375 0.6022135416666666 0.45234375 0.60546875 0.4359375 0.6015625 0.421875 0.6015625 0.4109375 0.583984375 0.38203125 0.5774739583333334 0.378125 0.5546875 0.4109375
0 0.19791666666666666 0.478125 0.197265625 0.4921875 0.20247395833333334 0.525 0.21875 0.540625 0.23046875 0.54453125 0.2532552083333333 0.53359375 0.2669270833333333 0.51875 0.265625 0.50625 0.2565104166666667 0.48359375 0.24739583333333334 0.47578125 0.23111979166666666 0.46953125 0.2109375 0.46875 0.201171875 0.47265625
0 0.09505208333333333 0.3859375 0.09440104166666667 0.396875 0.09830729166666667 0.40703125 0.119140625 0.42421875 0.13020833333333334 0.42578125 0.14388020833333334 0.409375 0.140625 0.3796875 0.13411458333333334 0.37109375 0.123046875 0.36796875 0.11067708333333333 0.36953125 0.10091145833333333 0.37578125
0 0.11848958333333333 0.33671875 0.11979166666666667 0.36015625 0.13151041666666666 0.3671875 0.142578125 0.36640625 0.15169270833333334 0.33125 0.15169270833333334 0.31640625 0.1484375 0.309375 0.126953125 0.3140625 0.12239583333333333 0.3203125
0 0.40625 0.14140625 0.41015625 0.15703125 0.4251302083333333 0.17890625 0.435546875 0.1828125 0.4563802083333333 0.17421875 0.4576822916666667 0.1640625 0.453125 0.15 0.43359375 0.12578125 0.419921875 0.125
0 0.46484375 0.59609375 0.4700520833333333 0.6453125 0.47265625 0.6484375 0.4778645833333333 0.6484375 0.4954427083333333 0.6421875 0.498046875 0.63828125 0.498046875 0.62890625 0.49609375 0.6015625 0.4921875 0.5890625 0.4837239583333333 0.58515625 0.4700520833333333 0.590625