0 0.15755208333333334 0.20234375 0.15690104166666666 0.23046875 0.16341145833333334 0.25390625 0.181640625 0.27109375 0.19270833333333334 0.271875 0.20833333333333334 0.265625 0.21158854166666666 0.2578125 0.21484375 0.22109375 0.21419270833333334 0.203125 0.21158854166666666 0.19609375 0.19986979166666666 0.1875 0.18229166666666666 0.18515625 0.1640625 0.1953125
0 0.21419270833333334 0.24375 0.21354166666666666 0.25859375 0.21614583333333334 0.265625 0.22786458333333334 0.27265625 0.24609375 0.27421875 0.2578125 0.28046875 0.2623697916666667 0.28046875 0.2688802083333333 0.27421875 0.27734375 0.2484375 0.2760416666666667 0.2375 0.2682291666666667 0.2265625 0.251953125 0.21953125 0.23763020833333334 0.21953125 0.224609375 0.22578125 0.21744791666666666 0.234375
0 0.22005208333333334 0.16015625 0.21940104166666666 0.175 0.22200520833333334 0.17890625 0.244140625 0.190625 0.2610677083333333 0.19453125 0.2649739583333333 0.19296875 0.2740885416666667 0.18046875 0.27734375 0.153125 0.2727864583333333 0.14140625 0.2610677083333333 0.1390625 0.23502604166666666 0.14609375
0 0.15559895833333334 0.08203125 0.15364583333333334 0.08828125 0.15559895833333334 0.109375 0.171875 0.12265625 0.17708333333333334 0.12265625 0.197265625 0.1125 0.203125 0.10546875 0.203125 0.09609375 0.19856770833333334 0.0828125 0.18294270833333334 0.06328125 0.16927083333333334 0.06328125 0.16145833333333334 0.0703125
0 0.4153645833333333 0.225 0.4153645833333333 0.24765625 0.4205729166666667 0.26640625 0.4309895833333333 0.2890625 0.439453125 0.29140625 0.453125 0.28359375 0.4713541666666667 0.2546875 0.4700520833333333 0.221875 0.4596354166666667 0.19921875 0.453125 0.18984375 0.4446614583333333 0.18828125 0.4205729166666667 0.2078125
0 0.4635416666666667 0.0984375 0.462890625 0.11953125 0.4798177083333333 0.13125 0.48828125 0.14296875 0.4986979166666667 0.14375 0.515625 0.13046875 0.5227864583333334 0.11875 0.5260416666666666 0.09140625 0.5221354166666666 0.0671875 0.517578125 0.06015625 0.51171875 0.0578125 0.498046875 0.05625 0.4739583333333333 0.0609375 0.466796875 0.07109375
0 0.642578125 0.10078125 0.6432291666666666 0.12734375 0.6484375 0.14140625 0.6529947916666666 0.16875 0.6569010416666666 0.175 0.6809895833333334 0.171875 0.69921875 0.15703125 0.7005208333333334 0.15078125 0.6940104166666666 0.11328125 0.6783854166666666 0.0828125 0.6608072916666666 0.0875
0 0.6959635416666666 0.475 0.6979166666666666 0.4953125 0.712890625 0.50859375 0.724609375 0.50546875 0.7389322916666666 0.48359375 0.7311197916666666 0.45703125 0.71484375 0.4421875 0.7096354166666666 0.44140625 0.7005208333333334 0.44609375 0.7018229166666666 0.459375
0 0.7682291666666666 0.28046875 0.7682291666666666 0.29296875 0.7858072916666666 0.309375 0.8033854166666666 0.3078125 0.828125 0.296875 0.828125 0.2890625 0.8209635416666666 0.27578125 0.8033854166666666 0.2578125 0.7942708333333334 0.2546875 0.7864583333333334 0.25546875 0.779296875 0.2609375
0 0.5983072916666666 0.4140625 0.5983072916666666 0.4359375 0.60546875 0.45625 0.6126302083333334 0.4640625 0.6295572916666666 0.4640625 0.6432291666666666 0.46015625 0.6640625 0.44453125 0.66796875 0.43828125 0.6673177083333334 0.41484375 0.6614583333333334 0.39296875 0.638671875 0.39375 0.611328125 0.39921875 0.6041666666666666 0.4046875
0 0.806640625 0.18984375 0.806640625 0.20078125 0.8131510416666666 0.21328125 0.8359375 0.23203125 0.849609375 0.23828125 0.8626302083333334 0.23984375 0.8723958333333334 0.2375 0.8834635416666666 0.2265625 0.8912760416666666 0.21328125 0.900390625 0.18125 0.8938802083333334 0.1671875 0.8873697916666666 0.16015625 0.8626302083333334 0.15078125 0.82421875 0.16796875 0.8118489583333334 0.17890625
0 0.806640625 0.46171875 0.8046875 0.46796875 0.8059895833333334 0.484375 0.814453125 0.49765625 0.8352864583333334 0.51875 0.8580729166666666 0.52890625 0.8665364583333334 0.52890625 0.8763020833333334 0.52265625 0.8802083333333334 0.515625 0.8893229166666666 0.4765625 0.8873697916666666 0.459375 0.8828125 0.4515625 0.861328125 0.4359375 0.84375 0.4328125 0.830078125 0.43828125
0 0.5559895833333334 0.2578125 0.5553385416666666 0.26953125 0.5592447916666666 0.28125 0.5891927083333334 0.2953125 0.5950520833333334 0.2890625 0.6009114583333334 0.275 0.6022135416666666 0.24453125 0.5950520833333334 0.23046875 0.5794270833333334 0.22578125 0.5631510416666666 0.234375
0 0.6640625 0.23671875 0.6647135416666666 0.2859375 0.671875 0.29921875 0.685546875 0.3 0.6901041666666666 0.29609375 0.697265625 0.27265625 0.6966145833333334 0.2234375 0.6829427083333334 0.2125 0.6751302083333334 0.21328125 0.6666666666666666 0.2265625
0 0.5091145833333334 0.3953125 0.5084635416666666 0.4 0.51171875 0.40703125 0.5227864583333334 0.4109375 0.5592447916666666 0.409375 0.5670572916666666 0.40625 0.5735677083333334 0.39921875 0.5703125 0.3875 0.556640625 0.3734375 0.54296875 0.3703125 0.5227864583333334 0.375
0 0.8235677083333334 0.63046875 0.8229166666666666 0.6390625 0.8365885416666666 0.66171875 0.8548177083333334 0.6796875 0.861328125 0.6828125 0.8717447916666666 0.6828125 0.8815104166666666 0.6765625 0.8912760416666666 0.66484375 0.896484375 0.65 0.892578125 0.60546875 0.88671875 0.59296875 0.8587239583333334 0.596875
0 0.8014322916666666 0.7578125 0.80078125 0.7671875 0.8072916666666666 0.78203125 0.8248697916666666 0.790625 0.8346354166666666 0.79140625 0.86328125 0.76328125 0.8717447916666666 0.7421875 0.8717447916666666 0.73203125 0.8626302083333334 0.71796875 0.8483072916666666 0.70546875 0.84375 0.7046875 0.8170572916666666 0.73046875
0 0.5416666666666666 0.7984375 0.541015625 0.80859375 0.5462239583333334 0.84140625 0.5735677083333334 0.87265625 0.6022135416666666 0.890625 0.6080729166666666 0.8984375 0.6197916666666666 0.90390625 0.6295572916666666 0.90390625 0.640625 0.89140625 0.6510416666666666 0.865625 0.6458333333333334 0.85078125 0.646484375 0.84296875 0.638671875 0.83046875 0.6165364583333334 0.8171875 0.6009114583333334 0.8140625 0.5579427083333334 0.78203125 0.5462239583333334 0.78671875
0 0.5377604166666666 0.6828125 0.5384114583333334 0.7484375 0.5709635416666666 0.78359375 0.5859375 0.7953125 0.6041666666666666 0.80390625 0.6158854166666666 0.80078125 0.6276041666666666 0.78203125 0.6412760416666666 0.74140625 0.630859375 0.71640625 0.6158854166666666 0.70234375 0.6022135416666666 0.6953125 0.587890625 0.6921875 0.5533854166666666 0.675 0.5455729166666666 0.675
0 0.4895833333333333 0.55703125 0.4869791666666667 0.56328125 0.4895833333333333 0.584375 0.5006510416666666 0.603125 0.513671875 0.61640625 0.5501302083333334 0.64375 0.560546875 0.6453125 0.564453125 0.640625 0.5651041666666666 0.63125 0.5611979166666666 0.6203125 0.5462239583333334 0.6015625 0.5475260416666666 0.58984375 0.5553385416666666 0.57734375 0.5514322916666666 0.56640625 0.525390625 0.54296875 0.505859375 0.5359375 0.5006510416666666 0.5375
0 0.3645833333333333 0.56953125 0.3639322916666667 0.58828125 0.3821614583333333 0.63984375 0.38671875 0.66875 0.4108072916666667 0.67421875 0.4244791666666667 0.67265625 0.44140625 0.6625 0.4537760416666667 0.646875 0.458984375 0.609375 0.453125 0.59296875 0.4466145833333333 0.58515625 0.4290364583333333 0.57421875 0.3984375 0.56953125 0.3834635416666667 0.5625 0.3717447916666667 0.5625
0 0.10872395833333333 0.69296875 0.109375 0.69921875 0.12239583333333333 0.71484375 0.17838541666666666 0.71328125 0.18684895833333334 0.71015625 0.189453125 0.70625 0.189453125 0.69140625 0.18098958333333334 0.67578125 0.17578125 0.6578125 0.17057291666666666 0.65234375 0.15234375 0.64765625 0.134765625 0.646875 0.130859375 0.64921875
0 0.09244791666666667 0.61484375 0.091796875 0.6234375 0.09505208333333333 0.63515625 0.10611979166666667 0.64453125 0.11783854166666667 0.6453125 0.14388020833333334 0.63046875 0.15690104166666666 0.609375 0.158203125 0.5984375 0.150390625 0.584375 0.138671875 0.58125 0.10416666666666667 0.59296875 0.09765625 0.60078125
0 0.24479166666666666 0.715625 0.248046875 0.7375 0.2552083333333333 0.75 0.26953125 0.76484375 0.2819010416666667 0.76640625 0.2897135416666667 0.74609375 0.3033854166666667 0.73515625 0.30859375 0.7265625 0.3131510416666667 0.71015625 0.3118489583333333 0.69140625 0.3001302083333333 0.67265625 0.2923177083333333 0.66875 0.25390625 0.6890625
0 0.380859375 0.7390625 0.3802083333333333 0.746875 0.384765625 0.7625 0.400390625 0.790625 0.421875 0.79296875 0.4303385416666667 0.78828125 0.435546875 0.77265625 0.4368489583333333 0.75859375 0.4283854166666667 0.734375 0.41796875 0.71953125 0.4140625 0.71640625 0.404296875 0.71796875
0 0.10026041666666667 0.8203125 0.10026041666666667 0.834375 0.11783854166666667 0.85546875 0.12630208333333334 0.8578125 0.14973958333333334 0.853125 0.16536458333333334 0.84609375 0.17838541666666666 0.83671875 0.18098958333333334 0.83125 0.17838541666666666 0.8 0.17513020833333334 0.79609375 0.14192708333333334 0.7828125 0.134765625 0.7828125 0.12109375 0.7890625 0.107421875 0.80234375
0 0.134765625 0.9109375 0.1328125 0.925 0.13671875 0.9390625 0.15104166666666666 0.95390625 0.15950520833333334 0.95390625 0.17708333333333334 0.928125 0.18619791666666666 0.90625 0.19010416666666666 0.8765625 0.18619791666666666 0.8609375 0.16080729166666666 0.859375 0.150390625 0.8671875 0.14388020833333334 0.87734375
0 0.2805989583333333 0.88671875 0.27734375 0.90078125 0.2864583333333333 0.92109375 0.2897135416666667 0.9234375 0.2955729166666667 0.9234375 0.3190104166666667 0.909375 0.3268229166666667 0.90859375 0.3313802083333333 0.9140625 0.3352864583333333 0.9125 0.3430989583333333 0.89765625 0.3424479166666667 0.8765625 0.3561197916666667 0.84921875 0.35546875 0.83125 0.3502604166666667 0.8125 0.3463541666666667 0.809375 0.341796875 0.81015625 0.3053385416666667 0.828125 0.2981770833333333 0.8375
0 0.22395833333333334 0.9421875 0.22200520833333334 0.95234375 0.22395833333333334 0.96484375 0.23763020833333334 0.98359375 0.2545572916666667 0.984375 0.2701822916666667 0.96640625 0.271484375 0.9421875 0.2604166666666667 0.92578125 0.24479166666666666 0.92265625 0.234375 0.928125
0 0.4075520833333333 0.8625 0.4075520833333333 0.88125 0.4147135416666667 0.8921875 0.4251302083333333 0.890625 0.44921875 0.8765625 0.4557291666666667 0.84921875 0.455078125 0.834375 0.4505208333333333 0.82109375 0.4446614583333333 0.81796875 0.4322916666666667 0.825 0.4212239583333333 0.83671875
0 0.35546875 0.3578125 0.3541666666666667 0.3640625 0.357421875 0.36875 0.3723958333333333 0.37734375 0.3834635416666667 0.3796875 0.3932291666666667 0.3703125 0.3958333333333333 0.3515625 0.3912760416666667 0.34375 0.3854166666666667 0.33984375 0.3645833333333333 0.3359375 0.3619791666666667 0.3375