1 0.2565104166666667 0.12890625 0.2552083333333333 0.140625 0.2578125 0.14765625 0.3001302083333333 0.18046875 0.306640625 0.18203125 0.3118489583333333 0.16953125 0.3274739583333333 0.15078125 0.34375 0.11953125 0.34375 0.1140625 0.32421875 0.07734375 0.2897135416666667 0.06171875 0.2838541666666667 0.0671875 0.2610677083333333 0.1125
1 0.20768229166666666 0.21640625 0.20703125 0.22421875 0.22005208333333334 0.25234375 0.23372395833333334 0.27265625 0.244140625 0.28203125 0.2630208333333333 0.2890625 0.2734375 0.28828125 0.2936197916666667 0.27421875 0.30078125 0.27578125 0.310546875 0.26171875 0.3098958333333333 0.2515625 0.302734375 0.240625 0.27734375 0.22265625 0.23111979166666666 0.19765625 0.21940104166666666 0.19921875
1 0.3802083333333333 0.1828125 0.3795572916666667 0.18828125 0.3854166666666667 0.19609375 0.4153645833333333 0.215625 0.4661458333333333 0.265625 0.498046875 0.28828125 0.5026041666666666 0.28671875 0.5130208333333334 0.215625 0.5182291666666666 0.1953125 0.5201822916666666 0.16875 0.5162760416666666 0.1578125 0.5052083333333334 0.14375 0.4954427083333333 0.13828125 0.48046875 0.13828125 0.4381510416666667 0.15234375 0.4205729166666667 0.146875 0.400390625 0.15859375
1 0.51953125 0.2875 0.517578125 0.29375 0.521484375 0.30546875 0.5735677083333334 0.384375 0.59375 0.403125 0.6067708333333334 0.409375 0.623046875 0.41015625 0.6315104166666666 0.4046875 0.6477864583333334 0.38203125 0.6549479166666666 0.35546875 0.6549479166666666 0.32734375 0.658203125 0.31484375 0.6490885416666666 0.2859375 0.6438802083333334 0.27734375 0.6282552083333334 0.26796875 0.615234375 0.26484375 0.595703125 0.2703125 0.5755208333333334 0.27109375 0.5403645833333334 0.278125
1 0.720703125 0.246875 0.7213541666666666 0.259375 0.7350260416666666 0.259375 0.7858072916666666 0.23984375 0.810546875 0.23671875 0.8274739583333334 0.23046875 0.8352864583333334 0.2234375 0.8313802083333334 0.18203125 0.8229166666666666 0.15546875 0.8053385416666666 0.11796875 0.79296875 0.10078125 0.7858072916666666 0.0953125 0.779296875 0.09453125 0.7747395833333334 0.09765625 0.76171875 0.115625 0.7428385416666666 0.18515625
1 0.705078125 0.33828125 0.7044270833333334 0.34609375 0.7122395833333334 0.3640625 0.7317708333333334 0.3828125 0.740234375 0.4046875 0.75390625 0.41953125 0.7858072916666666 0.440625 0.8235677083333334 0.43828125 0.837890625 0.43203125 0.8483072916666666 0.42265625 0.8606770833333334 0.4 0.8697916666666666 0.35625 0.8697916666666666 0.32421875 0.8645833333333334 0.28515625 0.8587239583333334 0.271875 0.8346354166666666 0.25546875 0.8170572916666666 0.2546875 0.79296875 0.2609375 0.755859375 0.28125
1 0.7213541666666666 0.54296875 0.7200520833333334 0.5703125 0.72265625 0.5953125 0.7376302083333334 0.60703125 0.7545572916666666 0.61171875 0.7936197916666666 0.609375 0.8118489583333334 0.60390625 0.8255208333333334 0.59296875 0.8294270833333334 0.58046875 0.84375 0.5703125 0.853515625 0.55 0.845703125 0.53046875 0.8450520833333334 0.515625 0.83984375 0.49765625 0.8313802083333334 0.4828125 0.822265625 0.478125 0.8014322916666666 0.478125 0.763671875 0.46875 0.7447916666666666 0.45859375 0.7376302083333334 0.4625 0.7317708333333334 0.47734375 0.7239583333333334 0.5140625
1 0.7760416666666666 0.7328125 0.7760416666666666 0.759375 0.7721354166666666 0.7828125 0.775390625 0.79453125 0.7799479166666666 0.8 0.8059895833333334 0.8125 0.8795572916666666 0.82890625 0.8932291666666666 0.82890625 0.9016927083333334 0.8203125 0.9049479166666666 0.803125 0.8977864583333334 0.78203125 0.8977864583333334 0.7390625 0.890625 0.71796875 0.869140625 0.6953125 0.8444010416666666 0.68125 0.82421875 0.68046875 0.787109375 0.70703125 0.779296875 0.71875
1 0.5533854166666666 0.4828125 0.5540364583333334 0.49453125 0.5631510416666666 0.5015625 0.5872395833333334 0.515625 0.611328125 0.5234375 0.6263020833333334 0.52109375 0.6354166666666666 0.5046875 0.6399739583333334 0.4890625 0.63671875 0.46328125 0.6276041666666666 0.4484375 0.599609375 0.42734375 0.5774739583333334 0.41796875 0.5735677083333334 0.41796875 0.5703125 0.4234375
1 0.5904947916666666 0.68984375 0.58984375 0.7015625 0.6328125 0.771875 0.638671875 0.77578125 0.662109375 0.778125 0.6790364583333334 0.78671875 0.6842447916666666 0.78671875 0.6888020833333334 0.7828125 0.6953125 0.7546875 0.6959635416666666 0.71875 0.693359375 0.7109375 0.67578125 0.690625 0.6158854166666666 0.67421875 0.6067708333333334 0.67421875 0.5989583333333334 0.678125
1 0.5963541666666666 0.81171875 0.595703125 0.83359375 0.59765625 0.84609375 0.6015625 0.85234375 0.6373697916666666 0.865625 0.6575520833333334 0.8625 0.6673177083333334 0.85546875 0.66796875 0.8328125 0.6647135416666666 0.82109375 0.650390625 0.7984375 0.6243489583333334 0.77890625 0.61328125 0.77578125 0.6061197916666666 0.78046875 0.599609375 0.790625
1 0.4348958333333333 0.84296875 0.4342447916666667 0.85234375 0.439453125 0.85703125 0.4817708333333333 0.86171875 0.5026041666666666 0.86796875 0.5104166666666666 0.865625 0.5130208333333334 0.86171875 0.5143229166666666 0.8390625 0.5201822916666666 0.8203125 0.5266927083333334 0.7828125 0.529296875 0.74765625 0.48828125 0.7203125 0.4674479166666667 0.72578125 0.4583333333333333 0.74375 0.4544270833333333 0.76953125 0.4498697916666667 0.78203125 0.4453125 0.78515625
1 0.4375 0.95234375 0.4361979166666667 0.96015625 0.4420572916666667 0.96640625 0.4772135416666667 0.97265625 0.5540364583333334 0.9640625 0.5611979166666666 0.96015625 0.5598958333333334 0.94140625 0.5533854166666666 0.9171875 0.54296875 0.9109375 0.5182291666666666 0.90625 0.5013020833333334 0.89765625 0.4772135416666667 0.89765625 0.4674479166666667 0.90078125 0.451171875 0.92421875
1 0.4348958333333333 0.65859375 0.4348958333333333 0.66796875 0.4446614583333333 0.690625 0.4459635416666667 0.70625 0.455078125 0.71015625 0.4661458333333333 0.70546875 0.4720052083333333 0.69921875 0.4856770833333333 0.6703125 0.5 0.6609375 0.5006510416666666 0.65 0.498046875 0.63984375 0.48828125 0.62421875 0.478515625 0.61171875 0.47265625 0.609375 0.4544270833333333 0.625
1 0.4029947916666667 0.528125 0.4029947916666667 0.54296875 0.416015625 0.56484375 0.42578125 0.56484375 0.45703125 0.55546875 0.46875 0.53203125 0.4700520833333333 0.50078125 0.4674479166666667 0.48828125 0.4485677083333333 0.46640625 0.4329427083333333 0.4578125 0.4251302083333333 0.45859375
1 0.298828125 0.38671875 0.2975260416666667 0.4 0.3020833333333333 0.41484375 0.3268229166666667 0.43984375 0.3404947916666667 0.446875 0.369140625 0.44609375 0.3828125 0.440625 0.388671875 0.4328125 0.404296875 0.3921875 0.404296875 0.3859375 0.3938802083333333 0.3640625 0.3860677083333333 0.35546875 0.36328125 0.34140625 0.3424479166666667 0.3546875 0.333984375 0.3546875 0.3209635416666667 0.34921875 0.3131510416666667 0.35078125
1 0.23177083333333334 0.6484375 0.23111979166666666 0.6671875 0.23763020833333334 0.70625 0.23763020833333334 0.746875 0.25390625 0.765625 0.275390625 0.771875 0.2962239583333333 0.771875 0.3033854166666667 0.76328125 0.3294270833333333 0.74765625 0.3854166666666667 0.68515625 0.3893229166666667 0.6734375 0.3880208333333333 0.6640625 0.3587239583333333 0.621875 0.2760416666666667 0.55234375 0.26953125 0.55 0.2623697916666667 0.55078125 0.2578125 0.559375 0.23763020833333334 0.621875
1 0.08072916666666667 0.84140625 0.080078125 0.85546875 0.08268229166666667 0.8625 0.09130859375 0.8728515625 0.13151041666666666 0.95703125 0.17578125 0.94921875 0.205078125 0.9359375 0.23111979166666666 0.89375 0.24283854166666666 0.8640625 0.24283854166666666 0.8484375 0.23958333333333334 0.83828125 0.23307291666666666 0.82734375 0.22200520833333334 0.81640625 0.216796875 0.81328125 0.181640625 0.815625 0.12239583333333333 0.78828125 0.11002604166666667 0.78984375 0.1015625 0.796875 0.08854166666666667 0.8203125
1 0.103515625 0.62265625 0.10221354166666667 0.6296875 0.11002604166666667 0.65703125 0.14713541666666666 0.66484375 0.15755208333333334 0.6625 0.162109375 0.6578125 0.173828125 0.6125 0.16536458333333334 0.603125 0.13997395833333334 0.59453125 0.12369791666666667 0.60234375