1 0.140625 0.0484375 0.14322916666666666 0.06328125 0.16015625 0.0875 0.17838541666666666 0.10625 0.20703125 0.11328125 0.24348958333333334 0.134375 0.2584635416666667 0.13125 0.26953125 0.1203125 0.2701822916666667 0.1125 0.26171875 0.0859375 0.2545572916666667 0.04296875 0.24934895833333334 0.028125 0.24283854166666666 0.021875 0.216796875 0.01953125 0.18033854166666666 0.02578125 0.14713541666666666 0.03984375
1 0.10677083333333333 0.25078125 0.10677083333333333 0.27578125 0.12955729166666666 0.2953125 0.13541666666666666 0.3046875 0.150390625 0.3046875 0.16666666666666666 0.2953125 0.20768229166666666 0.29375 0.21940104166666666 0.2875 0.232421875 0.26875 0.23893229166666666 0.2375 0.24153645833333334 0.2078125 0.23372395833333334 0.19765625 0.18880208333333334 0.19296875 0.16536458333333334 0.19765625 0.11848958333333333 0.19921875 0.11197916666666667 0.2078125
1 0.07356770833333333 0.49296875 0.07161458333333333 0.50546875 0.07421875 0.52109375 0.09440104166666667 0.53671875 0.11979166666666667 0.5328125 0.15169270833333334 0.5203125 0.15950520833333334 0.5125 0.15885416666666666 0.5015625 0.15364583333333334 0.490625 0.13216145833333334 0.47265625 0.11393229166666667 0.4671875 0.09765625 0.47265625
1 0.09765625 0.59140625 0.09895833333333333 0.60703125 0.12630208333333334 0.63046875 0.14453125 0.634375 0.16341145833333334 0.62890625 0.18880208333333334 0.6296875 0.201171875 0.61484375 0.21354166666666666 0.60703125 0.23177083333333334 0.58828125 0.24153645833333334 0.575 0.2552083333333333 0.534375 0.2552083333333333 0.5234375 0.24869791666666666 0.509375 0.248046875 0.5015625 0.240234375 0.4953125 0.22981770833333334 0.4953125 0.19856770833333334 0.5078125 0.17838541666666666 0.52578125 0.13932291666666666 0.54609375 0.11197916666666667 0.56640625 0.10481770833333333 0.57421875
1 0.3072916666666667 0.36953125 0.3040364583333333 0.37734375 0.3040364583333333 0.3859375 0.3098958333333333 0.3984375 0.3098958333333333 0.4046875 0.328125 0.42578125 0.3463541666666667 0.4359375 0.3899739583333333 0.44453125 0.4147135416666667 0.4046875 0.4270833333333333 0.35625 0.4381510416666667 0.3375 0.4479166666666667 0.309375 0.4361979166666667 0.3046875 0.392578125 0.3046875 0.3697916666666667 0.3 0.3561197916666667 0.31015625 0.3404947916666667 0.32734375 0.3255208333333333 0.35078125
1 0.3548177083333333 0.10390625 0.3541666666666667 0.1125 0.357421875 0.11640625 0.3951822916666667 0.13984375 0.40234375 0.13828125 0.396484375 0.0953125 0.3841145833333333 0.0625 0.3763020833333333 0.06484375 0.365234375 0.078125
1 0.4544270833333333 0.19921875 0.4544270833333333 0.2109375 0.4622395833333333 0.22421875 0.4778645833333333 0.228125 0.490234375 0.23828125 0.49609375 0.23828125 0.5052083333333334 0.23046875 0.5227864583333334 0.2046875 0.5266927083333334 0.18125 0.505859375 0.15 0.4876302083333333 0.1328125 0.4811197916666667 0.13828125 0.4635416666666667 0.16875
1 0.458984375 0.07265625 0.4596354166666667 0.08828125 0.466796875 0.1 0.4752604166666667 0.10546875 0.51171875 0.08046875 0.5384114583333334 0.05703125 0.5436197916666666 0.0421875 0.5403645833333334 0.03671875 0.5227864583333334 0.03828125 0.513671875 0.0421875 0.5026041666666666 0.0390625 0.4915364583333333 0.040625 0.4661458333333333 0.059375
1 0.5208333333333334 0.121875 0.51953125 0.13125 0.5221354166666666 0.13671875 0.5553385416666666 0.19140625 0.5598958333333334 0.19453125 0.5859375 0.17578125 0.6087239583333334 0.15234375 0.6119791666666666 0.14453125 0.609375 0.134375 0.5989583333333334 0.121875 0.5703125 0.10546875 0.5423177083333334 0.10234375
1 0.685546875 0.2296875 0.685546875 0.24453125 0.6907552083333334 0.25234375 0.7057291666666666 0.2625 0.7194010416666666 0.2671875 0.7272135416666666 0.26640625 0.7434895833333334 0.25546875 0.7591145833333334 0.23359375 0.7552083333333334 0.21640625 0.748046875 0.20546875 0.7311197916666666 0.19609375 0.7063802083333334 0.20234375 0.6979166666666666 0.2078125 0.6907552083333334 0.21640625
1 0.744140625 0.28515625 0.7434895833333334 0.29453125 0.7467447916666666 0.30859375 0.7584635416666666 0.3203125 0.7669270833333334 0.34296875 0.7727864583333334 0.34765625 0.7903645833333334 0.35 0.8059895833333334 0.31015625 0.8079427083333334 0.278125 0.8040364583333334 0.26796875 0.7897135416666666 0.25546875 0.7708333333333334 0.2578125 0.75390625 0.27109375
1 0.55859375 0.44296875 0.55859375 0.45390625 0.5638020833333334 0.46796875 0.5794270833333334 0.471875 0.5950520833333334 0.48203125 0.6028645833333334 0.4796875 0.6139322916666666 0.465625 0.6373697916666666 0.45546875 0.654296875 0.43828125 0.6647135416666666 0.4359375 0.6927083333333334 0.39765625 0.697265625 0.384375 0.6966145833333334 0.378125 0.6796875 0.33359375 0.662109375 0.2984375 0.6419270833333334 0.271875 0.6341145833333334 0.271875 0.609375 0.2921875 0.5846354166666666 0.32734375 0.5755208333333334 0.371875 0.5618489583333334 0.415625
1 0.763671875 0.84609375 0.7610677083333334 0.86015625 0.7649739583333334 0.89375 0.7688802083333334 0.90625 0.76953125 0.91640625 0.7662760416666666 0.91796875 0.7669270833333334 0.9203125 0.78125 0.93984375 0.7955729166666666 0.9453125 0.8046875 0.953125 0.8138020833333334 0.95625 0.837890625 0.95625 0.8665364583333334 0.92890625 0.912109375 0.8984375 0.9095052083333334 0.88984375 0.8841145833333334 0.86171875 0.8359375 0.82421875 0.8203125 0.8171875 0.802734375 0.81328125 0.7942708333333334 0.81875 0.7890625 0.81328125 0.783203125 0.81796875 0.7760416666666666 0.81796875 0.767578125 0.8328125
1 0.681640625 0.54609375 0.6770833333333334 0.5578125 0.6770833333333334 0.57578125 0.6803385416666666 0.60390625 0.685546875 0.61953125 0.693359375 0.63046875 0.703125 0.63671875 0.7265625 0.63671875 0.744140625 0.64609375 0.7584635416666666 0.64375 0.7760416666666666 0.63359375 0.77734375 0.6265625 0.7877604166666666 0.615625 0.80859375 0.56484375 0.8033854166666666 0.54296875 0.783203125 0.515625 0.7578125 0.5046875 0.734375 0.50390625 0.724609375 0.49765625 0.708984375 0.5015625 0.6959635416666666 0.51875
1 0.74609375 0.6625 0.7454427083333334 0.7171875 0.7610677083333334 0.76484375 0.80078125 0.790625 0.8138020833333334 0.790625 0.8274739583333334 0.78203125 0.8359375 0.76875 0.837890625 0.75625 0.8326822916666666 0.73984375 0.8444010416666666 0.709375 0.8515625 0.66875 0.8658854166666666 0.634375 0.8684895833333334 0.61953125 0.8665364583333334 0.60625 0.8548177083333334 0.5984375 0.8333333333333334 0.6 0.748046875 0.65859375
1 0.4720052083333333 0.634375 0.4713541666666667 0.640625 0.4759114583333333 0.653125 0.505859375 0.70546875 0.5520833333333334 0.7515625 0.5631510416666666 0.7515625 0.587890625 0.74453125 0.5924479166666666 0.73984375 0.6315104166666666 0.64375 0.6302083333333334 0.6328125 0.623046875 0.628125 0.5833333333333334 0.61953125 0.5520833333333334 0.62265625 0.5130208333333334 0.634375 0.48828125 0.63125
1 0.3782552083333333 0.69765625 0.37890625 0.709375 0.3893229166666667 0.7140625 0.4127604166666667 0.71640625 0.4427083333333333 0.71484375 0.4498697916666667 0.7109375 0.453125 0.70546875 0.451171875 0.6859375 0.4466145833333333 0.67578125 0.41796875 0.63828125 0.4108072916666667 0.64375 0.3977864583333333 0.66953125 0.3821614583333333 0.6875
1 0.287109375 0.5328125 0.2858072916666667 0.54765625 0.2890625 0.571875 0.333984375 0.59375 0.3404947916666667 0.5921875 0.3489583333333333 0.58359375 0.359375 0.56015625 0.3600260416666667 0.540625 0.3561197916666667 0.51171875 0.353515625 0.50546875 0.3463541666666667 0.5 0.3372395833333333 0.49921875 0.302734375 0.51328125
1 0.24544270833333334 0.73046875 0.24088541666666666 0.7671875 0.251953125 0.80390625 0.2584635416666667 0.8125 0.30859375 0.8109375 0.33203125 0.77421875 0.333984375 0.76328125 0.3326822916666667 0.73515625 0.3151041666666667 0.7203125 0.3079427083333333 0.69921875 0.2942708333333333 0.684375 0.26953125 0.6828125 0.2643229166666667 0.68515625 0.2565104166666667 0.69453125
1 0.24088541666666666 0.90390625 0.23893229166666666 0.91875 0.24674479166666666 0.934375 0.2545572916666667 0.9421875 0.2662760416666667 0.94140625 0.2825520833333333 0.93515625 0.3033854166666667 0.91171875 0.310546875 0.8875 0.310546875 0.8796875 0.3014322916666667 0.86328125 0.2903645833333333 0.85625 0.2630208333333333 0.8609375 0.2513020833333333 0.875
1 0.11328125 0.78828125 0.11263020833333333 0.80390625 0.11653645833333333 0.8140625 0.126953125 0.8234375 0.13541666666666666 0.8234375 0.15104166666666666 0.81796875 0.18880208333333334 0.78359375 0.22005208333333334 0.7484375 0.22200520833333334 0.74296875 0.220703125 0.73046875 0.20833333333333334 0.7 0.20572916666666666 0.69765625 0.19661458333333334 0.69921875 0.13932291666666666 0.74375 0.119140625 0.7671875
1 0.3723958333333333 0.86015625 0.375 0.9015625 0.3821614583333333 0.91484375 0.3919270833333333 0.9203125 0.4348958333333333 0.909375 0.48046875 0.8890625 0.4856770833333333 0.884375 0.4876302083333333 0.87421875 0.4772135416666667 0.8140625 0.470703125 0.79921875 0.4602864583333333 0.796875 0.4375 0.79609375 0.423828125 0.8015625 0.4075520833333333 0.81484375 0.3736979166666667 0.85546875