1 0.020182291666666668 0.10859375 0.021484375 0.1171875 0.03125 0.134375 0.055338541666666664 0.16953125 0.059244791666666664 0.18359375 0.056640625 0.1921875 0.056640625 0.21953125 0.0625 0.23359375 0.07096354166666667 0.24140625 0.115234375 0.23828125 0.12434895833333333 0.23515625 0.140625 0.2234375 0.154296875 0.21953125 0.17122395833333334 0.2015625 0.18619791666666666 0.165625 0.185546875 0.14921875 0.17903645833333334 0.13046875 0.17252604166666666 0.11875 0.14908854166666666 0.090625 0.142578125 0.08671875 0.099609375 0.0828125 0.046223958333333336 0.06796875 0.03125 0.08359375
1 0.109375 0.48046875 0.10221354166666667 0.50078125 0.10546875 0.52265625 0.12565104166666666 0.56875 0.13997395833333334 0.58828125 0.16276041666666666 0.596875 0.19205729166666666 0.59921875 0.21875 0.57578125 0.23111979166666666 0.55390625 0.234375 0.54375 0.232421875 0.51796875 0.23567708333333334 0.50703125 0.23372395833333334 0.46015625 0.22265625 0.43125 0.22200520833333334 0.421875 0.21028645833333334 0.40859375 0.20377604166666666 0.40546875 0.19596354166666666 0.40703125 0.16536458333333334 0.440625 0.154296875 0.43828125 0.14388020833333334 0.440625
1 0.2532552083333333 0.34375 0.25390625 0.3609375 0.2630208333333333 0.3953125 0.267578125 0.39921875 0.291015625 0.39765625 0.3098958333333333 0.3890625 0.3404947916666667 0.35625 0.3600260416666667 0.32734375 0.3606770833333333 0.31796875 0.3587239583333333 0.31171875 0.341796875 0.2953125 0.330078125 0.29375 0.3131510416666667 0.296875 0.3001302083333333 0.30234375 0.2845052083333333 0.31640625 0.2643229166666667 0.3234375
1 0.3828125 0.2515625 0.3828125 0.25625 0.3880208333333333 0.26015625 0.4641927083333333 0.2578125 0.505859375 0.25234375 0.5084635416666666 0.24921875 0.5084635416666666 0.24140625 0.5045572916666666 0.21953125 0.498046875 0.21015625 0.4713541666666667 0.19375 0.45703125 0.18125 0.4459635416666667 0.1765625 0.4322916666666667 0.17578125 0.423828125 0.17734375 0.4173177083333333 0.1828125
1 0.45703125 0.42109375 0.4563802083333333 0.4265625 0.4674479166666667 0.4765625 0.4778645833333333 0.4921875 0.5 0.509375 0.5260416666666666 0.5078125 0.5358072916666666 0.5015625 0.5397135416666666 0.4875 0.5384114583333334 0.46328125 0.5227864583333334 0.43046875 0.501953125 0.42109375 0.4895833333333333 0.428125 0.4635416666666667 0.41875
1 0.5716145833333334 0.51953125 0.5716145833333334 0.53125 0.5826822916666666 0.55859375 0.5833333333333334 0.571875 0.5787760416666666 0.59921875 0.5807291666666666 0.6109375 0.6126302083333334 0.6359375 0.6295572916666666 0.64375 0.6380208333333334 0.64453125 0.6477864583333334 0.63828125 0.6725260416666666 0.596875 0.69921875 0.5125 0.705078125 0.48046875 0.6953125 0.46328125 0.6809895833333334 0.45625 0.6751302083333334 0.45625 0.5846354166666666 0.49375 0.5794270833333334 0.49921875
1 0.7506510416666666 0.33203125 0.7571614583333334 0.39453125 0.7643229166666666 0.409375 0.7688802083333334 0.4328125 0.7727864583333334 0.4390625 0.796875 0.440625 0.8111979166666666 0.4359375 0.8346354166666666 0.4359375 0.88671875 0.4015625 0.8984375 0.3875 0.8880208333333334 0.346875 0.8763020833333334 0.3171875 0.8639322916666666 0.3078125 0.8489583333333334 0.303125 0.841796875 0.2921875 0.833984375 0.28828125 0.8001302083333334 0.2890625 0.7825520833333334 0.29296875 0.763671875 0.30703125
1 0.64453125 0.29375 0.64453125 0.30625 0.6471354166666666 0.3125 0.6529947916666666 0.31953125 0.6627604166666666 0.321875 0.7252604166666666 0.2875 0.7317708333333334 0.2796875 0.7389322916666666 0.24765625 0.748046875 0.22890625 0.7454427083333334 0.2140625 0.7272135416666666 0.1984375 0.71484375 0.1921875 0.697265625 0.1890625 0.6901041666666666 0.19375 0.6796875 0.203125 0.6653645833333334 0.23046875 0.6536458333333334 0.25859375
1 0.4147135416666667 0.62578125 0.4140625 0.68828125 0.421875 0.70703125 0.4244791666666667 0.71015625 0.431640625 0.71015625 0.4440104166666667 0.70234375 0.4680989583333333 0.6640625 0.4713541666666667 0.64921875 0.4596354166666667 0.6328125 0.435546875 0.62109375 0.4231770833333333 0.61953125
1 0.5208333333333334 0.675 0.5201822916666666 0.7109375 0.5247395833333334 0.72265625 0.5462239583333334 0.74609375 0.5768229166666666 0.7625 0.5846354166666666 0.78984375 0.5983072916666666 0.80390625 0.6165364583333334 0.80859375 0.6334635416666666 0.80546875 0.677734375 0.76015625 0.6829427083333334 0.7515625 0.68359375 0.7421875 0.677734375 0.71015625 0.671875 0.70234375 0.6608072916666666 0.6953125 0.6451822916666666 0.69453125 0.6315104166666666 0.69765625 0.6223958333333334 0.69453125 0.5930989583333334 0.67734375 0.5813802083333334 0.6578125 0.5364583333333334 0.64921875 0.5319010416666666 0.64921875 0.52734375 0.65390625
1 0.29296875 0.5671875 0.2936197916666667 0.58515625 0.3170572916666667 0.6328125 0.3229166666666667 0.63984375 0.365234375 0.6421875 0.376953125 0.63359375 0.380859375 0.62265625 0.37890625 0.61171875 0.3736979166666667 0.5984375 0.36328125 0.58984375 0.3522135416666667 0.540625 0.3470052083333333 0.5328125 0.333984375 0.53125 0.3072916666666667 0.5375
1 0.029296875 0.653125 0.029947916666666668 0.6765625 0.046875 0.69609375 0.09505208333333333 0.71640625 0.11067708333333333 0.7046875 0.109375 0.69296875 0.09505208333333333 0.65546875 0.07486979166666667 0.63984375 0.064453125 0.63515625 0.045572916666666664 0.63515625 0.03515625 0.64296875
1 0.22200520833333334 0.82421875 0.22265625 0.8421875 0.22721354166666666 0.8625 0.236328125 0.88359375 0.24739583333333334 0.89296875 0.25390625 0.90390625 0.279296875 0.909375 0.3020833333333333 0.89453125 0.314453125 0.8796875 0.3203125 0.853125 0.3177083333333333 0.84296875 0.283203125 0.80390625 0.2623697916666667 0.78828125 0.24869791666666666 0.7859375 0.244140625 0.7890625 0.23567708333333334 0.79921875
1 0.3522135416666667 0.83984375 0.3522135416666667 0.8453125 0.3587239583333333 0.85234375 0.375 0.86015625 0.384765625 0.859375 0.40234375 0.8515625 0.4166666666666667 0.8375 0.4244791666666667 0.82109375 0.4251302083333333 0.8109375 0.421875 0.79609375 0.4095052083333333 0.77890625 0.4010416666666667 0.778125 0.37109375 0.8046875
1 0.5709635416666666 0.87421875 0.5703125 0.88203125 0.5859375 0.909375 0.5885416666666666 0.925 0.591796875 0.92890625 0.6282552083333334 0.92890625 0.6419270833333334 0.93515625 0.6510416666666666 0.9359375 0.6653645833333334 0.92265625 0.6627604166666666 0.9078125 0.6555989583333334 0.890625 0.6608072916666666 0.87890625 0.6595052083333334 0.86953125 0.6145833333333334 0.83203125 0.6022135416666666 0.83359375 0.5826822916666666 0.85546875
1 0.7337239583333334 0.6609375 0.7337239583333334 0.66875 0.7623697916666666 0.73046875 0.7721354166666666 0.73671875 0.7838541666666666 0.73359375 0.7903645833333334 0.72734375 0.8170572916666666 0.67421875 0.8111979166666666 0.66484375 0.7779947916666666 0.6578125 0.7513020833333334 0.6546875
1 0.802734375 0.7265625 0.8033854166666666 0.7515625 0.8118489583333334 0.77578125 0.8365885416666666 0.790625 0.84375 0.78984375 0.86328125 0.77890625 0.8912760416666666 0.77578125 0.8984375 0.7671875 0.9049479166666666 0.74140625 0.8977864583333334 0.71015625 0.8860677083333334 0.68984375 0.8274739583333334 0.6765625 0.8196614583333334 0.68125
1 0.8268229166666666 0.4625 0.8235677083333334 0.475 0.82421875 0.49765625 0.84765625 0.521875 0.859375 0.525 0.884765625 0.4984375 0.884765625 0.49296875 0.8645833333333334 0.47265625 0.8548177083333334 0.4578125 0.830078125 0.45859375
1 0.5084635416666666 0.07421875 0.5084635416666666 0.10078125 0.5123697916666666 0.12578125 0.5279947916666666 0.1515625 0.5403645833333334 0.16015625 0.5501302083333334 0.15859375 0.5657552083333334 0.12890625 0.5709635416666666 0.08515625 0.5520833333333334 0.0703125 0.529296875 0.0625 0.5201822916666666 0.06328125
1 0.2877604166666667 0.64609375 0.287109375 0.6515625 0.29296875 0.6625 0.3001302083333333 0.6921875 0.32421875 0.7359375 0.333984375 0.74140625 0.3430989583333333 0.73984375 0.3509114583333333 0.73046875 0.3489583333333333 0.6921875 0.3463541666666667 0.68671875 0.32421875 0.6765625 0.2955729166666667 0.64609375
1 0.65625 0.784375 0.65625 0.80703125 0.66015625 0.81875 0.6712239583333334 0.81875 0.6966145833333334 0.81171875 0.7135416666666666 0.79609375 0.701171875 0.77265625 0.689453125 0.76328125 0.6712239583333334 0.76875