1 0.216796875 0.21640625 0.21158854166666666 0.25078125 0.21614583333333334 0.2703125 0.228515625 0.2828125 0.302734375 0.3078125 0.3509114583333333 0.31796875 0.35546875 0.315625 0.35546875 0.28125 0.3528645833333333 0.271875 0.3404947916666667 0.259375 0.3346354166666667 0.24921875 0.3255208333333333 0.24609375 0.3177083333333333 0.2375 0.2975260416666667 0.2328125 0.2565104166666667 0.20859375 0.24348958333333334 0.2109375 0.22591145833333334 0.20703125 0.220703125 0.209375
1 0.061197916666666664 0.3703125 0.0625 0.38125 0.09309895833333333 0.425 0.10416666666666667 0.43828125 0.13411458333333334 0.46484375 0.154296875 0.4921875 0.162109375 0.49765625 0.18098958333333334 0.496875 0.197265625 0.49140625 0.21875 0.4703125 0.23111979166666666 0.44921875 0.22916666666666666 0.43203125 0.22330729166666666 0.42109375 0.20247395833333334 0.41171875 0.17057291666666666 0.378125 0.12955729166666666 0.3546875 0.1015625 0.3421875 0.08463541666666667 0.340625 0.07421875 0.3484375
1 0.111328125 0.60625 0.11263020833333333 0.6171875 0.158203125 0.6375 0.16471354166666666 0.6359375 0.17513020833333334 0.615625 0.1796875 0.59765625 0.17643229166666666 0.56015625 0.15885416666666666 0.54296875 0.14322916666666666 0.546875 0.134765625 0.55546875 0.11979166666666667 0.5828125
1 0.13020833333333334 0.70390625 0.12955729166666666 0.71640625 0.14388020833333334 0.7484375 0.154296875 0.78125 0.177734375 0.81953125 0.19596354166666666 0.84140625 0.20638020833333334 0.84921875 0.21875 0.8484375 0.2747395833333333 0.81484375 0.2845052083333333 0.81171875 0.3040364583333333 0.7984375 0.3138020833333333 0.7796875 0.3157552083333333 0.7703125 0.3138020833333333 0.759375 0.2799479166666667 0.7109375 0.2552083333333333 0.68828125 0.20572916666666666 0.65078125 0.19791666666666666 0.65 0.16276041666666666 0.6609375
1 0.3346354166666667 0.384375 0.333984375 0.39765625 0.337890625 0.41015625 0.3541666666666667 0.4296875 0.3658854166666667 0.4390625 0.388671875 0.43984375 0.4088541666666667 0.41484375 0.4069010416666667 0.3828125 0.396484375 0.35546875 0.3919270833333333 0.3515625 0.3815104166666667 0.34921875 0.3626302083333333 0.353125 0.341796875 0.371875
1 0.421875 0.22578125 0.4205729166666667 0.23046875 0.4485677083333333 0.2796875 0.4915364583333333 0.26953125 0.5091145833333334 0.259375 0.5169270833333334 0.24921875 0.5045572916666666 0.2234375 0.4934895833333333 0.2125 0.4759114583333333 0.21015625
1 0.5143229166666666 0.34609375 0.51171875 0.4125 0.5026041666666666 0.44140625 0.505859375 0.4515625 0.5130208333333334 0.453125 0.5286458333333334 0.446875 0.53515625 0.4515625 0.541015625 0.4515625 0.5748697916666666 0.43828125 0.5983072916666666 0.421875 0.595703125 0.4078125 0.587890625 0.3984375 0.5807291666666666 0.3765625 0.57421875 0.36953125 0.56640625 0.36796875 0.5462239583333334 0.34921875 0.5319010416666666 0.34140625 0.5182291666666666 0.33984375
1 0.6080729166666666 0.259375 0.607421875 0.275 0.6126302083333334 0.284375 0.62109375 0.28828125 0.6373697916666666 0.28984375 0.6673177083333334 0.26796875 0.6809895833333334 0.240625 0.6829427083333334 0.2203125 0.6796875 0.215625 0.6575520833333334 0.20234375 0.6393229166666666 0.19453125 0.630859375 0.19453125 0.6184895833333334 0.215625 0.615234375 0.23828125
1 0.7024739583333334 0.39453125 0.703125 0.41328125 0.697265625 0.425 0.6940104166666666 0.45 0.6979166666666666 0.45625 0.7122395833333334 0.4671875 0.8229166666666666 0.48046875 0.8541666666666666 0.490625 0.859375 0.4890625 0.86328125 0.48359375 0.8626302083333334 0.453125 0.859375 0.44453125 0.8391927083333334 0.42578125 0.8326822916666666 0.40703125 0.798828125 0.36484375 0.7467447916666666 0.3671875 0.7350260416666666 0.3703125 0.7063802083333334 0.38359375
1 0.7350260416666666 0.24296875 0.7337239583333334 0.25234375 0.7415364583333334 0.2640625 0.748046875 0.26953125 0.7740885416666666 0.28046875 0.7825520833333334 0.28046875 0.8040364583333334 0.26875 0.814453125 0.2546875 0.798828125 0.22421875 0.7903645833333334 0.21484375 0.7819010416666666 0.2125 0.759765625 0.2171875 0.7421875 0.2328125
1 0.6907552083333334 0.321875 0.69140625 0.3375 0.69921875 0.3578125 0.703125 0.36328125 0.712890625 0.36796875 0.7252604166666666 0.3671875 0.7369791666666666 0.3609375 0.75 0.3625 0.7591145833333334 0.36015625 0.7649739583333334 0.35234375 0.7688802083333334 0.33515625 0.7591145833333334 0.32734375 0.7141927083333334 0.309375 0.69921875 0.3109375
1 0.6204427083333334 0.60625 0.6197916666666666 0.61484375 0.6243489583333334 0.61953125 0.63671875 0.653125 0.6829427083333334 0.71328125 0.6875 0.715625 0.7141927083333334 0.7140625 0.7311197916666666 0.7109375 0.7643229166666666 0.646875 0.787109375 0.6296875 0.7923177083333334 0.615625 0.7936197916666666 0.59140625 0.7819010416666666 0.578125 0.75390625 0.575 0.7330729166666666 0.58359375 0.685546875 0.584375 0.658203125 0.58984375
1 0.5481770833333334 0.63359375 0.5462239583333334 0.646875 0.5533854166666666 0.66796875 0.560546875 0.6828125 0.568359375 0.6875 0.5885416666666666 0.68046875 0.59765625 0.67109375 0.6100260416666666 0.64375 0.6119791666666666 0.628125 0.6048177083333334 0.62109375 0.5703125 0.61484375 0.5592447916666666 0.61953125
1 0.359375 0.74453125 0.3587239583333333 0.7546875 0.3658854166666667 0.771875 0.3841145833333333 0.8 0.390625 0.80078125 0.4479166666666667 0.7859375 0.4700520833333333 0.7734375 0.5013020833333334 0.7625 0.5091145833333334 0.7546875 0.513671875 0.74140625 0.5123697916666666 0.72421875 0.5091145833333334 0.715625 0.509765625 0.68828125 0.5052083333333334 0.68046875 0.4895833333333333 0.67109375 0.4733072916666667 0.66953125 0.4583333333333333 0.6609375 0.4264322916666667 0.66015625 0.4173177083333333 0.6625 0.3782552083333333 0.7 0.3619791666666667 0.73125
1 0.4407552083333333 0.58671875 0.439453125 0.5921875 0.447265625 0.61953125 0.462890625 0.6265625 0.4837239583333333 0.6265625 0.4876302083333333 0.6234375 0.484375 0.59453125 0.4908854166666667 0.57109375 0.490234375 0.56171875 0.4876302083333333 0.56015625 0.474609375 0.57109375
1 0.5078125 0.85078125 0.5091145833333334 0.8640625 0.529296875 0.90625 0.5442708333333334 0.925 0.5481770833333334 0.93515625 0.5553385416666666 0.94140625 0.5703125 0.9359375 0.60546875 0.89765625 0.6178385416666666 0.88828125 0.642578125 0.8515625 0.6438802083333334 0.840625 0.626953125 0.76953125 0.6178385416666666 0.76015625 0.60546875 0.76484375 0.591796875 0.76484375 0.5748697916666666 0.78125 0.5299479166666666 0.8125
1 0.646484375 0.9140625 0.6458333333333334 0.94921875 0.6471354166666666 0.95703125 0.6516927083333334 0.96328125 0.7005208333333334 0.97421875 0.712890625 0.97421875 0.724609375 0.96875 0.734375 0.95625 0.7376302083333334 0.94765625 0.740234375 0.92109375 0.7389322916666666 0.9 0.7337239583333334 0.8765625 0.7278645833333334 0.86484375 0.7265625 0.85234375 0.7194010416666666 0.83828125 0.7102864583333334 0.83046875 0.7024739583333334 0.82890625 0.6647135416666666 0.83203125 0.66015625 0.84140625
1 0.7643229166666666 0.903125 0.763671875 0.91328125 0.7682291666666666 0.925 0.7955729166666666 0.95703125 0.8151041666666666 0.97421875 0.8352864583333334 0.98203125 0.845703125 0.9828125 0.8522135416666666 0.98125 0.8834635416666666 0.95703125 0.89453125 0.89921875 0.888671875 0.875 0.8776041666666666 0.86015625 0.87109375 0.84296875 0.861328125 0.83359375 0.8483072916666666 0.8296875 0.8001302083333334 0.8265625 0.7897135416666666 0.834375 0.7786458333333334 0.85390625 0.7734375 0.8859375
1 0.8098958333333334 0.76875 0.80859375 0.7828125 0.810546875 0.78828125 0.818359375 0.796875 0.828125 0.79609375 0.8346354166666666 0.78203125 0.8365885416666666 0.7609375 0.8424479166666666 0.7421875 0.8450520833333334 0.7234375 0.84375 0.7125 0.837890625 0.71015625 0.8268229166666666 0.71015625 0.8248697916666666 0.7125
1 0.4739583333333333 0.0859375 0.4739583333333333 0.10234375 0.4798177083333333 0.1171875 0.51171875 0.1234375 0.5234375 0.1203125 0.533203125 0.1109375 0.5598958333333334 0.096875 0.5651041666666666 0.090625 0.5611979166666666 0.0828125 0.5553385416666666 0.0796875 0.4947916666666667 0.07421875 0.4772135416666667 0.0765625
1 0.19921875 0.05 0.19791666666666666 0.0609375 0.201171875 0.0671875 0.21354166666666666 0.08125 0.23111979166666666 0.09296875 0.2565104166666667 0.096875 0.27734375 0.08671875 0.2819010416666667 0.08125 0.2825520833333333 0.05703125 0.2799479166666667 0.05 0.2552083333333333 0.02265625 0.24934895833333334 0.021875 0.23177083333333334 0.0328125 0.2109375 0.0390625
1 0.416015625 0.03203125 0.4153645833333333 0.05078125 0.4231770833333333 0.05859375 0.4680989583333333 0.06484375 0.4759114583333333 0.05546875 0.4765625 0.03515625 0.4700520833333333 0.02109375 0.419921875 0.025