1 0.11197916666666667 0.109375 0.109375 0.14375 0.11263020833333333 0.1578125 0.12630208333333334 0.1859375 0.13932291666666666 0.196875 0.13932291666666666 0.20625 0.14388020833333334 0.2125 0.16145833333333334 0.2203125 0.19596354166666666 0.2265625 0.22786458333333334 0.196875 0.23893229166666666 0.18046875 0.24153645833333334 0.16875 0.23958333333333334 0.16015625 0.24153645833333334 0.1328125 0.23893229166666666 0.08125 0.234375 0.06953125 0.22395833333333334 0.0609375 0.22916666666666666 0.053125 0.2265625 0.0453125 0.21419270833333334 0.0375 0.2109375 0.02421875 0.20572916666666666 0.01875 0.19401041666666666 0.02421875 0.166015625 0.0515625 0.16536458333333334 0.0609375 0.16276041666666666 0.0640625 0.14973958333333334 0.06328125 0.14388020833333334 0.05625 0.13671875 0.0640625 0.140625 0.07265625 0.13932291666666666 0.075 0.134765625 0.08046875 0.12955729166666666 0.0765625 0.12434895833333333 0.08125 0.12369791666666667 0.0890625 0.11588541666666667 0.09765625 0.11588541666666667 0.103125
1 0.115234375 0.09609375 0.10807291666666667 0.125 0.10872395833333333 0.14375 0.11783854166666667 0.1703125 0.13932291666666666 0.1984375 0.14388020833333334 0.21328125 0.18033854166666666 0.22421875 0.19661458333333334 0.225 0.22721354166666666 0.196875 0.23958333333333334 0.1796875 0.24153645833333334 0.1734375 0.24153645833333334 0.10859375 0.23893229166666666 0.08203125 0.22721354166666666 0.0421875 0.21614583333333334 0.0375 0.20638020833333334 0.0171875 0.19596354166666666 0.02109375 0.16471354166666666 0.04921875 0.150390625 0.0484375 0.125 0.07734375
1 0.035807291666666664 0.271875 0.035807291666666664 0.29140625 0.0390625 0.3 0.064453125 0.33203125 0.09830729166666667 0.34609375 0.10872395833333333 0.3453125 0.11588541666666667 0.33984375 0.119140625 0.33125 0.1171875 0.32421875 0.10221354166666667 0.2859375 0.095703125 0.27890625 0.07421875 0.265625 0.057942708333333336 0.2609375 0.04296875 0.26171875
1 0.3014322916666667 0.171875 0.2994791666666667 0.1890625 0.3040364583333333 0.20859375 0.3424479166666667 0.2625 0.3483072916666667 0.26640625 0.357421875 0.2671875 0.3860677083333333 0.25703125 0.38671875 0.24375 0.3795572916666667 0.22265625 0.3743489583333333 0.215625 0.3671875 0.2125 0.3606770833333333 0.19921875 0.357421875 0.16484375 0.3522135416666667 0.153125 0.3489583333333333 0.15078125 0.330078125 0.153125 0.3098958333333333 0.16171875
1 0.46484375 0.05 0.462890625 0.05703125 0.4680989583333333 0.07578125 0.4700520833333333 0.09765625 0.4765625 0.1140625 0.4817708333333333 0.1203125 0.5052083333333334 0.1375 0.5299479166666666 0.13671875 0.5416666666666666 0.1328125 0.544921875 0.11328125 0.54296875 0.09453125 0.5384114583333334 0.078125 0.5266927083333334 0.05703125 0.5091145833333334 0.04609375 0.5013020833333334 0.0484375 0.4970703125 0.054296875 0.4876302083333333 0.059375 0.4700520833333333 0.05
1 0.5768229166666666 0.14765625 0.576171875 0.15546875 0.5885416666666666 0.18828125 0.5846354166666666 0.22734375 0.5872395833333334 0.23671875 0.6217447916666666 0.2625 0.634765625 0.2671875 0.646484375 0.26640625 0.6549479166666666 0.25859375 0.6764322916666666 0.21953125 0.7044270833333334 0.1265625 0.7096354166666666 0.096875 0.701171875 0.0828125 0.6946614583333334 0.0796875 0.677734375 0.078125 0.662109375 0.0828125 0.5989583333333334 0.1109375 0.583984375 0.1234375
1 0.5266927083333334 0.29296875 0.5279947916666666 0.315625 0.5240885416666666 0.334375 0.5319010416666666 0.3484375 0.560546875 0.3734375 0.5872395833333334 0.39140625 0.5924479166666666 0.40703125 0.6002604166666666 0.41484375 0.6100260416666666 0.4171875 0.6334635416666666 0.415625 0.6438802083333334 0.40859375 0.654296875 0.39609375 0.6653645833333334 0.39140625 0.6868489583333334 0.371875 0.689453125 0.35859375 0.6829427083333334 0.3234375 0.6647135416666666 0.30703125 0.6510416666666666 0.30546875 0.63671875 0.3109375 0.6126302083333334 0.30859375 0.6022135416666666 0.3015625 0.5924479166666666 0.2796875 0.583984375 0.271875 0.5403645833333334 0.2703125 0.5299479166666666 0.278125
1 0.4192708333333333 0.2515625 0.4186197916666667 0.29296875 0.427734375 0.328125 0.435546875 0.33515625 0.4485677083333333 0.33046875 0.4544270833333333 0.32421875 0.46484375 0.2984375 0.4765625 0.28515625 0.4759114583333333 0.27265625 0.4641927083333333 0.25859375 0.4375 0.24296875 0.4251302083333333 0.2421875 0.4205729166666667 0.24609375
1 0.3600260416666667 0.4515625 0.3587239583333333 0.46015625 0.3658854166666667 0.47421875 0.3782552083333333 0.4796875 0.3899739583333333 0.478125 0.4147135416666667 0.46640625 0.4303385416666667 0.4515625 0.4296875 0.428125 0.4173177083333333 0.40703125 0.4069010416666667 0.40546875 0.3776041666666667 0.4234375
1 0.3053385416666667 0.2890625 0.302734375 0.29453125 0.3079427083333333 0.30703125 0.306640625 0.3109375 0.33203125 0.36015625 0.330078125 0.3625 0.3372395833333333 0.36953125 0.3489583333333333 0.36796875 0.353515625 0.3625 0.353515625 0.34140625 0.3522135416666667 0.32734375 0.3463541666666667 0.3140625 0.3313802083333333 0.30703125 0.3274739583333333 0.3078125
1 0.22721354166666666 0.4421875 0.22981770833333334 0.4625 0.23697916666666666 0.484375 0.2545572916666667 0.51484375 0.2649739583333333 0.52265625 0.27734375 0.5265625 0.2864583333333333 0.52578125 0.3138020833333333 0.50859375 0.3274739583333333 0.4859375 0.3255208333333333 0.4703125 0.283203125 0.42421875 0.267578125 0.41171875 0.26171875 0.41171875 0.24479166666666666 0.4203125
1 0.7408854166666666 0.2859375 0.7376302083333334 0.29765625 0.7662760416666666 0.3578125 0.7779947916666666 0.36328125 0.7864583333333334 0.36328125 0.7936197916666666 0.359375 0.798828125 0.3515625 0.8053385416666666 0.328125 0.8151041666666666 0.31015625 0.8209635416666666 0.2890625 0.806640625 0.28046875 0.7591145833333334 0.2703125 0.7473958333333334 0.275
1 0.8072916666666666 0.35546875 0.8072916666666666 0.375 0.8125 0.38984375 0.8170572916666666 0.39453125 0.8365885416666666 0.403125 0.8665364583333334 0.39609375 0.87890625 0.3984375 0.8938802083333334 0.39609375 0.904296875 0.3828125 0.9088541666666666 0.36640625 0.9075520833333334 0.34296875 0.900390625 0.321875 0.8919270833333334 0.31328125 0.8359375 0.3046875 0.826171875 0.3125
1 0.8274739583333334 0.09609375 0.8274739583333334 0.1296875 0.8391927083333334 0.14453125 0.8515625 0.15390625 0.8619791666666666 0.1515625 0.8873697916666666 0.121875 0.8841145833333334 0.1109375 0.8580729166666666 0.07890625 0.8385416666666666 0.08125 0.8333333333333334 0.08515625
1 0.6634114583333334 0.41171875 0.6614583333333334 0.4359375 0.666015625 0.44921875 0.7063802083333334 0.4296875 0.71875 0.41484375 0.7096354166666666 0.39609375 0.7024739583333334 0.3890625 0.6842447916666666 0.39453125 0.666015625 0.40703125
1 0.5774739583333334 0.48046875 0.576171875 0.49296875 0.5865885416666666 0.51328125 0.5930989583333334 0.534375 0.5944010416666666 0.5515625 0.5970052083333334 0.5546875 0.6022135416666666 0.5546875 0.6126302083333334 0.5453125 0.6217447916666666 0.54140625 0.646484375 0.5515625 0.66015625 0.5484375 0.6653645833333334 0.54453125 0.67578125 0.525 0.67578125 0.5203125 0.6653645833333334 0.5078125 0.6627604166666666 0.4984375 0.666015625 0.48359375 0.650390625 0.47734375 0.6204427083333334 0.44765625 0.6106770833333334 0.4484375 0.595703125 0.45859375 0.5865885416666666 0.46640625
1 0.5944010416666666 0.67890625 0.5924479166666666 0.70234375 0.60546875 0.72421875 0.619140625 0.734375 0.6399739583333334 0.7625 0.6686197916666666 0.7796875 0.7135416666666666 0.81640625 0.7220052083333334 0.81484375 0.7604166666666666 0.79453125 0.7685546875 0.79296875 0.7799479166666666 0.79609375 0.78515625 0.79140625 0.7727864583333334 0.765625 0.7330729166666666 0.7046875 0.69140625 0.65859375 0.6744791666666666 0.6328125 0.6640625 0.62421875 0.6569010416666666 0.6125 0.6471354166666666 0.6078125 0.6334635416666666 0.59375 0.6223958333333334 0.5984375 0.6080729166666666 0.6203125
1 0.3802083333333333 0.76484375 0.3795572916666667 0.77890625 0.3880208333333333 0.78984375 0.396484375 0.8109375 0.4114583333333333 0.8296875 0.4283854166666667 0.84296875 0.4342447916666667 0.87265625 0.4381510416666667 0.8796875 0.4427083333333333 0.88125 0.4505208333333333 0.87734375 0.4921875 0.83515625 0.4947916666666667 0.82734375 0.4934895833333333 0.8151039062500001 0.49609375 0.7859375 0.4889322916666667 0.73828125 0.4811197916666667 0.71640625 0.4563802083333333 0.68828125 0.4329427083333333 0.678125 0.41796875 0.678125 0.4069010416666667 0.68203125 0.3984375 0.69765625 0.3990885416666667 0.723828125 0.396484375 0.7328125 0.3841145833333333 0.7453125
1 0.2565104166666667 0.61328125 0.2552083333333333 0.628125 0.2584635416666667 0.63359375 0.3118489583333333 0.6640625 0.3216145833333333 0.6625 0.333984375 0.63359375 0.3313802083333333 0.62578125 0.3177083333333333 0.61796875 0.2766927083333333 0.60234375 0.2643229166666667 0.60546875
1 0.19661458333333334 0.74765625 0.201171875 0.790625 0.21354166666666666 0.840625 0.232421875 0.85625 0.24739583333333334 0.85234375 0.2552083333333333 0.84296875 0.2630208333333333 0.815625 0.2688802083333333 0.81171875 0.279296875 0.79609375 0.2799479166666667 0.7859375 0.24609375 0.7359375 0.23046875 0.70234375 0.22526041666666666 0.696875 0.20442708333333334 0.72734375
1 0.07682291666666667 0.91328125 0.07682291666666667 0.93203125 0.08463541666666667 0.959375 0.09505208333333333 0.9734375 0.10807291666666667 0.9765625 0.12825520833333334 0.9703125 0.14388020833333334 0.96328125 0.15364583333333334 0.953125 0.15299479166666666 0.91328125 0.1484375 0.890625 0.14192708333333334 0.8828125 0.1328125 0.8828125 0.08528645833333333 0.90234375
1 0.537109375 0.878125 0.5364583333333334 0.9125 0.541015625 0.95 0.5455729166666666 0.96171875 0.5631510416666666 0.9703125 0.5807291666666666 0.97265625 0.6106770833333334 0.97109375 0.626953125 0.965625 0.62890625 0.9515625 0.615234375 0.92109375 0.6087239583333334 0.86875 0.5950520833333334 0.84296875 0.5677083333333334 0.84375 0.5553385416666666 0.85546875 0.5416666666666666 0.85625 0.5390625 0.859375
1 0.7578125 0.8328125 0.7584635416666666 0.859375 0.7649739583333334 0.8671875 0.7734375 0.86640625 0.787109375 0.85859375 0.7975260416666666 0.85 0.8001302083333334 0.8421875 0.796875 0.82265625 0.7864583333333334 0.815625 0.76171875 0.81953125