1 0.12044270833333333 0.09296875 0.125 0.11015625 0.14713541666666666 0.1546875 0.15234375 0.16015625 0.158203125 0.16015625 0.17578125 0.1546875 0.18619791666666666 0.1453125 0.201171875 0.11640625 0.21223958333333334 0.08515625 0.21419270833333334 0.0703125 0.208984375 0.0625 0.18229166666666666 0.0390625 0.16927083333333334 0.03125 0.16341145833333334 0.03125 0.15950520833333334 0.0359375 0.15494791666666666 0.0703125 0.13606770833333334 0.07734375
1 0.07877604166666667 0.44921875 0.078125 0.4625 0.08138020833333333 0.4671875 0.11393229166666667 0.46953125 0.14908854166666666 0.46484375 0.15755208333333334 0.459375 0.16796875 0.446875 0.17447916666666666 0.425 0.171875 0.40390625 0.16145833333333334 0.39296875 0.15755208333333334 0.36875 0.13802083333333334 0.34609375 0.12825520833333334 0.34453125 0.10872395833333333 0.34765625 0.09830729166666667 0.359375 0.09049479166666667 0.37734375 0.09114583333333333 0.39453125
1 0.16276041666666666 0.609375 0.16015625 0.615625 0.16145833333333334 0.6296875 0.19791666666666666 0.66796875 0.228515625 0.671875 0.2584635416666667 0.68671875 0.28125 0.6828125 0.287109375 0.678125 0.2760416666666667 0.61953125 0.2669270833333333 0.58828125 0.2584635416666667 0.58125 0.25390625 0.58203125 0.248046875 0.578125 0.20247395833333334 0.59375 0.18880208333333334 0.59453125 0.16927083333333334 0.60234375
1 0.24479166666666666 0.53515625 0.24479166666666666 0.546875 0.263671875 0.5828125 0.287109375 0.58828125 0.302734375 0.60234375 0.3196614583333333 0.62421875 0.328125 0.62734375 0.3430989583333333 0.60390625 0.359375 0.58515625 0.3678385416666667 0.55234375 0.3990885416666667 0.5015625 0.408203125 0.4765625 0.3815104166666667 0.465625 0.35546875 0.459375 0.2897135416666667 0.43125 0.265625 0.42734375 0.2604166666666667 0.43984375
1 0.12630208333333334 0.84375 0.12565104166666666 0.87265625 0.12890625 0.87734375 0.18294270833333334 0.86015625 0.20833333333333334 0.8578125 0.24479166666666666 0.8609375 0.251953125 0.8515625 0.2552083333333333 0.840625 0.259765625 0.81328125 0.2623697916666667 0.77109375 0.24674479166666666 0.76328125 0.20638020833333334 0.76640625 0.16080729166666666 0.77109375 0.14453125 0.78125 0.134765625 0.7828125 0.13151041666666666 0.78671875
1 0.376953125 0.4328125 0.3763020833333333 0.44921875 0.3841145833333333 0.46015625 0.3971354166666667 0.46015625 0.41796875 0.44921875 0.42578125 0.44140625 0.439453125 0.41875 0.439453125 0.38125 0.41796875 0.3671875 0.3860677083333333 0.3828125 0.3821614583333333 0.390625 0.3828125 0.4125
1 0.455078125 0.10390625 0.4544270833333333 0.115625 0.4602864583333333 0.14765625 0.4752604166666667 0.1609375 0.4876302083333333 0.16484375 0.5032552083333334 0.11953125 0.501953125 0.0921875 0.4921875 0.08671875 0.482421875 0.08828125 0.4602864583333333 0.096875
1 0.541015625 0.22734375 0.5423177083333334 0.2375 0.5455729166666666 0.2421875 0.5494791666666666 0.2421875 0.5677083333333334 0.234375 0.5826822916666666 0.221875 0.6158854166666666 0.20546875 0.6197916666666666 0.20234375 0.6204427083333334 0.196875 0.6100260416666666 0.1734375 0.591796875 0.175 0.5865885416666666 0.17890625 0.5787760416666666 0.19609375
1 0.6692708333333334 0.18359375 0.6744791666666666 0.23515625 0.6842447916666666 0.246875 0.71875 0.26484375 0.7369791666666666 0.2609375 0.7486979166666666 0.253125 0.75390625 0.234375 0.7662760416666666 0.21328125 0.7766927083333334 0.18515625 0.771484375 0.17890625 0.76171875 0.15546875 0.7408854166666666 0.14140625 0.708984375 0.1421875 0.697265625 0.15390625 0.689453125 0.17109375 0.6842447916666666 0.17578125 0.6712239583333334 0.1796875
1 0.4908854166666667 0.43515625 0.4908854166666667 0.48046875 0.4947916666666667 0.49921875 0.5045572916666666 0.51953125 0.515625 0.525 0.5462239583333334 0.53125 0.548828125 0.52109375 0.5501302083333334 0.4890625 0.5436197916666666 0.4421875 0.4973958333333333 0.42890625 0.4934895833333333 0.42890625
1 0.4700520833333333 0.384375 0.4713541666666667 0.39921875 0.462890625 0.41875 0.462890625 0.425 0.466796875 0.4296875 0.4811197916666667 0.4296875 0.5052083333333334 0.42421875 0.5514322916666666 0.434375 0.5572916666666666 0.42890625 0.5572916666666666 0.3984375 0.546875 0.37421875 0.5462239583333334 0.35625 0.5377604166666666 0.34296875 0.5247395833333334 0.334375 0.5208333333333334 0.325 0.515625 0.3203125 0.5071614583333334 0.31875 0.5006510416666666 0.32578125 0.4876302083333333 0.3453125
1 0.568359375 0.55234375 0.5677083333333334 0.56640625 0.572265625 0.575 0.5872395833333334 0.58515625 0.6028645833333334 0.5859375 0.6087239583333334 0.58359375 0.6354166666666666 0.55234375 0.642578125 0.53984375 0.654296875 0.534375 0.65625 0.52890625 0.6380208333333334 0.5109375 0.615234375 0.496875 0.5852864583333334 0.52578125 0.5716145833333334 0.54296875
1 0.650390625 0.41484375 0.6438802083333334 0.47265625 0.6536458333333334 0.4703125 0.658203125 0.4625 0.6653645833333334 0.45859375 0.689453125 0.45390625 0.693359375 0.45078125 0.693359375 0.44296875 0.6868489583333334 0.43203125 0.6861979166666666 0.41796875 0.677734375 0.403125 0.671875 0.4015625 0.6536458333333334 0.40625
1 0.7467447916666666 0.33515625 0.740234375 0.34375 0.740234375 0.35 0.7565104166666666 0.3921875 0.7610677083333334 0.415625 0.7649739583333334 0.4203125 0.7688802083333334 0.4203125 0.775390625 0.41640625 0.7805989583333334 0.40859375 0.775390625 0.38359375 0.76171875 0.34453125 0.75390625 0.334375
1 0.7708333333333334 0.590625 0.7708333333333334 0.59921875 0.7923177083333334 0.64140625 0.796875 0.64375 0.8177083333333334 0.63125 0.859375 0.58203125 0.8619791666666666 0.57421875 0.8600260416666666 0.56640625 0.849609375 0.55 0.83984375 0.546875 0.7916666666666666 0.5671875
1 0.7083333333333334 0.7890625 0.7083333333333334 0.79765625 0.7180989583333334 0.80625 0.7532552083333334 0.81875 0.7578125 0.815625 0.765625 0.8015625 0.7799479166666666 0.7890625 0.78125 0.7828125 0.7740885416666666 0.77265625 0.763671875 0.76484375 0.7493489583333334 0.75859375 0.7317708333333334 0.75859375 0.71875 0.76640625
1 0.7643229166666666 0.83203125 0.7649739583333334 0.85 0.7760416666666666 0.865625 0.7825520833333334 0.884375 0.8046875 0.91171875 0.810546875 0.915625 0.8138020833333334 0.91328125 0.8248697916666666 0.89765625 0.8294270833333334 0.8796875 0.8313802083333334 0.85546875 0.8255208333333334 0.84140625 0.8125 0.82734375 0.7916666666666666 0.81875 0.7825520833333334 0.8203125
1 0.4791666666666667 0.628125 0.478515625 0.6359375 0.482421875 0.64296875 0.4908854166666667 0.65390625 0.4986979166666667 0.65625 0.5208333333333334 0.6375 0.5338541666666666 0.63125 0.55859375 0.60390625 0.5618489583333334 0.5875 0.5416666666666666 0.5859375 0.529296875 0.59296875 0.5123697916666666 0.596875 0.4947916666666667 0.61484375 0.484375 0.6203125
1 0.375 0.64765625 0.3782552083333333 0.66796875 0.4036458333333333 0.6859375 0.4147135416666667 0.6921875 0.4186197916666667 0.69140625 0.4166666666666667 0.6640625 0.4095052083333333 0.64453125 0.408203125 0.6328125 0.40234375 0.6203125 0.3899739583333333 0.625
1 0.4739583333333333 0.7765625 0.4739583333333333 0.78359375 0.4817708333333333 0.78984375 0.5084635416666666 0.80078125 0.5188802083333334 0.7984375 0.5397135416666666 0.76875 0.5462239583333334 0.74140625 0.533203125 0.7296875 0.5026041666666666 0.7140625 0.4876302083333333 0.7359375
1 0.89453125 0.66953125 0.8951822916666666 0.68203125 0.9147135416666666 0.7234375 0.9251302083333334 0.72578125 0.9296875 0.71484375 0.92578125 0.6578125 0.91796875 0.65234375 0.904296875 0.6546875 0.8984375 0.66015625
1 0.5416666666666666 0.6765625 0.54296875 0.6859375 0.5703125 0.728125 0.57421875 0.73828125 0.5813802083333334 0.74453125 0.5924479166666666 0.7453125 0.5983072916666666 0.74140625 0.6302083333333334 0.7015625 0.6321614583333334 0.69375 0.6302083333333334 0.684375 0.6223958333333334 0.675 0.5983072916666666 0.65859375 0.5631510416666666 0.65703125