1 0.19010416666666666 0.14765625 0.19010416666666666 0.165625 0.19401041666666666 0.171875 0.20833333333333334 0.17734375 0.22135416666666666 0.1765625 0.22591145833333334 0.17265625 0.23372395833333334 0.1265625 0.23307291666666666 0.096875 0.23046875 0.0875 0.21419270833333334 0.08125 0.197265625 0.0890625 0.1953125 0.09453125 0.197265625 0.11875
1 0.5013020833333334 0.14296875 0.4986979166666667 0.153125 0.5013020833333334 0.171875 0.5149739583333334 0.18359375 0.5397135416666666 0.19609375 0.5572916666666666 0.1984375 0.568359375 0.18046875 0.5690104166666666 0.15390625 0.5540364583333334 0.13984375 0.5384114583333334 0.13359375 0.5247395833333334 0.1328125 0.5078125 0.1359375
1 0.2760416666666667 0.146875 0.2779947916666667 0.1953125 0.2897135416666667 0.21015625 0.2923177083333333 0.22265625 0.2994791666666667 0.21953125 0.3248697916666667 0.196875 0.3561197916666667 0.1953125 0.3873697916666667 0.1828125 0.3990885416666667 0.171875 0.40625 0.1484375 0.4016927083333333 0.11015625 0.4075520833333333 0.0875 0.408203125 0.06328125 0.3919270833333333 0.04609375 0.3697916666666667 0.04140625 0.3600260416666667 0.04296875 0.3365885416666667 0.05703125 0.3235677083333333 0.07109375 0.3014322916666667 0.1078125 0.279296875 0.12265625
1 0.5078125 0.35546875 0.5078125 0.3625 0.5162760416666666 0.37578125 0.5397135416666666 0.38515625 0.5540364583333334 0.39609375 0.5852864583333334 0.3984375 0.6028645833333334 0.403125 0.6302083333333334 0.40390625 0.6953125 0.38046875 0.748046875 0.3390625 0.7545572916666666 0.33125 0.7571614583333334 0.3203125 0.755859375 0.31640625 0.7415364583333334 0.31015625 0.7278645833333334 0.2875 0.720703125 0.2671875 0.7122395833333334 0.2609375 0.6692708333333334 0.25703125 0.6399739583333334 0.2578125 0.625 0.265625 0.59375 0.27265625 0.5572916666666666 0.2671875 0.5403645833333334 0.28671875 0.5279947916666666 0.31640625 0.5169270833333334 0.33125
1 0.4173177083333333 0.33046875 0.416015625 0.34140625 0.419921875 0.3484375 0.4381510416666667 0.36796875 0.4427083333333333 0.36796875 0.4524739583333333 0.359375 0.4765625 0.328125 0.478515625 0.31015625 0.4739583333333333 0.30390625 0.4479166666666667 0.3
1 0.443359375 0.425 0.4361979166666667 0.4640625 0.4270833333333333 0.48359375 0.4283854166666667 0.49453125 0.4694010416666667 0.5265625 0.498046875 0.540625 0.5084635416666666 0.54140625 0.533203125 0.50859375 0.5494791666666666 0.46796875 0.548828125 0.45625 0.5325520833333334 0.446875 0.5065104166666666 0.44375 0.4641927083333333 0.425
1 0.20377604166666666 0.47109375 0.20442708333333334 0.4890625 0.212890625 0.50703125 0.2265625 0.528125 0.2545572916666667 0.55859375 0.2708333333333333 0.559375 0.302734375 0.54921875 0.314453125 0.5359375 0.328125 0.51015625 0.3092447916666667 0.43984375 0.29296875 0.4140625 0.23567708333333334 0.42109375 0.22786458333333334 0.425 0.22005208333333334 0.434375 0.21028645833333334 0.4640625
1 0.14388020833333334 0.2234375 0.14322916666666666 0.2671875 0.16666666666666666 0.31171875 0.185546875 0.32890625 0.20182291666666666 0.33828125 0.23046875 0.33984375 0.23177083333333334 0.33125 0.22786458333333334 0.31796875 0.2265625 0.2828125 0.20638020833333334 0.2234375 0.197265625 0.2203125 0.181640625 0.2203125 0.158203125 0.20703125 0.14908854166666666 0.20859375
1 0.12565104166666666 0.478125 0.12565104166666666 0.48984375 0.12955729166666666 0.49453125 0.16080729166666666 0.515625 0.17447916666666666 0.515625 0.201171875 0.4796875 0.20247395833333334 0.4703125 0.20703125 0.46171875 0.20377604166666666 0.4328125 0.1953125 0.421875 0.177734375 0.4125 0.16861979166666666 0.41328125 0.16015625 0.42109375
1 0.4602864583333333 0.6640625 0.4596354166666667 0.675 0.4654947916666667 0.6890625 0.4674479166666667 0.7203125 0.494140625 0.74453125 0.541015625 0.7546875 0.578125 0.7828125 0.6015625 0.77265625 0.6223958333333334 0.7546875 0.62109375 0.73359375 0.599609375 0.68046875 0.5859375 0.6625 0.5677083333333334 0.653125 0.5533854166666666 0.63984375 0.5338541666666666 0.63359375 0.505859375 0.63828125 0.4850260416666667 0.6453125 0.46484375 0.6578125
1 0.6380208333333334 0.59765625 0.6380208333333334 0.61171875 0.6614583333333334 0.64375 0.669921875 0.64765625 0.6920572916666666 0.65 0.7298177083333334 0.66328125 0.7578125 0.66015625 0.779296875 0.64453125 0.7962239583333334 0.640625 0.8014322916666666 0.63359375 0.8040364583333334 0.61640625 0.8001302083333334 0.59296875 0.7897135416666666 0.57578125 0.771484375 0.565625 0.724609375 0.5546875 0.7096354166666666 0.546875 0.7005208333333334 0.54921875 0.6731770833333334 0.56953125 0.6608072916666666 0.575 0.642578125 0.58984375
1 0.7975260416666666 0.72421875 0.796875 0.740625 0.8079427083333334 0.77265625 0.8483072916666666 0.8390625 0.8600260416666666 0.8515625 0.8763020833333334 0.859375 0.8997395833333334 0.85625 0.9283854166666666 0.8078125 0.9264322916666666 0.77109375 0.9290364583333334 0.7515625 0.9186197916666666 0.73046875 0.8938802083333334 0.7 0.8815104166666666 0.69140625 0.86328125 0.6921875 0.8470052083333334 0.7046875 0.80859375 0.72109375 0.8014322916666666 0.7203125
1 0.65625 0.7109375 0.6575520833333334 0.73359375 0.671875 0.74140625 0.7115885416666666 0.7421875 0.7233072916666666 0.72734375 0.7109375 0.690625 0.7063802083333334 0.6875 0.6686197916666666 0.6953125
1 0.22526041666666666 0.71328125 0.21940104166666666 0.73046875 0.21940104166666666 0.73984375 0.22395833333333334 0.74375 0.24088541666666666 0.74453125 0.271484375 0.72734375 0.2838541666666667 0.71015625 0.275390625 0.67265625 0.2721354166666667 0.6703125 0.2565104166666667 0.68125 0.24283854166666666 0.68515625
1 0.248046875 0.88828125 0.248046875 0.92734375 0.2578125 0.9421875 0.2669270833333333 0.9375 0.2805989583333333 0.9390625 0.2936197916666667 0.9359375 0.3053385416666667 0.9296875 0.3391927083333333 0.89140625 0.3430989583333333 0.8734375 0.3424479166666667 0.85078125 0.3326822916666667 0.8328125 0.3248697916666667 0.82734375 0.3203125 0.828125 0.3001302083333333 0.84375 0.259765625 0.86796875 0.2506510416666667 0.8796875
1 0.75390625 0.42265625 0.7506510416666666 0.453125 0.755859375 0.4671875 0.7630208333333334 0.4671875 0.7766927083333334 0.4609375 0.79296875 0.43984375 0.7897135416666666 0.4109375 0.7858072916666666 0.40703125 0.7571614583333334 0.41796875