1 0.1484375 0.21953125 0.14778645833333334 0.22734375 0.15755208333333334 0.25859375 0.173828125 0.28359375 0.19661458333333334 0.30703125 0.21614583333333334 0.32109375 0.23828125 0.33203125 0.2662760416666667 0.33671875 0.283203125 0.34375 0.2903645833333333 0.33984375 0.30078125 0.309375 0.3040364583333333 0.290625 0.3033854166666667 0.271875 0.2727864583333333 0.22890625 0.240234375 0.1953125 0.22265625 0.18515625 0.20572916666666666 0.1828125 0.17252604166666666 0.20390625 0.15755208333333334 0.20859375
1 0.3997395833333333 0.17890625 0.3997395833333333 0.190625 0.4036458333333333 0.20625 0.4140625 0.22265625 0.4407552083333333 0.23125 0.4505208333333333 0.23125 0.4915364583333333 0.2203125 0.49609375 0.21328125 0.501953125 0.190625 0.5052083333333334 0.16171875 0.5052083333333334 0.1046875 0.50390625 0.0984375 0.4915364583333333 0.07890625 0.4869791666666667 0.07421875 0.48046875 0.0734375 0.4733072916666667 0.07890625 0.4563802083333333 0.084375 0.4440104166666667 0.1015625 0.439453125 0.11796875
1 0.4993489583333333 0.26171875 0.5006510416666666 0.2828125 0.5325520833333334 0.31484375 0.5423177083333334 0.31328125 0.556640625 0.2875 0.55078125 0.26875 0.5319010416666666 0.24609375 0.515625 0.23203125 0.509765625 0.23359375
1 0.7662760416666666 0.3421875 0.7662760416666666 0.35859375 0.7734375 0.38125 0.7747395833333334 0.4046875 0.7897135416666666 0.44375 0.8033854166666666 0.453125 0.8170572916666666 0.45703125 0.8352864583333334 0.44921875 0.8385416666666666 0.44375 0.841796875 0.41953125 0.8411458333333334 0.37265625 0.8287760416666666 0.328125 0.8072916666666666 0.303125 0.7975260416666666 0.30078125 0.7779947916666666 0.321875
1 0.6705729166666666 0.14765625 0.671875 0.16171875 0.6985677083333334 0.21484375 0.7115885416666666 0.23203125 0.7330729166666666 0.22890625 0.7799479166666666 0.20625 0.7890625 0.2 0.7936197916666666 0.19296875 0.794921875 0.1734375 0.7884114583333334 0.15390625 0.76171875 0.1 0.7428385416666666 0.08125 0.7233072916666666 0.0796875 0.7135416666666666 0.0828125 0.6848958333333334 0.11953125
1 0.4778645833333333 0.4875 0.4759114583333333 0.48984375 0.4772135416666667 0.50078125 0.51171875 0.54765625 0.5208333333333334 0.5640625 0.54296875 0.5890625 0.5774739583333334 0.596875 0.5859375 0.59453125 0.59765625 0.58125 0.5983072916666666 0.57734375 0.58203125 0.540625 0.5345052083333334 0.465625 0.5221354166666666 0.4640625
1 0.423828125 0.365625 0.4251302083333333 0.38046875 0.4381510416666667 0.39453125 0.455078125 0.40546875 0.4700520833333333 0.40703125 0.4811197916666667 0.40078125 0.486328125 0.39375 0.494140625 0.3578125 0.4869791666666667 0.3375 0.4759114583333333 0.3203125 0.466796875 0.3125 0.4524739583333333 0.31015625 0.4459635416666667 0.315625 0.4348958333333333 0.334375
1 0.19596354166666666 0.4265625 0.19596354166666666 0.45625 0.201171875 0.4640625 0.236328125 0.4703125 0.24674479166666666 0.4703125 0.2545572916666667 0.46640625 0.2623697916666667 0.4546875 0.26953125 0.42578125 0.267578125 0.38203125 0.2623697916666667 0.36796875 0.2513020833333333 0.3625 0.23567708333333334 0.36875 0.23046875 0.36171875 0.22526041666666666 0.36015625 0.20247395833333334 0.37265625 0.19921875 0.3796875
1 0.3157552083333333 0.41484375 0.3151041666666667 0.43359375 0.3209635416666667 0.49140625 0.3326822916666667 0.4984375 0.3665364583333333 0.49140625 0.3763020833333333 0.46953125 0.3834635416666667 0.4296875 0.388671875 0.38046875 0.3854166666666667 0.35859375 0.376953125 0.35625 0.3411458333333333 0.37578125 0.3209635416666667 0.40234375
1 0.16471354166666666 0.578125 0.16341145833333334 0.5890625 0.17057291666666666 0.59921875 0.17252604166666666 0.61328125 0.16927083333333334 0.63515625 0.17838541666666666 0.65703125 0.17903645833333334 0.67109375 0.185546875 0.6859375 0.19466145833333334 0.68828125 0.21940104166666666 0.67890625 0.23177083333333334 0.6671875 0.23893229166666666 0.66484375 0.2740885416666667 0.62578125 0.2825520833333333 0.6078125 0.2845052083333333 0.59765625 0.2838541666666667 0.58671875 0.2786458333333333 0.57109375 0.2825520833333333 0.54296875 0.2662760416666667 0.521875 0.2552083333333333 0.51640625 0.228515625 0.51015625 0.19205729166666666 0.5265625 0.18098958333333334 0.5421875 0.17513020833333334 0.5609375
1 0.1015625 0.80703125 0.10091145833333333 0.8265625 0.11067708333333333 0.84453125 0.14388020833333334 0.88125 0.15104166666666666 0.88125 0.16080729166666666 0.86953125 0.171875 0.83984375 0.193359375 0.8171875 0.20182291666666666 0.79921875 0.20963541666666666 0.7640625 0.208984375 0.7234375 0.19986979166666666 0.7125 0.17513020833333334 0.69609375 0.15494791666666666 0.690625 0.13932291666666666 0.69375 0.12760416666666666 0.715625 0.12565104166666666 0.73828125
1 0.21809895833333334 0.8171875 0.21809895833333334 0.83125 0.2565104166666667 0.86796875 0.265625 0.8703125 0.2799479166666667 0.86015625 0.3072916666666667 0.81640625 0.3111979166666667 0.803125 0.322265625 0.7828125 0.322265625 0.77890625 0.314453125 0.77109375 0.302734375 0.7203125 0.2981770833333333 0.71796875 0.287109375 0.71953125 0.255859375 0.73671875 0.23697916666666666 0.7609375 0.232421875 0.7875
1 0.30859375 0.73046875 0.30859375 0.74140625 0.3287760416666667 0.7578125 0.4361979166666667 0.7921875 0.44140625 0.78828125 0.4622395833333333 0.7578125 0.4772135416666667 0.73125 0.4778645833333333 0.7234375 0.4700520833333333 0.71328125 0.4244791666666667 0.68671875 0.4010416666666667 0.6671875 0.388671875 0.6625 0.369140625 0.6609375
1 0.435546875 0.90546875 0.4283854166666667 0.9484375 0.431640625 0.96796875 0.4381510416666667 0.9828125 0.4498697916666667 0.98828125 0.4850260416666667 0.9875 0.509765625 0.95 0.515625 0.92109375 0.5162760416666666 0.9046875 0.5442708333333334 0.834375 0.5455729166666666 0.82109375 0.5423177083333334 0.81484375 0.5240885416666666 0.7921875 0.5182291666666666 0.7890625 0.4967447916666667 0.7859375 0.48828125 0.78984375 0.4459635416666667 0.875
1 0.576171875 0.8 0.5748697916666666 0.8140625 0.5787760416666666 0.8546875 0.583984375 0.8703125 0.6087239583333334 0.890625 0.6236979166666666 0.89375 0.6516927083333334 0.90546875 0.7024739583333334 0.9125 0.7213541666666666 0.89375 0.7395833333333334 0.8703125 0.7473958333333334 0.865625 0.7701822916666666 0.84140625 0.7688802083333334 0.83203125 0.7552083333333334 0.80078125 0.7428385416666666 0.7859375 0.7278645833333334 0.7765625 0.7044270833333334 0.7546875 0.6783854166666666 0.7421875 0.662109375 0.73828125 0.6484375 0.7359375 0.6197916666666666 0.7375 0.6048177083333334 0.74296875 0.59765625 0.75234375 0.5872395833333334 0.78046875
1 0.72265625 0.6421875 0.7213541666666666 0.653125 0.7330729166666666 0.6953125 0.740234375 0.70390625 0.7799479166666666 0.73359375 0.8196614583333334 0.7421875 0.8404947916666666 0.7625 0.8678385416666666 0.778125 0.873046875 0.778125 0.8990885416666666 0.740625 0.9010416666666666 0.71953125 0.8977864583333334 0.6828125 0.8880208333333334 0.65703125 0.8815104166666666 0.63046875 0.849609375 0.6015625 0.8313802083333334 0.590625 0.8203125 0.5875 0.779296875 0.59296875 0.7526041666666666 0.609375 0.7298177083333334 0.63125