1 0.09635416666666667 0.23046875 0.09440104166666667 0.23828125 0.10286458333333333 0.2640625 0.13151041666666666 0.284375 0.150390625 0.29375 0.154296875 0.29140625 0.166015625 0.2484375 0.16276041666666666 0.23984375 0.119140625 0.22265625
1 0.22330729166666666 0.265625 0.22265625 0.284375 0.22591145833333334 0.31484375 0.23046875 0.328125 0.2265625 0.35078125 0.23046875 0.37109375 0.23697916666666666 0.3796875 0.25390625 0.39140625 0.2825520833333333 0.4 0.2890625 0.3984375 0.2981770833333333 0.38515625 0.318359375 0.371875 0.337890625 0.35234375 0.3756510416666667 0.31015625 0.380859375 0.29296875 0.3658854166666667 0.2609375 0.3411458333333333 0.22734375 0.3294270833333333 0.22109375 0.291015625 0.18359375 0.2708333333333333 0.16640625 0.2623697916666667 0.1625 0.2545572916666667 0.165625 0.25 0.17578125 0.24869791666666666 0.18515625 0.23567708333333334 0.21640625 0.234375 0.228125 0.22916666666666666 0.2375
1 0.3938802083333333 0.1515625 0.3938802083333333 0.16796875 0.400390625 0.18203125 0.4075520833333333 0.1921875 0.4147135416666667 0.1921875 0.4420572916666667 0.17421875 0.4563802083333333 0.15546875 0.4596354166666667 0.14375 0.4596354166666667 0.11796875 0.4427083333333333 0.10078125 0.4231770833333333 0.0890625 0.4186197916666667 0.0890625 0.4029947916666667 0.11953125
1 0.42578125 0.26875 0.42578125 0.27890625 0.4381510416666667 0.3265625 0.4348958333333333 0.334375 0.4420572916666667 0.34140625 0.4635416666666667 0.3234375 0.4765625 0.2984375 0.4921875 0.2921875 0.484375 0.25859375 0.4772135416666667 0.2453125 0.4733072916666667 0.24453125 0.4680989583333333 0.23671875 0.45703125 0.240625 0.4427083333333333 0.25078125
1 0.5546875 0.0640625 0.54296875 0.11640625 0.5540364583333334 0.125 0.5755208333333334 0.13515625 0.6080729166666666 0.146875 0.619140625 0.1453125 0.6295572916666666 0.12578125 0.6302083333333334 0.10546875 0.623046875 0.084375 0.6009114583333334 0.05390625 0.5846354166666666 0.0375 0.564453125 0.034375
1 0.7122395833333334 0.1671875 0.7109375 0.19921875 0.7135416666666666 0.2234375 0.73828125 0.23515625 0.7766927083333334 0.23671875 0.7942708333333334 0.23125 0.8170572916666666 0.2125 0.81640625 0.19609375 0.8359375 0.178125 0.8424479166666666 0.153125 0.83203125 0.13125 0.8248697916666666 0.096875 0.8138020833333334 0.08046875 0.7994791666666666 0.0765625 0.7415364583333334 0.075 0.7233072916666666 0.103125
1 0.7662760416666666 0.35859375 0.7669270833333334 0.3859375 0.7630208333333334 0.40390625 0.7630208333333334 0.4171875 0.7643229166666666 0.421875 0.76953125 0.42578125 0.8385416666666666 0.44609375 0.8704427083333334 0.44921875 0.8815104166666666 0.4390625 0.8938802083333334 0.41796875 0.89453125 0.403125 0.890625 0.3703125 0.873046875 0.32265625 0.859375 0.30234375 0.8326822916666666 0.28671875 0.8177083333333334 0.2875 0.7884114583333334 0.30546875 0.7766927083333334 0.3234375
1 0.6861979166666666 0.49765625 0.6848958333333334 0.509375 0.6979166666666666 0.55 0.6946614583333334 0.58515625 0.7076822916666666 0.609375 0.7291666666666666 0.61640625 0.7923177083333334 0.621875 0.8111979166666666 0.621875 0.82421875 0.61328125 0.8268229166666666 0.60546875 0.8274739583333334 0.5765625 0.8138020833333334 0.53828125 0.7779947916666666 0.490625 0.7421875 0.45234375 0.7330729166666666 0.45 0.7200520833333334 0.4578125
1 0.80859375 0.66015625 0.8059895833333334 0.678125 0.8079427083333334 0.69609375 0.8274739583333334 0.7140625 0.8411458333333334 0.72265625 0.845703125 0.721875 0.8997395833333334 0.68203125 0.91796875 0.65859375 0.9166666666666666 0.6515625 0.908203125 0.6453125 0.90625 0.63828125 0.921875 0.61015625 0.9264322916666666 0.59609375 0.8802083333333334 0.5640625 0.8639322916666666 0.5671875 0.8411458333333334 0.59140625 0.82421875 0.6328125
1 0.5872395833333334 0.43046875 0.5859375 0.45078125 0.587890625 0.46640625 0.591796875 0.47421875 0.6022135416666666 0.48125 0.6158854166666666 0.48671875 0.6282552083333334 0.4875 0.650390625 0.47734375 0.658203125 0.46875 0.658203125 0.45234375 0.6549479166666666 0.4421875 0.6438802083333334 0.4234375 0.623046875 0.4046875 0.61328125 0.40234375 0.6015625 0.4046875 0.58984375 0.41796875
1 0.4270833333333333 0.584375 0.427734375 0.59453125 0.4368489583333333 0.59765625 0.5501302083333334 0.58828125 0.552734375 0.584375 0.5501302083333334 0.56015625 0.5462239583333334 0.55 0.5397135416666666 0.54296875 0.51953125 0.5359375 0.4973958333333333 0.521875 0.4869791666666667 0.5203125 0.4694010416666667 0.521875 0.4583333333333333 0.52890625
1 0.5846354166666666 0.3234375 0.583984375 0.33125 0.5872395833333334 0.34140625 0.6197916666666666 0.38359375 0.6197916666666666 0.38671875 0.626953125 0.3921875 0.66796875 0.38671875 0.6751302083333334 0.38203125 0.6783854166666666 0.375 0.685546875 0.3359375 0.685546875 0.31875 0.6822916666666666 0.31015625 0.6692708333333334 0.30625 0.6673177083333334 0.303125 0.6106770833333334 0.303125 0.5891927083333334 0.309375
1 0.4322916666666667 0.42109375 0.4251302083333333 0.46328125 0.4264322916666667 0.4703125 0.4388020833333333 0.47578125 0.4739583333333333 0.47890625 0.4876302083333333 0.484375 0.5006510416666666 0.48359375 0.5084635416666666 0.47265625 0.51171875 0.46015625 0.521484375 0.38046875 0.51953125 0.3765625 0.4811197916666667 0.3515625 0.4596354166666667 0.3515625 0.44921875 0.365625 0.4440104166666667 0.396875 0.435546875 0.40625
1 0.07096354166666667 0.45625 0.07096354166666667 0.46953125 0.08072916666666667 0.490625 0.09114583333333333 0.4984375 0.095703125 0.50625 0.107421875 0.5390625 0.10872395833333333 0.55546875 0.11393229166666667 0.5734375 0.12174479166666667 0.5828125 0.17057291666666666 0.575 0.203125 0.55625 0.220703125 0.53203125 0.23567708333333334 0.4953125 0.23567708333333334 0.47890625 0.23111979166666666 0.46640625 0.205078125 0.43828125 0.19075520833333334 0.43046875 0.15299479166666666 0.43046875 0.09700520833333333 0.41328125 0.0859375 0.42578125
1 0.2994791666666667 0.69765625 0.298828125 0.70703125 0.3059895833333333 0.74140625 0.30859375 0.7484375 0.3157552083333333 0.75078125 0.3522135416666667 0.73203125 0.3736979166666667 0.7078125 0.3860677083333333 0.69921875 0.4049479166666667 0.67109375 0.4055989583333333 0.65703125 0.4016927083333333 0.646875 0.3873697916666667 0.63359375 0.3541666666666667 0.63671875 0.341796875 0.64375 0.3274739583333333 0.66171875 0.3098958333333333 0.67109375
1 0.14778645833333334 0.8484375 0.150390625 0.86796875 0.162109375 0.890625 0.16927083333333334 0.9140625 0.1953125 0.95546875 0.21744791666666666 0.96171875 0.23307291666666666 0.96171875 0.24088541666666666 0.95625 0.26171875 0.92734375 0.279296875 0.88359375 0.2779947916666667 0.79765625 0.2643229166666667 0.76484375 0.2591145833333333 0.7609375 0.2506510416666667 0.76015625 0.22330729166666666 0.79453125 0.19856770833333334 0.79296875 0.15364583333333334 0.83828125
1 0.4029947916666667 0.86875 0.4029947916666667 0.89453125 0.421875 0.90390625 0.4407552083333333 0.90859375 0.4459635416666667 0.92109375 0.4583333333333333 0.93515625 0.4635416666666667 0.9359375 0.4772135416666667 0.93046875 0.4947916666666667 0.91328125 0.494140625 0.88046875 0.484375 0.8609375 0.44921875 0.80703125 0.4368489583333333 0.80703125 0.4173177083333333 0.82421875 0.4075520833333333 0.84453125
1 0.4850260416666667 0.71328125 0.4869791666666667 0.7379687500000001 0.4837239583333333 0.76328125 0.4869791666666667 0.7796875 0.509765625 0.80703125 0.52734375 0.8125 0.5397135416666666 0.81015625 0.55078125 0.7765625 0.5501302083333334 0.759375 0.5397135416666666 0.73515625 0.5266927083333334 0.7234375 0.5104166666666666 0.7203125 0.4908854166666667 0.709375 0.4869791666666667 0.709375
1 0.587890625 0.8953125 0.5859375 0.9171875 0.59375 0.93203125 0.6295572916666666 0.9609375 0.6588541666666666 0.965625 0.69921875 0.98828125 0.7408854166666666 0.98828125 0.75 0.98359375 0.7513020833333334 0.97109375 0.7395833333333334 0.89765625 0.73046875 0.8796875 0.7194010416666666 0.87109375 0.7063802083333334 0.8671875 0.6751302083333334 0.8765625 0.6497395833333334 0.86484375 0.6184895833333334 0.8625 0.5983072916666666 0.87734375
1 0.869140625 0.81171875 0.8697916666666666 0.83125 0.873046875 0.84140625 0.9075520833333334 0.86796875 0.9192708333333334 0.86015625 0.9329427083333334 0.83828125 0.9309895833333334 0.83125 0.8899739583333334 0.7984375 0.8828125 0.796875 0.875 0.8