0 0.13736979166666666 0.2453125 0.13671875 0.25859375 0.13997395833333334 0.27890625 0.14388020833333334 0.2921875 0.150390625 0.29921875 0.18489583333333334 0.296875 0.201171875 0.2875 0.20247395833333334 0.27578125 0.1953125 0.24375 0.16341145833333334 0.23984375 0.14322916666666666 0.24140625
0 0.2942708333333333 0.33125 0.2942708333333333 0.34375 0.3014322916666667 0.35859375 0.3138020833333333 0.36953125 0.326171875 0.371875 0.3352864583333333 0.36875 0.34375 0.36015625 0.3522135416666667 0.3359375 0.3515625 0.33046875 0.3365885416666667 0.31015625 0.3287760416666667 0.30625 0.310546875 0.3078125
0 0.3834635416666667 0.17890625 0.3815104166666667 0.19609375 0.3841145833333333 0.225 0.3958333333333333 0.24765625 0.4127604166666667 0.2578125 0.4290364583333333 0.25703125 0.4361979166666667 0.253125 0.4401041666666667 0.2484375 0.443359375 0.23515625 0.443359375 0.18671875 0.4401041666666667 0.17109375 0.4244791666666667 0.159375 0.4075520833333333 0.1546875
0 0.333984375 0.0328125 0.3333333333333333 0.065625 0.3372395833333333 0.0890625 0.34765625 0.1125 0.3522135416666667 0.11640625 0.359375 0.1171875 0.3736979166666667 0.10390625 0.380859375 0.0859375 0.38671875 0.05 0.3854166666666667 0.03125 0.3736979166666667 0.01640625 0.3587239583333333 0.0125 0.3450520833333333 0.01953125
0 0.458984375 0.03359375 0.4583333333333333 0.05 0.462890625 0.0890625 0.4661458333333333 0.09609375 0.4713541666666667 0.09609375 0.4895833333333333 0.08046875 0.4915364583333333 0.075 0.4908854166666667 0.04921875 0.4850260416666667 0.0296875 0.48046875 0.025 0.4661458333333333 0.025 0.4615885416666667 0.02734375
0 0.5807291666666666 0.13125 0.5807291666666666 0.14296875 0.5944010416666666 0.15625 0.603515625 0.1609375 0.6165364583333334 0.15859375 0.6334635416666666 0.14453125 0.640625 0.12890625 0.646484375 0.10703125 0.6451822916666666 0.0890625 0.630859375 0.07890625 0.6139322916666666 0.07734375 0.60546875 0.0796875 0.5950520833333334 0.09453125
0 0.6822916666666666 0.1765625 0.6829427083333334 0.1921875 0.685546875 0.19609375 0.701171875 0.20390625 0.7063802083333334 0.21640625 0.712890625 0.22421875 0.75390625 0.25546875 0.76171875 0.2578125 0.7708333333333334 0.25546875 0.783203125 0.24140625 0.802734375 0.23828125 0.8092447916666666 0.23046875 0.8072916666666666 0.21328125 0.7962239583333334 0.19140625 0.771484375 0.17265625 0.76171875 0.1703125 0.751953125 0.1625 0.7272135416666666 0.1546875 0.705078125 0.1546875 0.6888020833333334 0.16484375
0 0.80078125 0.06171875 0.8001302083333334 0.0671875 0.8111979166666666 0.09609375 0.8216145833333334 0.109375 0.8307291666666666 0.11328125 0.859375 0.1125 0.8776041666666666 0.10546875 0.890625 0.0890625 0.9010416666666666 0.06484375 0.8938802083333334 0.05078125 0.8678385416666666 0.0359375 0.8450520833333334 0.0296875 0.8287760416666666 0.0328125
0 0.8229166666666666 0.36171875 0.822265625 0.3703125 0.8248697916666666 0.3734375 0.8444010416666666 0.38984375 0.85546875 0.3953125 0.8776041666666666 0.40078125 0.8938802083333334 0.396875 0.8990885416666666 0.38984375 0.9010416666666666 0.371875 0.8990885416666666 0.3625 0.8821614583333334 0.340625 0.8697916666666666 0.334375 0.8561197916666666 0.3296875 0.8444010416666666 0.3296875 0.8268229166666666 0.35078125
0 0.8001302083333334 0.059375 0.8001302083333334 0.0671875 0.8131510416666666 0.1 0.82421875 0.1109375 0.837890625 0.1140625 0.8671875 0.11015625 0.87890625 0.1046875 0.8912760416666666 0.0890625 0.9016927083333334 0.0640625 0.8932291666666666 0.05 0.8678385416666666 0.0359375 0.8430989583333334 0.02890625 0.828125 0.03203125 0.8190104166666666 0.04453125
0 0.8326822916666666 0.23828125 0.8346354166666666 0.25234375 0.84375 0.27734375 0.8483072916666666 0.3046875 0.8515625 0.309375 0.8587239583333334 0.3125 0.8626302083333334 0.3109375 0.880859375 0.30078125 0.88671875 0.29453125 0.9010416666666666 0.26171875 0.9010416666666666 0.2484375 0.8880208333333334 0.225 0.869140625 0.22265625 0.849609375 0.22578125 0.837890625 0.23125
0 0.7506510416666666 0.5609375 0.7493489583333334 0.57421875 0.7532552083333334 0.58125 0.7604166666666666 0.58515625 0.783203125 0.57890625 0.8033854166666666 0.56328125 0.8072916666666666 0.5484375 0.806640625 0.53984375 0.7942708333333334 0.51171875 0.7903645833333334 0.5078125 0.7819010416666666 0.5078125 0.76171875 0.525
0 0.8255208333333334 0.50078125 0.8255208333333334 0.5140625 0.8294270833333334 0.525 0.8404947916666666 0.54375 0.8561197916666666 0.55859375 0.8658854166666666 0.5578125 0.880859375 0.54765625 0.890625 0.5359375 0.89453125 0.52421875 0.8958333333333334 0.50703125 0.8932291666666666 0.49609375 0.88671875 0.4796875 0.8802083333333334 0.47421875 0.8619791666666666 0.4703125 0.84765625 0.475 0.8346354166666666 0.484375
0 0.716796875 0.6921875 0.7161458333333334 0.70625 0.7298177083333334 0.71953125 0.7421875 0.7390625 0.7526041666666666 0.746875 0.7610677083333334 0.74921875 0.79296875 0.7484375 0.7981770833333334 0.74453125 0.8040364583333334 0.73359375 0.8033854166666666 0.7171875 0.7981770833333334 0.7015625 0.783203125 0.675 0.7766927083333334 0.66953125 0.7389322916666666 0.66484375 0.724609375 0.675
0 0.5436197916666666 0.646875 0.54296875 0.6734375 0.5462239583333334 0.6890625 0.5514322916666666 0.69453125 0.556640625 0.7109375 0.5657552083333334 0.7109375 0.5872395833333334 0.7 0.599609375 0.68203125 0.6158854166666666 0.67578125 0.6236979166666666 0.66953125 0.6399739583333334 0.64453125 0.6438802083333334 0.62890625 0.638671875 0.6171875 0.609375 0.5828125 0.6015625 0.5796875 0.5891927083333334 0.5875 0.5716145833333334 0.60703125 0.556640625 0.625
0 0.66796875 0.4421875 0.6653645833333334 0.4515625 0.6666666666666666 0.46015625 0.6783854166666666 0.4859375 0.69921875 0.51640625 0.7194010416666666 0.53671875 0.732421875 0.53515625 0.7408854166666666 0.53046875 0.767578125 0.48671875 0.7682291666666666 0.48046875 0.7630208333333334 0.46875 0.744140625 0.43671875 0.7272135416666666 0.41796875 0.7141927083333334 0.4109375 0.69921875 0.39765625 0.6888020833333334 0.39765625 0.6822916666666666 0.40390625
0 0.6608072916666666 0.36875 0.6608072916666666 0.38671875 0.66796875 0.4015625 0.6796875 0.40234375 0.689453125 0.3953125 0.712890625 0.390625 0.73046875 0.3734375 0.728515625 0.36015625 0.7337239583333334 0.328125 0.7213541666666666 0.32109375 0.70703125 0.321875 0.697265625 0.33046875 0.6927083333333334 0.340625 0.669921875 0.35234375
0 0.4954427083333333 0.47109375 0.4954427083333333 0.49140625 0.5052083333333334 0.51171875 0.5462239583333334 0.5296875 0.5540364583333334 0.525 0.5592447916666666 0.509375 0.560546875 0.4890625 0.5598958333333334 0.4734375 0.5559895833333334 0.46796875 0.5143229166666666 0.44453125 0.5110677083333334 0.4453125 0.5 0.459375
0 0.5045572916666666 0.34609375 0.50390625 0.37578125 0.5078125 0.38125 0.515625 0.384375 0.5247395833333334 0.38359375 0.5345052083333334 0.37734375 0.5403645833333334 0.3609375 0.5436197916666666 0.325 0.5436197916666666 0.30078125 0.5397135416666666 0.2859375 0.5319010416666666 0.28828125 0.5104166666666666 0.30625
0 0.3372395833333333 0.46484375 0.3359375 0.4765625 0.3450520833333333 0.4890625 0.3658854166666667 0.5046875 0.373046875 0.50625 0.3951822916666667 0.4703125 0.3958333333333333 0.46171875 0.3899739583333333 0.45078125 0.3580729166666667 0.43125 0.353515625 0.43515625 0.34765625 0.45 0.33984375 0.45703125
0 0.3001302083333333 0.69921875 0.2955729166666667 0.7203125 0.296875 0.76171875 0.3033854166666667 0.77109375 0.3209635416666667 0.76875 0.3313802083333333 0.76171875 0.3522135416666667 0.734375 0.35546875 0.6890625 0.3489583333333333 0.6828125 0.3287760416666667 0.67890625 0.31640625 0.684375 0.3072916666666667 0.68359375
0 0.23307291666666666 0.55703125 0.23307291666666666 0.578125 0.240234375 0.59140625 0.24739583333333334 0.596875 0.2571614583333333 0.59765625 0.26953125 0.59375 0.2819010416666667 0.575 0.2805989583333333 0.5546875 0.2760416666666667 0.54453125 0.24153645833333334 0.54921875
0 0.15690104166666666 0.55625 0.15755208333333334 0.5703125 0.17447916666666666 0.56875 0.18684895833333334 0.56171875 0.19466145833333334 0.546875 0.197265625 0.5359375 0.19596354166666666 0.51796875 0.19270833333333334 0.51171875 0.17513020833333334 0.4953125 0.16927083333333334 0.49609375 0.166015625 0.52109375
1 0.12044270833333333 0.83671875 0.11979166666666667 0.8484375 0.12565104166666666 0.85625 0.13151041666666666 0.871875 0.140625 0.88046875 0.15364583333333334 0.8828125 0.16080729166666666 0.88046875 0.18359375 0.8625 0.19140625 0.85234375 0.19921875 0.834375 0.18489583333333334 0.7953125 0.17903645833333334 0.79375 0.14908854166666666 0.80625 0.140625 0.803125 0.13671875 0.80546875 0.126953125 0.8171875