0 0.08658854166666667 0.2171875 0.08072916666666667 0.23125 0.08072916666666667 0.24140625 0.08723958333333333 0.25859375 0.09375 0.265625 0.11263020833333333 0.26953125 0.126953125 0.26484375 0.13671875 0.265625 0.14192708333333334 0.259375 0.1484375 0.234375 0.14518229166666666 0.2265625 0.13020833333333334 0.209375 0.09895833333333333 0.209375 0.09114583333333333 0.21171875
0 0.091796875 0.43515625 0.087890625 0.4453125 0.091796875 0.4640625 0.099609375 0.4734375 0.115234375 0.48046875 0.154296875 0.47109375 0.16796875 0.46015625 0.171875 0.45234375 0.16666666666666666 0.41875 0.162109375 0.4140625 0.15234375 0.4109375 0.123046875 0.4109375 0.107421875 0.41796875
0 0.09895833333333333 0.30390625 0.09830729166666667 0.3171875 0.1015625 0.33046875 0.10611979166666667 0.33828125 0.11458333333333333 0.34453125 0.134765625 0.34609375 0.16796875 0.34296875 0.17708333333333334 0.3390625 0.1796875 0.334375 0.17903645833333334 0.31953125 0.16145833333333334 0.28359375 0.15755208333333334 0.27734375 0.1484375 0.271875 0.13216145833333334 0.26953125 0.12044270833333333 0.27265625 0.103515625 0.29375
0 0.12174479166666667 0.52890625 0.12174479166666667 0.54921875 0.12890625 0.5640625 0.14322916666666666 0.571875 0.15690104166666666 0.56875 0.16927083333333334 0.5546875 0.17643229166666666 0.53515625 0.17838541666666666 0.490625 0.14778645833333334 0.48359375 0.13802083333333334 0.48671875 0.1328125 0.49453125
0 0.234375 0.328125 0.23372395833333334 0.3421875 0.23763020833333334 0.36640625 0.24544270833333334 0.37890625 0.2662760416666667 0.39140625 0.2760416666666667 0.390625 0.2858072916666667 0.384375 0.296875 0.36171875 0.3033854166666667 0.33515625 0.2994791666666667 0.31796875 0.2897135416666667 0.30078125 0.275390625 0.29921875 0.2578125 0.303125 0.24479166666666666 0.3109375
0 0.34765625 0.20546875 0.3489583333333333 0.221875 0.3671875 0.2578125 0.3743489583333333 0.2859375 0.37890625 0.29140625 0.396484375 0.29453125 0.4205729166666667 0.28984375 0.43359375 0.28125 0.4420572916666667 0.26875 0.4459635416666667 0.23359375 0.4401041666666667 0.215625 0.4290364583333333 0.203125 0.419921875 0.1984375 0.359375 0.1890625 0.3522135416666667 0.19296875
0 0.3684895833333333 0.359375 0.3658854166666667 0.365625 0.369140625 0.378125 0.3841145833333333 0.4109375 0.3919270833333333 0.41484375 0.40234375 0.41484375 0.4134114583333333 0.41171875 0.4205729166666667 0.40546875 0.4244791666666667 0.3953125 0.4244791666666667 0.3828125 0.4153645833333333 0.35546875 0.408203125 0.34296875 0.3990885416666667 0.34140625
0 0.4713541666666667 0.18203125 0.4720052083333333 0.19921875 0.4759114583333333 0.21484375 0.4908854166666667 0.2375 0.5390625 0.27265625 0.546875 0.27265625 0.5514322916666666 0.26875 0.5540364583333334 0.2578125 0.5501302083333334 0.23359375 0.53515625 0.21171875 0.541015625 0.19921875 0.541015625 0.190625 0.5260416666666666 0.1765625 0.5182291666666666 0.1609375 0.4954427083333333 0.15078125 0.484375 0.1515625 0.4765625 0.1609375
0 0.52734375 0.31171875 0.5247395833333334 0.36328125 0.5377604166666666 0.3796875 0.5572916666666666 0.39453125 0.59375 0.41640625 0.6048177083333334 0.41328125 0.6197916666666666 0.38515625 0.6276041666666666 0.35234375 0.6256510416666666 0.34453125 0.5930989583333334 0.3171875 0.5709635416666666 0.30625 0.53515625 0.296875 0.5299479166666666 0.30078125
0 0.5260416666666666 0.4296875 0.5260416666666666 0.44609375 0.5319010416666666 0.4609375 0.5416666666666666 0.4734375 0.58203125 0.50859375 0.5930989583333334 0.521875 0.603515625 0.52890625 0.6145833333333334 0.5296875 0.6256510416666666 0.51875 0.638671875 0.49140625 0.6432291666666666 0.4734375 0.642578125 0.46796875 0.6295572916666666 0.45390625 0.6100260416666666 0.44375 0.5885416666666666 0.425 0.5455729166666666 0.4015625 0.5384114583333334 0.40234375 0.5345052083333334 0.40625
0 0.3971354166666667 0.48046875 0.3951822916666667 0.49453125 0.400390625 0.5125 0.4055989583333333 0.51640625 0.4140625 0.51640625 0.4225260416666667 0.51171875 0.4407552083333333 0.49765625 0.443359375 0.47421875 0.4407552083333333 0.45234375 0.435546875 0.44609375 0.4264322916666667 0.4484375 0.4114583333333333 0.4609375
0 0.21809895833333334 0.5640625 0.212890625 0.5703125 0.212890625 0.5796875 0.22330729166666666 0.603125 0.23567708333333334 0.61015625 0.2506510416666667 0.60859375 0.2552083333333333 0.6046875 0.26171875 0.590625 0.259765625 0.58046875 0.2513020833333333 0.56484375 0.24479166666666666 0.559375 0.23893229166666666 0.55859375
0 0.564453125 0.678125 0.56640625 0.67890625 0.5631510416666666 0.69296875 0.5670572916666666 0.70078125 0.5638020833333334 0.70703125 0.5696614583333334 0.71328125 0.56640625 0.71640625 0.5865885416666666 0.7234375 0.603515625 0.7234375 0.6087239583333334 0.7203125 0.6126302083333334 0.71328125 0.615234375 0.696875 0.6126302083333334 0.67890625 0.5989583333333334 0.6640625 0.5813802083333334 0.6609375 0.572265625 0.6640625 0.5677083333333334 0.66796875
0 0.3001302083333333 0.62265625 0.2994791666666667 0.634375 0.294921875 0.6453125 0.2962239583333333 0.6546875 0.328125 0.68046875 0.3372395833333333 0.67890625 0.345703125 0.665625 0.3548177083333333 0.63984375 0.3528645833333333 0.62734375 0.3359375 0.61328125 0.3229166666666667 0.60859375 0.3072916666666667 0.61015625
0 0.265625 0.4984375 0.265625 0.5328125 0.2701822916666667 0.53984375 0.2858072916666667 0.53984375 0.310546875 0.52578125 0.330078125 0.5046875 0.341796875 0.484375 0.34375 0.46875 0.3404947916666667 0.44921875 0.3346354166666667 0.44140625 0.328125 0.44140625 0.29296875 0.4625 0.2721354166666667 0.49296875
0 0.408203125 0.584375 0.4075520833333333 0.59296875 0.4108072916666667 0.60546875 0.4166666666666667 0.61640625 0.4244791666666667 0.6234375 0.431640625 0.62578125 0.439453125 0.62421875 0.44921875 0.60703125 0.4563802083333333 0.61875 0.4602864583333333 0.63359375 0.46484375 0.63671875 0.4889322916666667 0.6375 0.4967447916666667 0.6328125 0.501953125 0.6234375 0.5052083333333334 0.60390625 0.5013020833333334 0.59765625 0.486328125 0.590625 0.4694010416666667 0.58828125 0.4609375 0.58125 0.4674479166666667 0.55078125 0.466796875 0.54609375 0.4596354166666667 0.53828125 0.44921875 0.5375 0.4420572916666667 0.5421875 0.41796875 0.56796875
0 0.7962239583333334 0.61875 0.7955729166666666 0.63203125 0.8014322916666666 0.64453125 0.8020833333333334 0.65390625 0.8079427083333334 0.66328125 0.8352864583333334 0.66484375 0.8470052083333334 0.6625 0.85546875 0.6578125 0.8639322916666666 0.64765625 0.865234375 0.6328125 0.859375 0.61171875 0.8509114583333334 0.60078125 0.837890625 0.59140625 0.828125 0.58828125 0.8170572916666666 0.59140625 0.8020833333333334 0.60546875
0 0.59765625 0.7828125 0.5970052083333334 0.796875 0.6022135416666666 0.80703125 0.6139322916666666 0.81171875 0.619140625 0.8171875 0.6438802083333334 0.815625 0.654296875 0.796875 0.6686197916666666 0.75625 0.6705729166666666 0.74453125 0.66796875 0.73359375 0.662109375 0.72578125 0.6471354166666666 0.7203125 0.6276041666666666 0.71953125 0.623046875 0.721875 0.6158854166666666 0.73046875
0 0.7337239583333334 0.71796875 0.7154947916666666 0.75234375 0.7154947916666666 0.7578125 0.724609375 0.77109375 0.7467447916666666 0.79375 0.76171875 0.8 0.8079427083333334 0.8 0.8287760416666666 0.7765625 0.8450520833333334 0.73828125 0.841796875 0.7296875 0.8359375 0.72421875 0.8118489583333334 0.715625 0.76171875 0.7140625 0.744140625 0.70703125
0 0.6907552083333334 0.54765625 0.689453125 0.56171875 0.6946614583333334 0.5921875 0.69921875 0.6 0.7115885416666666 0.60390625 0.7265625 0.6 0.7369791666666666 0.590625 0.7513020833333334 0.57421875 0.7584635416666666 0.55703125 0.7578125 0.55 0.7526041666666666 0.54375 0.7291666666666666 0.5359375 0.7005208333333334 0.53828125
0 0.787109375 0.39375 0.7864583333333334 0.40078125 0.7890625 0.40546875 0.810546875 0.41640625 0.82421875 0.4140625 0.853515625 0.3734375 0.859375 0.35390625 0.857421875 0.34453125 0.83984375 0.3328125 0.830078125 0.33203125 0.7994791666666666 0.36796875 0.7897135416666666 0.384375
0 0.58203125 0.0421875 0.5813802083333334 0.05078125 0.5865885416666666 0.07421875 0.591796875 0.08515625 0.5989583333333334 0.090625 0.6100260416666666 0.09140625 0.6373697916666666 0.08515625 0.654296875 0.0625 0.65234375 0.01796875 0.6471354166666666 0.0109375 0.634765625 0.01015625 0.5983072916666666 0.01640625 0.5846354166666666 0.03359375
0 0.6809895833333334 0.096875 0.681640625 0.12109375 0.6959635416666666 0.1390625 0.7005208333333334 0.13984375 0.7096354166666666 0.13515625 0.72265625 0.11484375 0.7239583333333334 0.10859375 0.7200520833333334 0.0921875 0.7037760416666666 0.0734375 0.689453125 0.07265625
0 0.7903645833333334 0.084375 0.7903645833333334 0.11796875 0.7994791666666666 0.13203125 0.814453125 0.1453125 0.8294270833333334 0.1546875 0.84375 0.159375 0.8515625 0.1578125 0.86328125 0.1453125 0.869140625 0.13203125 0.8704427083333334 0.1109375 0.875 0.09296875 0.8736979166666666 0.07734375 0.8658854166666666 0.06640625 0.849609375 0.0578125 0.8203125 0.05390625 0.8001302083333334 0.06640625
0 0.4153645833333333 0.7640625 0.4147135416666667 0.8078125 0.41796875 0.81640625 0.439453125 0.81796875 0.4453125 0.81015625 0.4505208333333333 0.7953125 0.474609375 0.76875 0.4778645833333333 0.75703125 0.4765625 0.74453125 0.466796875 0.72734375 0.4576822916666667 0.72734375 0.4401041666666667 0.73984375 0.427734375 0.74375
0 0.50390625 0.8515625 0.5045572916666666 0.88359375 0.51171875 0.89765625 0.5266927083333334 0.909375 0.546875 0.8828125 0.5598958333333334 0.85703125 0.5625 0.8484375 0.5618489583333334 0.83203125 0.5540364583333334 0.8125 0.5481770833333334 0.8078125 0.5423177083333334 0.80859375 0.5208333333333334 0.82265625 0.51171875 0.834375
0 0.20963541666666666 0.82421875 0.21158854166666666 0.828125 0.2109375 0.84296875 0.20572916666666666 0.85546875 0.203125 0.8765625 0.22395833333333334 0.8828125 0.23502604166666666 0.87421875 0.24153645833333334 0.853125 0.244140625 0.8265625 0.23697916666666666 0.8140625 0.224609375 0.8046875 0.21809895833333334 0.80625
0 0.7083333333333334 0.9 0.70703125 0.9109375 0.7180989583333334 0.9234375 0.7161458333333334 0.93046875 0.7174479166666666 0.95078125 0.7278645833333334 0.9609375 0.73828125 0.9625 0.7473958333333334 0.96171875 0.767578125 0.94921875 0.779296875 0.93828125 0.783203125 0.93203125 0.7897135416666666 0.9078125 0.783203125 0.88984375 0.7727864583333334 0.88203125 0.76953125 0.86640625 0.759765625 0.86015625 0.7311197916666666 0.875
0 0.810546875 0.26171875 0.810546875 0.2671875 0.841796875 0.3 0.853515625 0.30078125 0.869140625 0.29296875 0.8802083333333334 0.2796875 0.8815104166666666 0.25390625 0.8763020833333334 0.22109375 0.8697916666666666 0.2140625 0.8626302083333334 0.2171875 0.8522135416666666 0.22890625