0 0.208984375 0.265625 0.20703125 0.28125 0.21354166666666666 0.29296875 0.23502604166666666 0.30703125 0.2565104166666667 0.31015625 0.2662760416666667 0.30703125 0.2760416666666667 0.2953125 0.2903645833333333 0.25625 0.287109375 0.2484375 0.2688802083333333 0.23046875 0.25 0.225 0.22591145833333334 0.22578125 0.22005208333333334 0.23203125
0 0.083984375 0.26875 0.08268229166666667 0.28125 0.08463541666666667 0.2890625 0.09049479166666667 0.296875 0.115234375 0.3140625 0.12825520833333334 0.3171875 0.14322916666666666 0.31328125 0.16276041666666666 0.2921875 0.177734375 0.28046875 0.18359375 0.26953125 0.18424479166666666 0.2578125 0.17838541666666666 0.23046875 0.15950520833333334 0.19453125 0.13997395833333334 0.17734375 0.12955729166666666 0.17734375 0.111328125 0.1890625 0.10091145833333333 0.20078125 0.09440104166666667 0.23046875 0.09309895833333333 0.2515625
0 0.18359375 0.0671875 0.185546875 0.084375 0.20247395833333334 0.125 0.20963541666666666 0.134375 0.22005208333333334 0.13984375 0.23763020833333334 0.13046875 0.24153645833333334 0.12109375 0.24088541666666666 0.10859375 0.224609375 0.0859375 0.21484375 0.0796875 0.19661458333333334 0.0609375 0.18880208333333334 0.0625
0 0.2727864583333333 0.16171875 0.2721354166666667 0.1703125 0.275390625 0.18203125 0.2923177083333333 0.22734375 0.2994791666666667 0.2359375 0.306640625 0.234375 0.322265625 0.2171875 0.3248697916666667 0.21015625 0.3255208333333333 0.1953125 0.3177083333333333 0.16875 0.3111979166666667 0.16015625 0.3046875 0.15703125 0.2786458333333333 0.15625
0 0.3059895833333333 0.08125 0.3072916666666667 0.10234375 0.3131510416666667 0.1109375 0.3411458333333333 0.103125 0.3470052083333333 0.09921875 0.3509114583333333 0.09140625 0.3483072916666667 0.0671875 0.3391927083333333 0.05078125 0.3170572916666667 0.05546875
0 0.3880208333333333 0.13671875 0.388671875 0.1546875 0.3951822916666667 0.16796875 0.404296875 0.17578125 0.416015625 0.17421875 0.4264322916666667 0.15703125 0.4270833333333333 0.15 0.421875 0.1328125 0.4114583333333333 0.11875 0.396484375 0.1203125
0 0.4817708333333333 0.3125 0.4817708333333333 0.3203125 0.4856770833333333 0.328125 0.5247395833333334 0.36640625 0.53515625 0.371875 0.54296875 0.37109375 0.5598958333333334 0.36015625 0.5852864583333334 0.3296875 0.5891927083333334 0.3203125 0.5852864583333334 0.30234375 0.5748697916666666 0.2890625 0.5696614583333334 0.2765625 0.5540364583333334 0.265625 0.5364583333333334 0.26796875 0.5013020833333334 0.28828125
0 0.6946614583333334 0.2296875 0.6940104166666666 0.24296875 0.6966145833333334 0.25390625 0.7083333333333334 0.27578125 0.74609375 0.3140625 0.7838541666666666 0.30703125 0.8001302083333334 0.29921875 0.8255208333333334 0.27421875 0.8313802083333334 0.25859375 0.828125 0.24921875 0.8209635416666666 0.24140625 0.8001302083333334 0.23984375 0.7916666666666666 0.2328125 0.779296875 0.21484375 0.771484375 0.2109375 0.7376302083333334 0.20625 0.7096354166666666 0.21171875 0.701171875 0.2171875
0 0.7337239583333334 0.05 0.7317708333333334 0.08046875 0.7337239583333334 0.09921875 0.75 0.1125 0.7799479166666666 0.12734375 0.7981770833333334 0.1265625 0.802734375 0.12265625 0.8040364583333334 0.1171875 0.818359375 0.10234375 0.8235677083333334 0.09296875 0.830078125 0.06484375 0.828125 0.0453125 0.8216145833333334 0.0359375 0.8040364583333334 0.021875 0.76953125 0.01953125 0.75 0.021875 0.7408854166666666 0.0296875
0 0.466796875 0.03359375 0.4654947916666667 0.046875 0.4733072916666667 0.08515625 0.4772135416666667 0.0953125 0.4830729166666667 0.1015625 0.4895833333333333 0.103125 0.5052083333333334 0.1 0.51953125 0.09296875 0.5305989583333334 0.08125 0.5319010416666666 0.06796875 0.5260416666666666 0.0359375 0.5182291666666666 0.02578125 0.5026041666666666 0.01875 0.484375 0.015625 0.47265625 0.0203125
0 0.5032552083333334 0.18125 0.5104166666666666 0.2 0.5123697916666666 0.21640625 0.5188802083333334 0.2234375 0.5266927083333334 0.225 0.537109375 0.221875 0.5540364583333334 0.21328125 0.5611979166666666 0.203125 0.5572916666666666 0.19140625 0.5462239583333334 0.18203125 0.5436197916666666 0.18359375 0.5423177083333334 0.17890625 0.5260416666666666 0.16796875 0.5143229166666666 0.17109375 0.5104166666666666 0.1734375 0.5084635416666666 0.1796875
0 0.4010416666666667 0.2484375 0.4010416666666667 0.271875 0.4140625 0.28828125 0.4251302083333333 0.296875 0.4348958333333333 0.29609375 0.451171875 0.27578125 0.4544270833333333 0.2546875 0.435546875 0.23671875 0.4251302083333333 0.2328125 0.4108072916666667 0.23359375
0 0.5703125 0.15703125 0.568359375 0.165625 0.57421875 0.18359375 0.5787760416666666 0.18984375 0.5963541666666666 0.2 0.61328125 0.19921875 0.6302083333333334 0.175 0.6302083333333334 0.16015625 0.623046875 0.1390625 0.61328125 0.12265625 0.60546875 0.115625 0.591796875 0.11875 0.5787760416666666 0.13671875
0 0.3046875 0.35 0.3046875 0.3625 0.310546875 0.37734375 0.3209635416666667 0.3921875 0.3268229166666667 0.3953125 0.3385416666666667 0.39765625 0.3528645833333333 0.39609375 0.3684895833333333 0.37265625 0.369140625 0.35625 0.3645833333333333 0.34140625 0.3567708333333333 0.3296875 0.33984375 0.3203125 0.3177083333333333 0.3171875 0.3098958333333333 0.33046875
0 0.283203125 0.29453125 0.2838541666666667 0.32578125 0.2890625 0.3296875 0.3046875 0.3296875 0.341796875 0.29375 0.3450520833333333 0.28671875 0.3450520833333333 0.27890625 0.3352864583333333 0.2546875 0.3274739583333333 0.24921875 0.3203125 0.24921875
0 0.21158854166666666 0.4109375 0.212890625 0.4328125 0.220703125 0.44375 0.24609375 0.453125 0.2571614583333333 0.4515625 0.26171875 0.44609375 0.2734375 0.41328125 0.2825520833333333 0.40390625 0.2864583333333333 0.38046875 0.275390625 0.36953125 0.24869791666666666 0.35703125 0.236328125 0.35625 0.22721354166666666 0.3640625 0.22135416666666666 0.37578125
0 0.19596354166666666 0.48046875 0.19466145833333334 0.49140625 0.19986979166666666 0.50234375 0.2265625 0.5234375 0.23763020833333334 0.52890625 0.24544270833333334 0.53046875 0.2584635416666667 0.52578125 0.265625 0.51171875 0.2662760416666667 0.49765625 0.2591145833333333 0.48125 0.2526041666666667 0.4734375 0.236328125 0.46328125 0.216796875 0.459375
0 0.41796875 0.41484375 0.4173177083333333 0.43046875 0.419921875 0.43984375 0.4401041666666667 0.4421875 0.447265625 0.43515625 0.4563802083333333 0.41796875 0.458984375 0.3953125 0.4563802083333333 0.38984375 0.4505208333333333 0.38671875 0.435546875 0.38359375 0.4283854166666667 0.3890625
0 0.349609375 0.45625 0.3522135416666667 0.4875 0.3548177083333333 0.49453125 0.3606770833333333 0.5 0.3736979166666667 0.50078125 0.4147135416666667 0.4921875 0.4231770833333333 0.48046875 0.4212239583333333 0.4609375 0.4153645833333333 0.44921875 0.41015625 0.4453125 0.37890625 0.4453125
0 0.6119791666666666 0.40703125 0.611328125 0.42890625 0.6158854166666666 0.4421875 0.6315104166666666 0.44921875 0.6412760416666666 0.44921875 0.646484375 0.40234375 0.6438802083333334 0.378125 0.6276041666666666 0.37578125 0.619140625 0.3796875 0.61328125 0.39453125
0 0.4850260416666667 0.50859375 0.4850260416666667 0.51875 0.4895833333333333 0.5234375 0.4986979166666667 0.52578125 0.513671875 0.5234375 0.5260416666666666 0.4984375 0.53515625 0.4703125 0.537109375 0.4484375 0.5221354166666666 0.4421875 0.5084635416666666 0.4421875 0.4876302083333333 0.49296875
0 0.6966145833333334 0.43203125 0.6966145833333334 0.4484375 0.6998697916666666 0.45390625 0.7063802083333334 0.45703125 0.734375 0.4515625 0.7415364583333334 0.4453125 0.7434895833333334 0.4390625 0.736328125 0.41484375 0.7259114583333334 0.40703125 0.716796875 0.4078125 0.7044270833333334 0.4140625
0 0.751953125 0.396875 0.7513020833333334 0.415625 0.759765625 0.43359375 0.7825520833333334 0.45078125 0.8040364583333334 0.45 0.8255208333333334 0.421875 0.8294270833333334 0.41015625 0.830078125 0.3875 0.8229166666666666 0.3734375 0.8092447916666666 0.3625 0.7864583333333334 0.35703125 0.7721354166666666 0.35859375 0.76171875 0.35234375 0.759765625 0.3703125
0 0.7858072916666666 0.5671875 0.78515625 0.5859375 0.794921875 0.61171875 0.8307291666666666 0.61796875 0.8404947916666666 0.609375 0.8522135416666666 0.57109375 0.8528645833333334 0.5609375 0.8470052083333334 0.5484375 0.8307291666666666 0.54453125 0.794921875 0.55390625
0 0.6751302083333334 0.6234375 0.677734375 0.6609375 0.6861979166666666 0.6765625 0.693359375 0.67890625 0.7154947916666666 0.66484375 0.7376302083333334 0.64296875 0.7415364583333334 0.63515625 0.7428385416666666 0.61796875 0.7408854166666666 0.609375 0.7278645833333334 0.59765625 0.693359375 0.5984375 0.6848958333333334 0.60546875
0 0.603515625 0.63515625 0.6022135416666666 0.66328125 0.6087239583333334 0.6890625 0.6158854166666666 0.69609375 0.63671875 0.69296875 0.640625 0.6875 0.640625 0.64609375 0.6341145833333334 0.61796875 0.615234375 0.61796875 0.6067708333333334 0.625
0 0.5423177083333334 0.628125 0.54296875 0.6515625 0.5494791666666666 0.659375 0.5670572916666666 0.6546875 0.5755208333333334 0.63359375 0.572265625 0.61875 0.5592447916666666 0.60859375 0.5533854166666666 0.61015625 0.544921875 0.6203125
0 0.3626302083333333 0.596875 0.36328125 0.6171875 0.3723958333333333 0.63515625 0.376953125 0.6390625 0.3893229166666667 0.640625 0.4016927083333333 0.63359375 0.4134114583333333 0.63125 0.4205729166666667 0.62421875 0.4192708333333333 0.58203125 0.4114583333333333 0.56171875 0.4049479166666667 0.55390625 0.3977864583333333 0.5515625 0.3919270833333333 0.55390625 0.3743489583333333 0.5703125 0.3658854166666667 0.584375
0 0.29296875 0.6375 0.2923177083333333 0.64765625 0.2962239583333333 0.6609375 0.3053385416666667 0.6734375 0.3111979166666667 0.6890625 0.3229166666666667 0.68671875 0.3359375 0.671875 0.3365885416666667 0.6578125 0.3170572916666667 0.63984375 0.298828125 0.6328125
0 0.2688802083333333 0.75078125 0.26953125 0.77109375 0.28515625 0.78125 0.3046875 0.78046875 0.3151041666666667 0.78359375 0.3255208333333333 0.76484375 0.3216145833333333 0.74609375 0.29296875 0.72421875 0.2819010416666667 0.72890625 0.2721354166666667 0.74140625
0 0.19791666666666666 0.65078125 0.19791666666666666 0.671875 0.20247395833333334 0.68515625 0.20963541666666666 0.69296875 0.21940104166666666 0.68984375 0.228515625 0.66796875 0.22981770833333334 0.65703125 0.22786458333333334 0.65078125 0.22330729166666666 0.6453125 0.20638020833333334 0.640625 0.20247395833333334 0.64140625
0 0.12630208333333334 0.74921875 0.12565104166666666 0.76171875 0.12760416666666666 0.765625 0.14322916666666666 0.771875 0.15494791666666666 0.7703125 0.158203125 0.7671875 0.16861979166666666 0.7375 0.16731770833333334 0.7203125 0.1640625 0.715625 0.15559895833333334 0.71328125 0.14192708333333334 0.71640625 0.12955729166666666 0.73671875
0 0.12955729166666666 0.834375 0.12825520833333334 0.85 0.130859375 0.85859375 0.16145833333333334 0.85859375 0.162109375 0.83046875 0.16015625 0.82734375 0.14778645833333334 0.82421875 0.13606770833333334 0.8265625
0 0.15690104166666666 0.88984375 0.15690104166666666 0.90390625 0.16276041666666666 0.91171875 0.171875 0.9171875 0.18619791666666666 0.91875 0.2109375 0.88125 0.21419270833333334 0.86875 0.19986979166666666 0.85546875 0.185546875 0.85625 0.17708333333333334 0.8609375 0.1640625 0.875
0 0.3626302083333333 0.80390625 0.3626302083333333 0.82421875 0.369140625 0.8375 0.396484375 0.825 0.404296875 0.8171875 0.404296875 0.809375 0.400390625 0.8 0.3880208333333333 0.7859375 0.3802083333333333 0.7859375
0 0.4791666666666667 0.8265625 0.478515625 0.83671875 0.482421875 0.85 0.4973958333333333 0.8625 0.5071614583333334 0.865625 0.541015625 0.86328125 0.5481770833333334 0.85859375 0.5611979166666666 0.83515625 0.5690104166666666 0.8 0.5716145833333334 0.796875 0.5703125 0.7828125 0.5625 0.7703125 0.5546875 0.765625 0.5260416666666666 0.7640625 0.5188802083333334 0.76640625 0.50390625 0.77890625 0.48828125 0.7984375
0 0.24869791666666666 0.86953125 0.25 0.8796875 0.2649739583333333 0.9 0.2740885416666667 0.9046875 0.2884114583333333 0.903125 0.2903645833333333 0.8953125 0.2890625 0.88359375 0.2760416666666667 0.85546875 0.2721354166666667 0.85234375 0.26171875 0.8546875
0 0.5846354166666666 0.76640625 0.5813802083333334 0.771875 0.5813802083333334 0.778125 0.5859375 0.79609375 0.591796875 0.80234375 0.6106770833333334 0.79765625 0.6276041666666666 0.78828125 0.626953125 0.771875 0.6197916666666666 0.7640625 0.6165364583333334 0.753125 0.6100260416666666 0.7453125 0.5983072916666666 0.74765625
0 0.6015625 0.86328125 0.6015625 0.8765625 0.6048177083333334 0.8890625 0.6158854166666666 0.90859375 0.63671875 0.90859375 0.646484375 0.90078125 0.6477864583333334 0.878125 0.6432291666666666 0.86484375 0.6334635416666666 0.85234375 0.6217447916666666 0.84453125 0.6145833333333334 0.84453125 0.6048177083333334 0.85546875
0 0.4296875 0.925 0.4270833333333333 0.93828125 0.4283854166666667 0.94765625 0.4388020833333333 0.9765625 0.4479166666666667 0.9859375 0.4739583333333333 0.984375 0.4921875 0.96328125 0.5032552083333334 0.93515625 0.501953125 0.925 0.494140625 0.9140625 0.4680989583333333 0.9015625 0.44140625 0.90703125
0 0.3938802083333333 0.86953125 0.392578125 0.87734375 0.3958333333333333 0.8875 0.404296875 0.8953125 0.4173177083333333 0.89765625 0.427734375 0.89296875 0.4309895833333333 0.88671875 0.4322916666666667 0.875 0.423828125 0.85703125 0.421875 0.84140625 0.4186197916666667 0.83515625 0.4016927083333333 0.8421875
0 0.56640625 0.89609375 0.5677083333333334 0.9109375 0.57421875 0.9234375 0.58984375 0.9296875 0.6022135416666666 0.9296875 0.607421875 0.90703125 0.6067708333333334 0.90078125 0.6009114583333334 0.89140625 0.591796875 0.88671875 0.58203125 0.8859375
0 0.7161458333333334 0.7828125 0.7141927083333334 0.8 0.7239583333333334 0.8171875 0.7513020833333334 0.8328125 0.787109375 0.83984375 0.796875 0.83828125 0.8020833333333334 0.8328125 0.822265625 0.78828125 0.8111979166666666 0.75625 0.8020833333333334 0.74375 0.7734375 0.73046875 0.75 0.73125 0.7356770833333334 0.7375 0.7298177083333334 0.74453125
0 0.8333333333333334 0.78515625 0.8346354166666666 0.7984375 0.8522135416666666 0.8296875 0.8678385416666666 0.840625 0.8951822916666666 0.85234375 0.91015625 0.85546875 0.9401041666666666 0.85234375 0.9498697916666666 0.84296875 0.9563802083333334 0.825 0.9537760416666666 0.80390625 0.9466145833333334 0.79453125 0.9368489583333334 0.7859375 0.8958333333333334 0.76796875 0.859375 0.76875 0.8411458333333334 0.7765625
0 0.14322916666666666 0.48046875 0.14322916666666666 0.4890625 0.16080729166666666 0.509375 0.16471354166666666 0.51171875 0.173828125 0.509375 0.17903645833333334 0.5046875 0.18489583333333334 0.490625 0.18489583333333334 0.46015625 0.17643229166666666 0.4578125 0.16471354166666666 0.4609375