1 0.054036458333333336 0.14296875 0.053385416666666664 0.1625 0.06770833333333333 0.20078125 0.076171875 0.24140625 0.09049479166666667 0.26484375 0.09505208333333333 0.27734375 0.12369791666666667 0.30703125 0.13541666666666666 0.31328125 0.1484375 0.3109375 0.19205729166666666 0.28125 0.22721354166666666 0.271875 0.23763020833333334 0.25859375 0.240234375 0.24453125 0.23372395833333334 0.23359375 0.21614583333333334 0.22109375 0.212890625 0.21328125 0.21158854166666666 0.196875 0.21419270833333334 0.1890625 0.20377604166666666 0.1765625 0.19596354166666666 0.15078125 0.14388020833333334 0.1125 0.126953125 0.10625 0.095703125 0.1140625 0.07552083333333333 0.12890625 0.057291666666666664 0.13671875
1 0.038411458333333336 0.07734375 0.039713541666666664 0.08984375 0.049479166666666664 0.0984375 0.08138020833333333 0.11328125 0.09244791666666667 0.1125 0.1015625 0.09921875 0.10807291666666667 0.07890625 0.10611979166666667 0.0453125 0.10221354166666667 0.03203125 0.087890625 0.01484375 0.076171875 0.0140625 0.061848958333333336 0.028125 0.05859375 0.04296875 0.047526041666666664 0.0546875
1 0.23046875 0.1375 0.22526041666666666 0.171875 0.212890625 0.1984375 0.21484375 0.21328125 0.220703125 0.22421875 0.23893229166666666 0.23671875 0.2532552083333333 0.26015625 0.267578125 0.26640625 0.2760416666666667 0.2640625 0.30078125 0.23515625 0.314453125 0.22734375 0.3274739583333333 0.21328125 0.3587239583333333 0.171875 0.3619791666666667 0.15234375 0.361328125 0.1453125 0.353515625 0.13046875 0.3313802083333333 0.10078125 0.32421875 0.09453125 0.3072916666666667 0.08828125 0.296875 0.08984375 0.248046875 0.11171875 0.23697916666666666 0.12265625
1 0.5696614583333334 0.3640625 0.5677083333333334 0.3921875 0.5709635416666666 0.41796875 0.5768229166666666 0.4296875 0.5930989583333334 0.434375 0.6276041666666666 0.43515625 0.642578125 0.43046875 0.650390625 0.421875 0.66015625 0.3796875 0.6608072916666666 0.3578125 0.6555989583333334 0.32734375 0.6438802083333334 0.30859375 0.6360677083333334 0.30546875 0.6217447916666666 0.30546875 0.591796875 0.3109375 0.5755208333333334 0.34140625 0.5748697916666666 0.35234375
1 0.3899739583333333 0.14375 0.3893229166666667 0.1578125 0.3938802083333333 0.1828125 0.39453125 0.203125 0.40234375 0.22890625 0.447265625 0.3015625 0.4563802083333333 0.31171875 0.4602864583333333 0.31171875 0.470703125 0.3 0.5110677083333334 0.23671875 0.5123697916666666 0.225 0.5078125 0.196875 0.48828125 0.16796875 0.4778645833333333 0.1328125 0.462890625 0.103125 0.45703125 0.09765625 0.4440104166666667 0.09609375 0.4342447916666667 0.10078125 0.4205729166666667 0.11171875 0.4147135416666667 0.12421875 0.4055989583333333 0.12578125 0.3958333333333333 0.1328125
1 0.6907552083333334 0.3796875 0.6920572916666666 0.4046875 0.7024739583333334 0.41953125 0.7135416666666666 0.4203125 0.7408854166666666 0.4375 0.7838541666666666 0.4328125 0.79296875 0.42890625 0.806640625 0.41484375 0.818359375 0.35234375 0.8177083333333334 0.34296875 0.810546875 0.32265625 0.7884114583333334 0.30625 0.7493489583333334 0.29375 0.7200520833333334 0.29140625 0.7141927083333334 0.29609375 0.701171875 0.32109375 0.69921875 0.358203125 0.6966145833333334 0.36953125
1 0.474609375 0.1046875 0.4713541666666667 0.1171875 0.4837239583333333 0.14453125 0.4934895833333333 0.15546875 0.505859375 0.15703125 0.5266927083333334 0.14453125 0.5358072916666666 0.109375 0.5364583333333334 0.0890625 0.5286458333333334 0.06953125 0.50390625 0.0703125 0.4947916666666667 0.07421875 0.4869791666666667 0.0828125
1 0.3678385416666667 0.06484375 0.3658854166666667 0.0703125 0.3684895833333333 0.0875 0.373046875 0.0984375 0.392578125 0.10625 0.408203125 0.10546875 0.4127604166666667 0.1015625 0.4108072916666667 0.07265625 0.41796875 0.04765625 0.4153645833333333 0.0390625
1 0.33984375 0.36484375 0.3411458333333333 0.37734375 0.3528645833333333 0.396875 0.4114583333333333 0.459375 0.4290364583333333 0.465625 0.4401041666666667 0.459375 0.4479166666666667 0.44921875 0.453125 0.4296875 0.4524739583333333 0.4234375 0.3756510416666667 0.328125 0.369140625 0.3265625 0.3645833333333333 0.32890625 0.3483072916666667 0.34921875
1 0.16341145833333334 0.4671875 0.16276041666666666 0.478125 0.1796875 0.51171875 0.22721354166666666 0.54453125 0.23567708333333334 0.54375 0.2682291666666667 0.5234375 0.291015625 0.50078125 0.2897135416666667 0.4921875 0.283203125 0.4796875 0.2643229166666667 0.4625 0.24479166666666666 0.434375 0.234375 0.42734375 0.20768229166666666 0.43359375 0.20182291666666666 0.4375 0.197265625 0.44921875 0.17447916666666666 0.45859375
1 0.07356770833333333 0.6359375 0.07421875 0.659375 0.08658854166666667 0.6765625 0.09114583333333333 0.67890625 0.14778645833333334 0.6640625 0.16536458333333334 0.6625 0.16731770833333334 0.65859375 0.16471354166666666 0.63828125 0.150390625 0.61640625 0.14778645833333334 0.60546875 0.14453125 0.60390625 0.12434895833333333 0.60078125 0.109375 0.60234375 0.095703125 0.61796875 0.076171875 0.6296875
1 0.18880208333333334 0.76015625 0.18880208333333334 0.7765625 0.19986979166666666 0.81328125 0.19596354166666666 0.82734375 0.205078125 0.84609375 0.212890625 0.85546875 0.22721354166666666 0.86015625 0.26171875 0.8484375 0.28125 0.82421875 0.2819010416666667 0.81484375 0.2766927083333333 0.79296875 0.2727864583333333 0.78203125 0.2662760416666667 0.77421875 0.21744791666666666 0.74609375 0.19596354166666666 0.74921875 0.19010416666666666 0.7546875
1 0.341796875 0.890625 0.33984375 0.89609375 0.3450520833333333 0.91796875 0.357421875 0.93359375 0.3658854166666667 0.9390625 0.380859375 0.9421875 0.4114583333333333 0.93671875 0.421875 0.93203125 0.427734375 0.9234375 0.42578125 0.9140625 0.3971354166666667 0.87265625 0.384765625 0.87421875
1 0.423828125 0.56328125 0.427734375 0.60625 0.4329427083333333 0.615625 0.4947916666666667 0.65390625 0.5078125 0.66484375 0.5188802083333334 0.66796875 0.52734375 0.625 0.52734375 0.5515625 0.5221354166666666 0.540625 0.52734375 0.5 0.5266927083333334 0.47578125 0.51171875 0.48046875 0.466796875 0.5125
1 0.5084635416666666 0.85546875 0.498046875 0.89609375 0.4986979166666667 0.903125 0.5247395833333334 0.928125 0.5514322916666666 0.94296875 0.560546875 0.9421875 0.5768229166666666 0.9234375 0.5813802083333334 0.91015625 0.5859375 0.89140625 0.5859375 0.8765625 0.5813802083333334 0.85859375 0.5690104166666666 0.84765625 0.5260416666666666 0.828125 0.515625 0.8328125
1 0.4635416666666667 0.6984375 0.466796875 0.71953125 0.4772135416666667 0.74453125 0.4947916666666667 0.77578125 0.5188802083333334 0.80703125 0.5397135416666666 0.81328125 0.5709635416666666 0.81484375 0.576171875 0.8125 0.591796875 0.790625 0.5983072916666666 0.771875 0.60546875 0.72734375 0.6022135416666666 0.696875 0.5950520833333334 0.68828125 0.5657552083333334 0.678125 0.521484375 0.6765625 0.5078125 0.684375 0.4798177083333333 0.6890625
1 0.6529947916666666 0.7375 0.6490885416666666 0.7515625 0.6627604166666666 0.7703125 0.6751302083333334 0.78203125 0.6809895833333334 0.79375 0.6875 0.81875 0.6953125 0.8296875 0.7115885416666666 0.840625 0.7298177083333334 0.86015625 0.7395833333333334 0.86328125 0.7682291666666666 0.8640625 0.7825520833333334 0.85859375 0.796875 0.84609375 0.8053385416666666 0.825 0.8151041666666666 0.778125 0.818359375 0.71875 0.810546875 0.709375 0.7682291666666666 0.68984375 0.744140625 0.68828125 0.732421875 0.684375 0.708984375 0.68515625 0.701171875 0.6875 0.69140625 0.6953125
1 0.6692708333333334 0.6484375 0.6686197916666666 0.6546875 0.673828125 0.65859375 0.69921875 0.653125 0.7688802083333334 0.63515625 0.7766927083333334 0.63125 0.7864583333333334 0.61953125 0.7779947916666666 0.5765625 0.76171875 0.53203125 0.7311197916666666 0.49375 0.7161458333333334 0.503125 0.7063802083333334 0.52265625 0.6907552083333334 0.5859375