1 0.23177083333333334 0.2515625 0.23958333333333334 0.29296875 0.2532552083333333 0.31875 0.2552083333333333 0.32734375 0.2610677083333333 0.3328125 0.2747395833333333 0.3375 0.2903645833333333 0.3359375 0.3190104166666667 0.31953125 0.330078125 0.30390625 0.3307291666666667 0.29140625 0.32421875 0.27734375 0.3072916666666667 0.2546875 0.2805989583333333 0.22890625 0.2721354166666667 0.22578125 0.2630208333333333 0.2265625 0.24609375 0.23671875
1 0.04296875 0.078125 0.039713541666666664 0.08515625 0.042317708333333336 0.10859375 0.057942708333333336 0.13671875 0.06770833333333333 0.14765625 0.07552083333333333 0.153125 0.107421875 0.16484375 0.11328125 0.1640625 0.12109375 0.1546875 0.12174479166666667 0.146875 0.10286458333333333 0.10390625 0.08854166666666667 0.096875 0.08203125 0.08828125 0.06966145833333333 0.0796875 0.050130208333333336 0.075
1 0.4231770833333333 0.065625 0.4225260416666667 0.10703125 0.4309895833333333 0.14453125 0.4375 0.15078125 0.4498697916666667 0.1484375 0.4557291666666667 0.14375 0.4635416666666667 0.13046875 0.4674479166666667 0.1171875 0.4791666666666667 0.1015625 0.4791666666666667 0.08828125 0.470703125 0.07421875 0.44140625 0.05703125 0.4290364583333333 0.0546875 0.4244791666666667 0.059375
1 0.36328125 0.2609375 0.3619791666666667 0.27109375 0.3684895833333333 0.28515625 0.375 0.290625 0.3873697916666667 0.2921875 0.4270833333333333 0.2734375 0.4348958333333333 0.26484375 0.4361979166666667 0.2578125 0.427734375 0.23046875 0.419921875 0.22265625 0.4108072916666667 0.22109375 0.3841145833333333 0.2328125 0.3717447916666667 0.24609375
1 0.3001302083333333 0.09609375 0.298828125 0.10234375 0.3346354166666667 0.18359375 0.345703125 0.190625 0.3522135416666667 0.1890625 0.359375 0.17890625 0.3600260416666667 0.17265625 0.3509114583333333 0.1296875 0.3450520833333333 0.12421875 0.3307291666666667 0.12109375 0.3059895833333333 0.09765625
1 0.5813802083333334 0.28515625 0.5813802083333334 0.30390625 0.5930989583333334 0.3375 0.59765625 0.36640625 0.6022135416666666 0.371875 0.625 0.35859375 0.6432291666666666 0.36328125 0.654296875 0.3609375 0.6673177083333334 0.35 0.6770833333333334 0.33125 0.6725260416666666 0.32109375 0.6653645833333334 0.3140625 0.6686197916666666 0.29609375 0.65625 0.29140625 0.6223958333333334 0.2609375 0.615234375 0.26015625 0.599609375 0.26484375 0.5872395833333334 0.27421875
1 0.5286458333333334 0.10234375 0.529296875 0.1296875 0.5266927083333334 0.146875 0.5299479166666666 0.15546875 0.5592447916666666 0.18515625 0.5904947916666666 0.209375 0.6015625 0.22734375 0.6158854166666666 0.2296875 0.6354166666666666 0.22421875 0.6829427083333334 0.18984375 0.6920572916666666 0.175 0.6920572916666666 0.16171875 0.6842447916666666 0.134375 0.6666666666666666 0.11640625 0.6510416666666666 0.11484375 0.640625 0.1203125 0.6126302083333334 0.11875 0.6048177083333334 0.1125 0.595703125 0.09140625 0.5846354166666666 0.08359375 0.5436197916666666 0.08203125 0.5319010416666666 0.08984375
1 0.740234375 0.109375 0.740234375 0.11640625 0.767578125 0.17578125 0.7734375 0.18046875 0.7864583333333334 0.18203125 0.7975260416666666 0.175 0.80859375 0.14296875 0.81640625 0.13125 0.8229166666666666 0.10234375 0.8138020833333334 0.09453125 0.76171875 0.07890625 0.748046875 0.090625
1 0.80859375 0.175 0.8092447916666666 0.19453125 0.818359375 0.2078125 0.841796875 0.21484375 0.8606770833333334 0.21015625 0.8880208333333334 0.2125 0.8984375 0.2078125 0.904296875 0.19921875 0.9095052083333334 0.184375 0.91015625 0.16875 0.9069010416666666 0.14765625 0.900390625 0.13359375 0.880859375 0.1265625 0.8567708333333334 0.12578125 0.8346354166666666 0.11953125
1 0.6640625 0.2375 0.6647135416666666 0.26328125 0.6686197916666666 0.2671875 0.671875 0.26640625 0.6822916666666666 0.2625 0.7057291666666666 0.24609375 0.716796875 0.23046875 0.7174479166666666 0.2203125 0.7096354166666666 0.20546875 0.703125 0.20546875 0.6946614583333334 0.2140625 0.6809895833333334 0.21875 0.6783854166666666 0.2296875 0.6705729166666666 0.22890625 0.6653645833333334 0.23203125
1 0.5970052083333334 0.4859375 0.5944010416666666 0.5109375 0.60546875 0.53125 0.6256510416666666 0.5453125 0.6419270833333334 0.56640625 0.67578125 0.58359375 0.6848958333333334 0.5984375 0.712890625 0.62734375 0.7278645833333334 0.6265625 0.740234375 0.6171875 0.7649739583333334 0.60625 0.7864583333333334 0.6046875 0.7864583333333334 0.59453125 0.775390625 0.56484375 0.7584635416666666 0.5421875 0.734375 0.49375 0.6985677083333334 0.4578125 0.6770833333333334 0.428125 0.6490885416666666 0.4109375 0.6438802083333334 0.40390625 0.6341145833333334 0.40078125 0.6295572916666666 0.40234375 0.615234375 0.41796875 0.6087239583333334 0.43203125
1 0.3834635416666667 0.57109375 0.3821614583333333 0.584375 0.3919270833333333 0.60625 0.4095052083333333 0.6296875 0.4270833333333333 0.64296875 0.4303385416666667 0.6484375 0.4361979166666667 0.68125 0.4420572916666667 0.69296875 0.4485677083333333 0.69296875 0.45703125 0.68671875 0.49609375 0.640625 0.4986979166666667 0.59453125 0.4895833333333333 0.5328125 0.486328125 0.525 0.4674479166666667 0.503125 0.44921875 0.48984375 0.4407552083333333 0.48671875 0.41796875 0.48984375 0.40625 0.49921875 0.40234375 0.51171875 0.40234375 0.53359375 0.388671875 0.54921875 0.3880208333333333 0.56015625
1 0.2584635416666667 0.42890625 0.2578125 0.4390625 0.26171875 0.44609375 0.2962239583333333 0.46875 0.3196614583333333 0.4796875 0.32421875 0.47890625 0.3274739583333333 0.47421875 0.3372395833333333 0.45078125 0.3372395833333333 0.44609375 0.3307291666666667 0.43984375 0.2786458333333333 0.41875 0.263671875 0.41796875
1 0.20052083333333334 0.55546875 0.19986979166666666 0.5703125 0.205078125 0.60546875 0.21549479166666666 0.64609375 0.23828125 0.6671875 0.244140625 0.66796875 0.2526041666666667 0.6640625 0.2604166666666667 0.65390625 0.2688802083333333 0.6234375 0.283203125 0.60859375 0.283203125 0.6015625 0.24153645833333334 0.5328125 0.23046875 0.50859375 0.224609375 0.509375 0.20638020833333334 0.5359375
1 0.080078125 0.72734375 0.07877604166666667 0.740625 0.08268229166666667 0.76875 0.08528645833333333 0.775 0.10091145833333333 0.78828125 0.10546875 0.78984375 0.13541666666666666 0.7828125 0.15104166666666666 0.77578125 0.158203125 0.76875 0.15690104166666666 0.72421875 0.15169270833333334 0.703125 0.14518229166666666 0.69375 0.13151041666666666 0.6953125 0.1015625 0.71171875 0.091796875 0.71328125
1 0.376953125 0.8203125 0.376953125 0.84921875 0.390625 0.89375 0.3997395833333333 0.9046875 0.404296875 0.9078125 0.4244791666666667 0.90703125 0.4602864583333333 0.9 0.4713541666666667 0.89296875 0.474609375 0.88046875 0.4739583333333333 0.8390625 0.455078125 0.765625 0.443359375 0.7484375 0.42578125 0.7484375 0.41015625 0.77734375 0.392578125 0.803125
1 0.5397135416666666 0.7015625 0.5397135416666666 0.73828125 0.5455729166666666 0.771875 0.5494791666666666 0.77890625 0.583984375 0.7890625 0.6106770833333334 0.78671875 0.6276041666666666 0.7828125 0.6302083333333334 0.7796875 0.6302083333333334 0.759375 0.6223958333333334 0.74296875 0.6165364583333334 0.721875 0.611328125 0.68125 0.5983072916666666 0.6578125 0.576171875 0.65859375 0.55859375 0.66953125 0.5436197916666666 0.67109375 0.5403645833333334 0.68203125
1 0.6145833333333334 0.85703125 0.6158854166666666 0.86875 0.6399739583333334 0.909375 0.6647135416666666 0.88828125 0.677734375 0.86953125 0.6783854166666666 0.8640625 0.6764322916666666 0.8484375 0.6673177083333334 0.82578125 0.6627604166666666 0.821875 0.6484375 0.8265625 0.6263020833333334 0.84375
1 0.7096354166666666 0.89375 0.7063802083333334 0.90390625 0.7096354166666666 0.93046875 0.720703125 0.95078125 0.7265625 0.953125 0.765625 0.953125 0.7779947916666666 0.94453125 0.7825520833333334 0.9375 0.7819010416666666 0.925 0.76171875 0.8890625 0.7486979166666666 0.88359375 0.7298177083333334 0.88359375 0.7180989583333334 0.88671875
1 0.76171875 0.6453125 0.76171875 0.675 0.7682291666666666 0.6796875 0.7805989583333334 0.67734375 0.7962239583333334 0.66484375 0.8020833333333334 0.65546875 0.798828125 0.63046875 0.7936197916666666 0.62578125 0.765625 0.63359375
1 0.228515625 0.9625 0.22786458333333334 0.96875 0.23307291666666666 0.9734375 0.24479166666666666 0.96875 0.2513020833333333 0.9703125 0.2552083333333333 0.9625 0.2721354166666667 0.953125 0.2877604166666667 0.93515625 0.291015625 0.92421875 0.2825520833333333 0.8875 0.279296875 0.88671875 0.2532552083333333 0.92265625 0.24479166666666666 0.9296875