1 0.2877604166666667 0.24140625 0.2890625 0.2640625 0.296875 0.29296875 0.3001302083333333 0.296875 0.3079427083333333 0.2984375 0.3307291666666667 0.29609375 0.345703125 0.28671875 0.3626302083333333 0.26484375 0.375 0.2546875 0.380859375 0.2421875 0.3919270833333333 0.228125 0.3951822916666667 0.21484375 0.3912760416666667 0.20625 0.3802083333333333 0.19453125 0.3756510416666667 0.19609375 0.3626302083333333 0.1921875 0.3444010416666667 0.19609375 0.296875 0.22265625 0.29296875 0.2265625
1 0.5729166666666666 0.459375 0.5735677083333334 0.46875 0.60546875 0.50234375 0.6106770833333334 0.50546875 0.6373697916666666 0.5046875 0.6640625 0.51796875 0.669921875 0.52421875 0.6783854166666666 0.54296875 0.69140625 0.553125 0.7076822916666666 0.553125 0.736328125 0.52890625 0.734375 0.50078125 0.7239583333333334 0.4484375 0.71484375 0.43203125 0.7024739583333334 0.421875 0.6712239583333334 0.428125 0.638671875 0.415625 0.60546875 0.4140625 0.59765625 0.41953125 0.59375 0.43359375
1 0.6712239583333334 0.05703125 0.6705729166666666 0.06640625 0.6744791666666666 0.08515625 0.6822916666666666 0.103125 0.68359375 0.11875 0.6803385416666666 0.13671875 0.6888020833333334 0.15859375 0.693359375 0.1640625 0.7174479166666666 0.17265625 0.7630208333333334 0.1765625 0.791015625 0.175 0.80078125 0.171875 0.8079427083333334 0.165625 0.8118489583333334 0.153125 0.8118489583333334 0.1265625 0.7975260416666666 0.08515625 0.7623697916666666 0.03828125 0.7317708333333334 0.01171875 0.71484375 0.0109375 0.703125 0.0171875 0.6881510416666666 0.0328125
1 0.7916666666666666 0.1984375 0.7916666666666666 0.2234375 0.81640625 0.24375 0.8352864583333334 0.2421875 0.8697916666666666 0.2171875 0.888671875 0.184375 0.8971354166666666 0.14765625 0.904296875 0.12890625 0.908203125 0.0984375 0.9055989583333334 0.08515625 0.8977864583333334 0.08125 0.8561197916666666 0.07578125 0.8190104166666666 0.15390625
1 0.4283854166666667 0.121875 0.4147135416666667 0.15 0.416015625 0.1578125 0.4225260416666667 0.16171875 0.5266927083333334 0.1546875 0.5358072916666666 0.153125 0.5397135416666666 0.1484375 0.537109375 0.1203125 0.5345052083333334 0.1140625 0.4876302083333333 0.078125 0.4772135416666667 0.0734375 0.4602864583333333 0.0734375 0.453125 0.07734375
1 0.13671875 0.39609375 0.13671875 0.4140625 0.14192708333333334 0.43359375 0.17122395833333334 0.4859375 0.21940104166666666 0.49765625 0.22721354166666666 0.496875 0.23893229166666666 0.48125 0.2545572916666667 0.46953125 0.2662760416666667 0.44765625 0.2662760416666667 0.35546875 0.251953125 0.3125 0.23828125 0.3 0.22721354166666666 0.303125 0.20703125 0.32734375 0.19466145833333334 0.3359375 0.18033854166666666 0.3328125 0.17447916666666666 0.3375 0.14713541666666666 0.36875
1 0.4713541666666667 0.26171875 0.474609375 0.28203125 0.47265625 0.33515625 0.4772135416666667 0.34609375 0.4947916666666667 0.3671875 0.5130208333333334 0.3734375 0.5266927083333334 0.37109375 0.5299479166666666 0.3671875 0.5377604166666666 0.33359375 0.537109375 0.3203125 0.529296875 0.29765625 0.5169270833333334 0.28046875 0.4817708333333333 0.2609375 0.4739583333333333 0.259375
1 0.390625 0.409375 0.3899739583333333 0.43671875 0.3938802083333333 0.4453125 0.4036458333333333 0.45234375 0.4270833333333333 0.45703125 0.4485677083333333 0.48046875 0.4700520833333333 0.46796875 0.48046875 0.45 0.4811197916666667 0.4421875 0.474609375 0.4265625 0.435546875 0.3625 0.4290364583333333 0.35625 0.4173177083333333 0.35625 0.408203125 0.3625 0.4036458333333333 0.38046875 0.3971354166666667 0.390625
1 0.8548177083333334 0.3625 0.853515625 0.3796875 0.857421875 0.39921875 0.8834635416666666 0.41953125 0.896484375 0.41875 0.91796875 0.3875 0.9173177083333334 0.3828125 0.8802083333333334 0.3515625 0.859375 0.35546875
1 0.8352864583333334 0.625 0.8346354166666666 0.64375 0.8411458333333334 0.66484375 0.8463541666666666 0.67109375 0.8684895833333334 0.68359375 0.8795572916666666 0.68203125 0.8971354166666666 0.67265625 0.9147135416666666 0.6734375 0.9251302083333334 0.6703125 0.9322916666666666 0.6609375 0.9381510416666666 0.6375 0.9361979166666666 0.61796875 0.9231770833333334 0.5890625 0.9134114583333334 0.58359375 0.8645833333333334 0.575 0.8580729166666666 0.575 0.853515625 0.5796875 0.8509114583333334 0.59140625
1 0.7669270833333334 0.55859375 0.7649739583333334 0.5640625 0.7740885416666666 0.5796875 0.7779947916666666 0.5921875 0.7903645833333334 0.6109375 0.7936197916666666 0.6265625 0.802734375 0.63359375 0.8151041666666666 0.63203125 0.8235677083333334 0.6234375 0.8502604166666666 0.56953125 0.8489583333333334 0.5625 0.8385416666666666 0.5578125 0.7845052083333334 0.5515625
1 0.4973958333333333 0.5671875 0.4973958333333333 0.57734375 0.5045572916666666 0.59375 0.5299479166666666 0.61953125 0.5501302083333334 0.63203125 0.5546875 0.62890625 0.5618489583333334 0.61484375 0.5618489583333334 0.609375 0.5572916666666666 0.5609375 0.5520833333333334 0.55078125 0.54296875 0.546875 0.533203125 0.54765625 0.5065104166666666 0.559375
1 0.5345052083333334 0.703125 0.5345052083333334 0.715625 0.5514322916666666 0.7625 0.6197916666666666 0.76484375 0.62890625 0.76015625 0.6334635416666666 0.753125 0.6341145833333334 0.72734375 0.62890625 0.7125 0.6236979166666666 0.7078125 0.578125 0.696875 0.5377604166666666 0.6984375
1 0.3235677083333333 0.553125 0.32421875 0.56328125 0.3326822916666667 0.57890625 0.3365885416666667 0.596875 0.3587239583333333 0.6390625 0.3697916666666667 0.64765625 0.3795572916666667 0.64765625 0.3873697916666667 0.634375 0.3860677083333333 0.60546875 0.3828125 0.59296875 0.3776041666666667 0.58828125 0.3645833333333333 0.5859375 0.33203125 0.5546875
1 0.1953125 0.6078125 0.1953125 0.61953125 0.20638020833333334 0.66796875 0.212890625 0.68125 0.220703125 0.6890625 0.2571614583333333 0.68671875 0.2845052083333333 0.66953125 0.287109375 0.640625 0.283203125 0.6171875 0.2799479166666667 0.609375 0.2688802083333333 0.59765625 0.23828125 0.590625 0.21028645833333334 0.5921875 0.19921875 0.5984375
1 0.0625 0.55234375 0.0625 0.565625 0.06705729166666667 0.58046875 0.091796875 0.60234375 0.12955729166666666 0.61484375 0.142578125 0.60546875 0.142578125 0.5921875 0.12369791666666667 0.55078125 0.10026041666666667 0.53671875 0.07747395833333333 0.534375 0.068359375 0.54140625
1 0.22591145833333334 0.76796875 0.22591145833333334 0.81015625 0.22135416666666666 0.85546875 0.22330729166666666 0.859375 0.23046875 0.86015625 0.2532552083333333 0.85234375 0.2565104166666667 0.8484375 0.2623697916666667 0.81328125 0.263671875 0.76796875 0.26171875 0.7640625 0.24479166666666666 0.76171875 0.23111979166666666 0.7625
1 0.3079427083333333 0.8359375 0.3072916666666667 0.8828125 0.310546875 0.9046875 0.3177083333333333 0.91875 0.3294270833333333 0.92421875 0.34657096354166667 0.90520859375 0.357421875 0.90078125 0.3834635416666667 0.903125 0.4290364583333333 0.8734375 0.4348958333333333 0.859375 0.443359375 0.80703125 0.4283854166666667 0.7609375 0.376953125 0.7484375 0.361328125 0.75859375 0.3333333333333333 0.7890625 0.3216145833333333 0.81171875 0.3111979166666667 0.82265625
1 0.5305989583333334 0.8375 0.5305989583333334 0.85 0.5423177083333334 0.86640625 0.560546875 0.87578125 0.57421875 0.87734375 0.595703125 0.8625 0.6015625 0.8421875 0.6022135416666666 0.82578125 0.595703125 0.815625 0.5696614583333334 0.815625 0.5364583333333334 0.83046875
1 0.6569010416666666 0.64296875 0.6575520833333334 0.65546875 0.6783854166666666 0.6796875 0.6998697916666666 0.6953125 0.7024739583333334 0.69609375 0.7057291666666666 0.6921875 0.7141927083333334 0.67578125 0.71484375 0.66796875 0.6959635416666666 0.63046875 0.6751302083333334 0.63046875