0 0.29296875 0.12890625 0.2923177083333333 0.140625 0.2962239583333333 0.15390625 0.3046875 0.16484375 0.3170572916666667 0.1734375 0.326171875 0.1734375 0.3365885416666667 0.1671875 0.3489583333333333 0.13671875 0.3470052083333333 0.125 0.3391927083333333 0.109375 0.3326822916666667 0.1015625 0.3268229166666667 0.09921875 0.31640625 0.1 0.3046875 0.10546875
0 0.13346354166666666 0.05234375 0.13411458333333334 0.06875 0.13932291666666666 0.0890625 0.15169270833333334 0.10234375 0.158203125 0.10390625 0.185546875 0.0984375 0.197265625 0.09296875 0.20052083333333334 0.08828125 0.19466145833333334 0.04609375 0.19075520833333334 0.03984375 0.15885416666666666 0.034375 0.14127604166666666 0.03671875 0.13541666666666666 0.040625
0 0.3346354166666667 0.265625 0.3346354166666667 0.27421875 0.3450520833333333 0.28828125 0.3704427083333333 0.30390625 0.390625 0.27265625 0.3938802083333333 0.2609375 0.3912760416666667 0.2546875 0.3697916666666667 0.23515625 0.35546875 0.228125
0 0.5026041666666666 0.1359375 0.5013020833333334 0.16328125 0.50390625 0.1703125 0.509765625 0.18046875 0.5266927083333334 0.1890625 0.53515625 0.17265625 0.5397135416666666 0.13125 0.541015625 0.09296875 0.5358072916666666 0.0828125 0.5234375 0.0828125 0.5078125 0.0953125
0 0.15559895833333334 0.34375 0.15559895833333334 0.3640625 0.15885416666666666 0.3671875 0.166015625 0.3671875 0.18489583333333334 0.36015625 0.1953125 0.33828125 0.19661458333333334 0.328125 0.19270833333333334 0.31640625 0.17057291666666666 0.29140625 0.16471354166666666 0.2953125 0.1640625 0.3109375
0 0.23111979166666666 0.3515625 0.23046875 0.36953125 0.24088541666666666 0.3921875 0.265625 0.3921875 0.275390625 0.3828125 0.279296875 0.375 0.279296875 0.35 0.2760416666666667 0.34453125 0.2682291666666667 0.34375 0.251953125 0.34921875 0.23763020833333334 0.3453125
0 0.2962239583333333 0.49453125 0.2962239583333333 0.50546875 0.291015625 0.5171875 0.2962239583333333 0.55859375 0.3046875 0.5640625 0.326171875 0.56015625 0.3391927083333333 0.54609375 0.3522135416666667 0.52578125 0.3522135416666667 0.4859375 0.3385416666666667 0.47578125 0.326171875 0.4734375 0.302734375 0.484375
0 0.5494791666666666 0.42421875 0.5475260416666666 0.44921875 0.5494791666666666 0.45859375 0.5462239583333334 0.4640625 0.5397135416666666 0.46640625 0.5397135416666666 0.48359375 0.5520833333333334 0.50546875 0.55859375 0.50703125 0.58203125 0.49921875 0.5940755208333334 0.483984375 0.609375 0.47734375 0.6236979166666666 0.4640625 0.6334635416666666 0.44921875 0.6412760416666666 0.4203125 0.6354166666666666 0.40703125 0.6178385416666666 0.39296875 0.609375 0.38046875 0.5950520833333334 0.37421875 0.5703125 0.396875
0 0.4928385416666667 0.26484375 0.4928385416666667 0.290625 0.5006510416666666 0.3109375 0.5397135416666666 0.32734375 0.546875 0.328125 0.5514322916666666 0.32421875 0.5572916666666666 0.3 0.5572916666666666 0.26875 0.5130208333333334 0.2453125 0.5078125 0.2453125 0.4973958333333333 0.253125
0 0.6647135416666666 0.246875 0.6640625 0.2578125 0.677734375 0.2890625 0.6920572916666666 0.3078125 0.716796875 0.3296875 0.7259114583333334 0.33046875 0.73828125 0.325 0.7649739583333334 0.27890625 0.76171875 0.2671875 0.7513020833333334 0.2484375 0.7454427083333334 0.24765625 0.73828125 0.225 0.7252604166666666 0.21015625 0.6940104166666666 0.1921875 0.685546875 0.19375 0.6803385416666666 0.19921875 0.6731770833333334 0.2265625
0 0.8313802083333334 0.0359375 0.8307291666666666 0.046875 0.8450520833333334 0.10546875 0.8502604166666666 0.1140625 0.85546875 0.11484375 0.8743489583333334 0.10078125 0.8860677083333334 0.0875 0.8971354166666666 0.059375 0.8951822916666666 0.040625 0.8873697916666666 0.02578125 0.8821614583333334 0.021875 0.8411458333333334 0.02734375
0 0.8170572916666666 0.16171875 0.81640625 0.16875 0.8196614583333334 0.175 0.8287760416666666 0.1796875 0.8444010416666666 0.19609375 0.849609375 0.19765625 0.876953125 0.20078125 0.8932291666666666 0.1890625 0.896484375 0.18203125 0.8971354166666666 0.16171875 0.888671875 0.153125 0.8841145833333334 0.14375 0.8795572916666666 0.13828125 0.8561197916666666 0.1296875 0.8450520833333334 0.12890625 0.8385416666666666 0.13203125 0.822265625 0.15
0 0.8229166666666666 0.3046875 0.82421875 0.321875 0.8313802083333334 0.33515625 0.8463541666666666 0.35546875 0.85546875 0.36015625 0.8684895833333334 0.353125 0.8860677083333334 0.33046875 0.8912760416666666 0.3171875 0.892578125 0.3 0.8893229166666666 0.2875 0.8802083333333334 0.2703125 0.859375 0.265625 0.8489583333333334 0.2703125 0.8326822916666666 0.2859375
0 0.7506510416666666 0.33828125 0.7434895833333334 0.36953125 0.7578125 0.3828125 0.7701822916666666 0.38125 0.7864583333333334 0.3734375 0.802734375 0.35625 0.8053385416666666 0.34609375 0.798828125 0.31171875 0.7916666666666666 0.29921875 0.7838541666666666 0.29921875 0.7688802083333334 0.3078125 0.75390625 0.32734375
0 0.7109375 0.4984375 0.7135416666666666 0.50859375 0.7233072916666666 0.515625 0.7376302083333334 0.534375 0.748046875 0.54140625 0.759765625 0.54375 0.7877604166666666 0.5421875 0.796875 0.53515625 0.8001302083333334 0.5265625 0.80078125 0.5171875 0.7955729166666666 0.49453125 0.78125 0.475 0.7727864583333334 0.4703125 0.748046875 0.465625 0.7311197916666666 0.46640625 0.71875 0.48046875
0 0.6588541666666666 0.171875 0.658203125 0.18359375 0.662109375 0.19609375 0.6666666666666666 0.2015625 0.6764322916666666 0.20078125 0.6901041666666666 0.190625 0.7096354166666666 0.18984375 0.7272135416666666 0.17265625 0.7291666666666666 0.12421875 0.7141927083333334 0.11796875 0.7018229166666666 0.1203125 0.6868489583333334 0.1390625 0.671875 0.14921875 0.662109375 0.1625
1 0.119140625 0.63515625 0.11848958333333333 0.64765625 0.13020833333333334 0.6640625 0.140625 0.67109375 0.15559895833333334 0.675 0.189453125 0.64765625 0.197265625 0.6328125 0.185546875 0.60859375 0.18359375 0.59921875 0.17708333333333334 0.59609375 0.14973958333333334 0.60625 0.13932291666666666 0.6046875 0.13020833333333334 0.609375
1 0.4427083333333333 0.715625 0.4420572916666667 0.72421875 0.4479166666666667 0.746875 0.4759114583333333 0.79375 0.4869791666666667 0.80234375 0.51171875 0.80234375 0.5221354166666666 0.78515625 0.5572916666666666 0.75 0.5598958333333334 0.74453125 0.55859375 0.7296875 0.5533854166666666 0.7171875 0.5358072916666666 0.70390625 0.515625 0.68203125 0.5013020833333334 0.67421875 0.4850260416666667 0.6734375 0.4739583333333333 0.67734375
1 0.3157552083333333 0.903125 0.3157552083333333 0.9125 0.3196614583333333 0.91875 0.337890625 0.92578125 0.3528645833333333 0.92890625 0.37109375 0.925 0.3743489583333333 0.921875 0.3736979166666667 0.90078125 0.3639322916666667 0.86953125 0.3600260416666667 0.865625 0.3450520833333333 0.865625 0.3255208333333333 0.8765625
1 0.4114583333333333 0.903125 0.4095052083333333 0.91328125 0.4147135416666667 0.9296875 0.4375 0.94609375 0.4427083333333333 0.9453125 0.44921875 0.93828125 0.4622395833333333 0.91171875 0.462890625 0.9046875 0.4596354166666667 0.88671875 0.4459635416666667 0.87578125 0.4375 0.878125
1 0.494140625 0.909375 0.4908854166666667 0.92421875 0.498046875 0.93203125 0.515625 0.93359375 0.5234375 0.93046875 0.53515625 0.940625 0.5462239583333334 0.94453125 0.5514322916666666 0.9390625 0.5533854166666666 0.92890625 0.5514322916666666 0.90703125 0.54296875 0.890625 0.533203125 0.88828125 0.5227864583333334 0.88984375 0.5032552083333334 0.9