0 0.10872395833333333 0.26015625 0.10807291666666667 0.26640625 0.11197916666666667 0.27265625 0.13997395833333334 0.29765625 0.16341145833333334 0.31484375 0.17447916666666666 0.31953125 0.18815104166666666 0.31875 0.20052083333333334 0.31015625 0.22005208333333334 0.2828125 0.22200520833333334 0.27578125 0.216796875 0.26015625 0.19596354166666666 0.23359375 0.185546875 0.2234375 0.16536458333333334 0.2140625 0.1484375 0.21796875 0.1328125 0.23125
0 0.3509114583333333 0.0734375 0.3502604166666667 0.109375 0.361328125 0.14375 0.37890625 0.1703125 0.38671875 0.171875 0.3997395833333333 0.15625 0.4055989583333333 0.14375 0.4114583333333333 0.11328125 0.4186197916666667 0.09921875 0.4205729166666667 0.08125 0.416015625 0.07421875 0.4029947916666667 0.06640625 0.3684895833333333 0.05703125 0.3548177083333333 0.0609375
0 0.22721354166666666 0.11796875 0.22721354166666666 0.146875 0.24088541666666666 0.1625 0.275390625 0.17890625 0.2942708333333333 0.1828125 0.3001302083333333 0.18046875 0.302734375 0.15390625 0.291015625 0.1296875 0.275390625 0.12109375 0.2513020833333333 0.115625 0.23307291666666666 0.11328125
0 0.3111979166666667 0.1796875 0.310546875 0.18515625 0.3177083333333333 0.1953125 0.3352864583333333 0.20234375 0.3483072916666667 0.2015625 0.353515625 0.1921875 0.3528645833333333 0.159375 0.3385416666666667 0.14453125 0.3346354166666667 0.14375 0.3209635416666667 0.15859375
0 0.3958333333333333 0.28125 0.3958333333333333 0.29375 0.4029947916666667 0.315625 0.4108072916666667 0.32265625 0.421875 0.32265625 0.4296875 0.32109375 0.4368489583333333 0.3140625 0.4466145833333333 0.2859375 0.447265625 0.27734375 0.4427083333333333 0.26796875 0.42578125 0.25703125 0.4212239583333333 0.25703125 0.4036458333333333 0.26171875
0 0.3899739583333333 0.33828125 0.3893229166666667 0.3546875 0.3938802083333333 0.39140625 0.3971354166666667 0.40234375 0.404296875 0.41015625 0.427734375 0.41875 0.4505208333333333 0.42109375 0.4778645833333333 0.40390625 0.484375 0.38046875 0.4850260416666667 0.35546875 0.4772135416666667 0.33203125 0.4498697916666667 0.3203125 0.4401041666666667 0.3203125 0.3971354166666667 0.32890625
0 0.6341145833333334 0.23515625 0.6328125 0.2578125 0.634765625 0.271875 0.6419270833333334 0.303125 0.6471354166666666 0.309375 0.6783854166666666 0.31171875 0.7259114583333334 0.28671875 0.7408854166666666 0.27421875 0.748046875 0.2546875 0.7447916666666666 0.225 0.74609375 0.1875 0.7415364583333334 0.165625 0.73828125 0.1609375 0.71875 0.16015625 0.6673177083333334 0.1765625 0.654296875 0.1890625 0.6399739583333334 0.21640625
0 0.837890625 0.36015625 0.837890625 0.38828125 0.8411458333333334 0.39609375 0.8548177083333334 0.41015625 0.869140625 0.41484375 0.8834635416666666 0.4125 0.8893229166666666 0.40859375 0.8977864583333334 0.38984375 0.9225260416666666 0.365625 0.9186197916666666 0.3453125 0.9108072916666666 0.32734375 0.8990885416666666 0.3203125 0.88671875 0.32265625 0.869140625 0.33203125 0.845703125 0.34765625
0 0.705078125 0.48125 0.705078125 0.528125 0.7161458333333334 0.56015625 0.73046875 0.57265625 0.7552083333333334 0.56171875 0.7682291666666666 0.5359375 0.7805989583333334 0.4984375 0.783203125 0.48046875 0.7825520833333334 0.45078125 0.7727864583333334 0.43203125 0.7682291666666666 0.425 0.755859375 0.415625 0.7389322916666666 0.40859375 0.7298177083333334 0.4109375 0.724609375 0.4171875
0 0.7526041666666666 0.14921875 0.7513020833333334 0.1578125 0.7610677083333334 0.16953125 0.771484375 0.17578125 0.7799479166666666 0.1765625 0.8001302083333334 0.1578125 0.8020833333333334 0.14296875 0.79296875 0.1296875 0.77734375 0.125 0.7662760416666666 0.13203125
0 0.6940104166666666 0.11875 0.6927083333333334 0.1328125 0.7122395833333334 0.15546875 0.7265625 0.15234375 0.736328125 0.14453125 0.7415364583333334 0.1359375 0.7421875 0.121875 0.7389322916666666 0.1078125 0.7259114583333334 0.08515625 0.716796875 0.0765625 0.712890625 0.07734375 0.7063802083333334 0.08515625
0 0.3072916666666667 0.475 0.3040364583333333 0.49453125 0.306640625 0.5125 0.3098958333333333 0.51953125 0.3235677083333333 0.53046875 0.337890625 0.5328125 0.3684895833333333 0.52109375 0.3782552083333333 0.51015625 0.37890625 0.49296875 0.3756510416666667 0.46484375 0.3717447916666667 0.4546875 0.365234375 0.4484375 0.35546875 0.4484375 0.3313802083333333 0.45859375 0.3131510416666667 0.4671875
0 0.19596354166666666 0.396875 0.19661458333333334 0.4171875 0.22526041666666666 0.43984375 0.2526041666666667 0.41640625 0.265625 0.3984375 0.2669270833333333 0.3921875 0.24609375 0.3625 0.23307291666666666 0.35078125 0.22265625 0.3484375 0.21744791666666666 0.35078125 0.208984375 0.3625 0.19791666666666666 0.38671875
0 0.5618489583333334 0.471875 0.5611979166666666 0.4875 0.568359375 0.51015625 0.5690104166666666 0.53671875 0.572265625 0.54296875 0.6015625 0.5421875 0.6243489583333334 0.53671875 0.6315104166666666 0.53203125 0.63671875 0.50859375 0.6328125 0.484375 0.6087239583333334 0.45625 0.6002604166666666 0.4515625 0.5865885416666666 0.4515625 0.5696614583333334 0.45859375
0 0.4049479166666667 0.6296875 0.4088541666666667 0.66171875 0.4212239583333333 0.6859375 0.4270833333333333 0.69375 0.4427083333333333 0.7015625 0.4563802083333333 0.7 0.46875 0.68828125 0.4720052083333333 0.6796875 0.470703125 0.66640625 0.4811197916666667 0.66015625 0.4876302083333333 0.64453125 0.486328125 0.63046875 0.478515625 0.61640625 0.482421875 0.5984375 0.4739583333333333 0.58359375 0.466796875 0.58046875 0.4459635416666667 0.58203125 0.4322916666666667 0.59140625 0.4127604166666667 0.609375
0 0.5149739583333334 0.5484375 0.515625 0.571875 0.5266927083333334 0.58203125 0.5299479166666666 0.59140625 0.5403645833333334 0.5921875 0.5559895833333334 0.57890625 0.5546875 0.53359375 0.5475260416666666 0.509375 0.541015625 0.51015625 0.5286458333333334 0.521875 0.517578125 0.53828125
0 0.5572916666666666 0.65625 0.556640625 0.6796875 0.5611979166666666 0.6859375 0.5950520833333334 0.69609375 0.6009114583333334 0.69296875 0.6067708333333334 0.684375 0.609375 0.66640625 0.5989583333333334 0.66015625 0.591796875 0.63984375 0.5716145833333334 0.6359375 0.560546875 0.64765625
0 0.8020833333333334 0.70078125 0.802734375 0.7171875 0.8092447916666666 0.73046875 0.8203125 0.74140625 0.8287760416666666 0.74140625 0.8385416666666666 0.721875 0.837890625 0.703125 0.8313802083333334 0.6890625 0.82421875 0.68359375 0.81640625 0.68515625 0.8072916666666666 0.69140625
0 0.7044270833333334 0.7015625 0.7037760416666666 0.715625 0.7102864583333334 0.740625 0.7174479166666666 0.74921875 0.7265625 0.75078125 0.7421875 0.74375 0.7604166666666666 0.72734375 0.7662760416666666 0.7140625 0.7701822916666666 0.6890625 0.7662760416666666 0.678125 0.7493489583333334 0.6625 0.7291666666666666 0.659375 0.72265625 0.6625 0.7161458333333334 0.67109375
0 0.572265625 0.74609375 0.5716145833333334 0.78671875 0.57421875 0.79375 0.5833333333333334 0.79609375 0.6302083333333334 0.77421875 0.6510416666666666 0.76015625 0.65625 0.75234375 0.6497395833333334 0.71953125 0.6334635416666666 0.70546875 0.6263020833333334 0.70546875 0.5833333333333334 0.71953125 0.57421875 0.7296875
0 0.3313802083333333 0.7171875 0.3307291666666667 0.73046875 0.3333333333333333 0.74140625 0.3359375 0.74765625 0.3411458333333333 0.74921875 0.3587239583333333 0.74609375 0.3802083333333333 0.7375 0.3873697916666667 0.73046875 0.3893229166666667 0.72421875 0.38671875 0.69921875 0.376953125 0.69140625 0.33984375 0.70390625
0 0.3203125 0.83515625 0.3190104166666667 0.84296875 0.3209635416666667 0.846875 0.330078125 0.84921875 0.3411458333333333 0.859375 0.35546875 0.859375 0.3821614583333333 0.8375 0.38671875 0.82890625 0.39453125 0.8234375 0.396484375 0.81328125 0.39453125 0.8 0.3795572916666667 0.78046875 0.3600260416666667 0.77890625 0.33984375 0.79609375 0.33203125 0.815625
0 0.208984375 0.7578125 0.20377604166666666 0.7890625 0.20768229166666666 0.815625 0.21354166666666666 0.82734375 0.22330729166666666 0.83125 0.23828125 0.8296875 0.2513020833333333 0.82421875 0.265625 0.81015625 0.265625 0.78359375 0.24739583333333334 0.74921875 0.23697916666666666 0.74296875 0.21875 0.74375 0.21223958333333334 0.74765625
0 0.115234375 0.77265625 0.11653645833333333 0.79296875 0.12630208333333334 0.80390625 0.14453125 0.80703125 0.15755208333333334 0.803125 0.16471354166666666 0.79453125 0.16731770833333334 0.7765625 0.16145833333333334 0.74140625 0.15690104166666666 0.73515625 0.14908854166666666 0.73125 0.13671875 0.73046875 0.12760416666666666 0.73359375 0.12044270833333333 0.7484375
0 0.2265625 0.5109375 0.2265625 0.5484375 0.23046875 0.553125 0.24739583333333334 0.55390625 0.2688802083333333 0.54453125 0.2747395833333333 0.52109375 0.2721354166666667 0.51171875 0.2591145833333333 0.490625 0.23828125 0.4953125
0 0.341796875 0.36875 0.3411458333333333 0.3796875 0.3444010416666667 0.38984375 0.35546875 0.39921875 0.3665364583333333 0.3984375 0.3756510416666667 0.39375 0.3873697916666667 0.3828125 0.3893229166666667 0.375 0.3880208333333333 0.3609375 0.3841145833333333 0.35078125 0.37890625 0.34375 0.3704427083333333 0.3390625 0.3619791666666667 0.3390625 0.3528645833333333 0.34375
0 0.4095052083333333 0.87109375 0.4088541666666667 0.8828125 0.4114583333333333 0.89296875 0.4290364583333333 0.91640625 0.4375 0.921875 0.4466145833333333 0.9234375 0.4583333333333333 0.9140625 0.4596354166666667 0.9 0.4537760416666667 0.884375 0.4453125 0.87265625 0.4251302083333333 0.8578125 0.4153645833333333 0.85859375
0 0.6197916666666666 0.7953125 0.619140625 0.81953125 0.62890625 0.84453125 0.6334635416666666 0.87265625 0.6393229166666666 0.878125 0.662109375 0.88125 0.67578125 0.8796875 0.6790364583333334 0.87421875 0.68359375 0.83125 0.673828125 0.80703125 0.671875 0.7953125 0.666015625 0.79140625 0.6640625 0.7890625 0.6653645833333334 0.7859375 0.6614583333333334 0.7828125 0.6263020833333334 0.78359375 0.6223958333333334 0.78671875
0 0.7350260416666666 0.85625 0.734375 0.87265625 0.744140625 0.89375 0.7623697916666666 0.91796875 0.7936197916666666 0.95 0.8040364583333334 0.95234375 0.8196614583333334 0.93515625 0.8248697916666666 0.89375 0.8229166666666666 0.86875 0.818359375 0.85546875 0.8001302083333334 0.8296875 0.7688802083333334 0.8203125 0.7513020833333334 0.8296875 0.7434895833333334 0.8375
0 0.4596354166666667 0.13671875 0.458984375 0.171875 0.462890625 0.18671875 0.4772135416666667 0.190625 0.498046875 0.175 0.5052083333333334 0.15546875 0.5052083333333334 0.14375 0.501953125 0.1359375 0.4661458333333333 0.12734375