1 0.2721354166666667 0.16640625 0.2734375 0.18515625 0.2779947916666667 0.19296875 0.29296875 0.20703125 0.3059895833333333 0.21484375 0.32421875 0.215625 0.3391927083333333 0.19765625 0.3430989583333333 0.1890625 0.3444010416666667 0.146875 0.3385416666666667 0.1328125 0.330078125 0.1328125 0.3177083333333333 0.12734375 0.2994791666666667 0.13125 0.2864583333333333 0.140625 0.2760416666666667 0.1546875
1 0.08463541666666667 0.20390625 0.08528645833333333 0.215625 0.11783854166666667 0.24453125 0.13606770833333334 0.25 0.17838541666666666 0.253125 0.22005208333333334 0.21875 0.22786458333333334 0.209375 0.24283854166666666 0.16796875 0.24153645833333334 0.15390625 0.234375 0.13359375 0.22721354166666666 0.12421875 0.20572916666666666 0.11875 0.189453125 0.121875 0.10546875 0.171875 0.09440104166666667 0.18203125
1 0.059244791666666664 0.0953125 0.057942708333333336 0.10390625 0.0625 0.12265625 0.07552083333333333 0.13828125 0.08528645833333333 0.14453125 0.11588541666666667 0.1546875 0.12890625 0.1546875 0.14388020833333334 0.14765625 0.14908854166666666 0.140625 0.14713541666666666 0.13125 0.14192708333333334 0.12421875 0.115234375 0.10234375 0.07942708333333333 0.090625 0.06510416666666667 0.090625
1 0.10091145833333333 0.40078125 0.09895833333333333 0.41484375 0.10481770833333333 0.4296875 0.126953125 0.45 0.13541666666666666 0.4515625 0.20703125 0.38359375 0.2109375 0.3765625 0.2109375 0.36875 0.193359375 0.328125 0.18815104166666666 0.32578125 0.16796875 0.3390625 0.111328125 0.38671875
1 0.22981770833333334 0.36640625 0.23046875 0.3859375 0.23893229166666666 0.4203125 0.244140625 0.4265625 0.2545572916666667 0.4296875 0.29296875 0.4296875 0.3177083333333333 0.40390625 0.3209635416666667 0.38671875 0.3203125 0.365625 0.3014322916666667 0.34609375 0.2955729166666667 0.3234375 0.2903645833333333 0.3140625 0.265625 0.31171875 0.25 0.315625 0.240234375 0.32890625
1 0.22721354166666666 0.528125 0.228515625 0.54140625 0.23763020833333334 0.55234375 0.244140625 0.55625 0.2649739583333333 0.559375 0.2747395833333333 0.55390625 0.2897135416666667 0.5390625 0.296875 0.5203125 0.296875 0.51015625 0.291015625 0.49609375 0.2825520833333333 0.4875 0.275390625 0.4828125 0.2649739583333333 0.4828125 0.2513020833333333 0.4875 0.24544270833333334 0.49296875
1 0.06705729166666667 0.61015625 0.06705729166666667 0.6328125 0.07552083333333333 0.65078125 0.08138020833333333 0.6734375 0.09440104166666667 0.68359375 0.10546875 0.7 0.1171875 0.703125 0.17903645833333334 0.69609375 0.220703125 0.6703125 0.23958333333333334 0.64609375 0.24283854166666666 0.59140625 0.23763020833333334 0.58046875 0.205078125 0.54140625 0.19075520833333334 0.53125 0.16471354166666666 0.521875 0.115234375 0.5203125 0.10546875 0.52578125 0.09309895833333333 0.5515625 0.07682291666666667 0.5703125
1 0.3587239583333333 0.4640625 0.357421875 0.4796875 0.3645833333333333 0.52265625 0.3697916666666667 0.5296875 0.3802083333333333 0.53515625 0.41796875 0.53671875 0.455078125 0.52265625 0.4680989583333333 0.5125 0.4733072916666667 0.5046875 0.4739583333333333 0.484375 0.4713541666666667 0.46953125 0.4654947916666667 0.44375 0.4557291666666667 0.42265625 0.4140625 0.43046875
1 0.3658854166666667 0.30546875 0.365234375 0.33515625 0.3763020833333333 0.3453125 0.392578125 0.3484375 0.42578125 0.346875 0.4342447916666667 0.34375 0.4388020833333333 0.3359375 0.4388020833333333 0.32109375 0.435546875 0.30703125 0.4303385416666667 0.29921875 0.421875 0.27265625 0.404296875 0.24296875 0.3997395833333333 0.24375 0.390625 0.2546875 0.3854166666666667 0.2671875 0.3704427083333333 0.28671875
1 0.4596354166666667 0.2453125 0.4576822916666667 0.25234375 0.4615885416666667 0.2671875 0.4720052083333333 0.28046875 0.4921875 0.31875 0.53125 0.36640625 0.5423177083333334 0.371875 0.5670572916666666 0.36796875 0.5755208333333334 0.36171875 0.6165364583333334 0.253125 0.6158854166666666 0.24765625 0.611328125 0.24375 0.59375 0.2421875 0.5188802083333334 0.24609375
1 0.662109375 0.18359375 0.6608072916666666 0.19921875 0.6647135416666666 0.2171875 0.6770833333333334 0.2390625 0.6901041666666666 0.2484375 0.7037760416666666 0.24921875 0.7126302083333332 0.254375 0.7272135416666666 0.26875 0.736328125 0.26953125 0.7552083333333334 0.26328125 0.7623697916666666 0.2578125 0.791015625 0.18203125 0.7916666666666666 0.16171875 0.7890625 0.15 0.7584635416666666 0.121875 0.72265625 0.12109375 0.6979166666666666 0.11328125 0.6907552083333334 0.11875 0.6790364583333334 0.13984375 0.6640625 0.171875
1 0.7317708333333334 0.28984375 0.7311197916666666 0.34765625 0.7447916666666666 0.3921875 0.748046875 0.39609375 0.7623697916666666 0.3921875 0.7805989583333334 0.3953125 0.8098958333333334 0.3859375 0.8177083333333334 0.37890625 0.8229166666666666 0.36640625 0.8177083333333334 0.3421875 0.8274739583333334 0.3234375 0.8333333333333334 0.29375 0.849609375 0.2546875 0.8502604166666666 0.22265625 0.8463541666666666 0.2171875 0.8313802083333334 0.22109375 0.7578125 0.271875 0.7376302083333334 0.2828125
1 0.4674479166666667 0.65 0.46875 0.65859375 0.4654947916666667 0.6640625 0.4654947916666667 0.67421875 0.47265625 0.6765625 0.5338541666666666 0.66171875 0.5501302083333334 0.653125 0.5572916666666666 0.65390625 0.5748697916666666 0.63984375 0.5755208333333334 0.625 0.5703125 0.60234375 0.5572916666666666 0.56640625 0.5481770833333334 0.5484375 0.5286458333333334 0.52890625 0.5188802083333334 0.51484375 0.509765625 0.51875 0.498046875 0.5359375 0.4869791666666667 0.58515625
1 0.5774739583333334 0.51796875 0.578125 0.5296875 0.591796875 0.553125 0.5970052083333334 0.55703125 0.611328125 0.57890625 0.6295572916666666 0.6203125 0.6354166666666666 0.6265625 0.654296875 0.63359375 0.6647135416666666 0.64296875 0.673828125 0.6421875 0.6829427083333334 0.63515625 0.7135416666666666 0.60546875 0.732421875 0.578125 0.7311197916666666 0.56640625 0.7259114583333334 0.55703125 0.6966145833333334 0.5296875 0.6783854166666666 0.5015625 0.650390625 0.48203125 0.6373697916666666 0.4828125
1 0.74609375 0.484375 0.7454427083333334 0.4984375 0.7506510416666666 0.515625 0.7532552083333334 0.5578125 0.7584635416666666 0.56484375 0.779296875 0.5734375 0.8001302083333334 0.57421875 0.8209635416666666 0.56796875 0.876953125 0.5359375 0.892578125 0.521875 0.8977864583333334 0.51328125 0.8912760416666666 0.49609375 0.865234375 0.465625 0.837890625 0.4453125 0.82421875 0.4390625 0.7994791666666666 0.43515625 0.7825520833333334 0.43515625 0.7682291666666666 0.4390625 0.7565104166666666 0.44921875
1 0.681640625 0.759375 0.6822916666666666 0.8109375 0.6848958333333334 0.81953125 0.7272135416666666 0.85390625 0.7473958333333334 0.8625 0.7623697916666666 0.8640625 0.7962239583333334 0.85625 0.8235677083333334 0.834375 0.8346354166666666 0.815625 0.8359375 0.76953125 0.8294270833333334 0.73984375 0.8307291666666666 0.7171875 0.8235677083333334 0.6953125 0.8177083333333334 0.6875 0.7682291666666666 0.69375 0.7506510416666666 0.69296875 0.71484375 0.70234375 0.697265625 0.715625 0.6881510416666666 0.728125
1 0.5006510416666666 0.77421875 0.5026041666666666 0.79921875 0.525390625 0.821875 0.5546875 0.8453125 0.5885416666666666 0.85390625 0.595703125 0.8515625 0.59765625 0.83984375 0.5950520833333334 0.8140625 0.5885416666666666 0.796875 0.5807291666666666 0.78984375 0.5768229166666666 0.7578125 0.5709635416666666 0.746875 0.54296875 0.76015625 0.5149739583333334 0.759375 0.5045572916666666 0.76484375
1 0.3177083333333333 0.7375 0.3170572916666667 0.7515625 0.337890625 0.76875 0.34765625 0.7796875 0.3619791666666667 0.80390625 0.37890625 0.81796875 0.40625 0.81640625 0.4153645833333333 0.81875 0.4576822916666667 0.79375 0.4641927083333333 0.784375 0.466796875 0.74765625 0.46484375 0.72578125 0.404296875 0.69375 0.3834635416666667 0.69375 0.3548177083333333 0.678125 0.33984375 0.68046875 0.33203125 0.68828125 0.330078125 0.69453125 0.3294270833333333 0.7234375 0.322265625 0.72890625
1 0.14127604166666666 0.8171875 0.14322916666666666 0.83671875 0.13411458333333334 0.8421875 0.13671875 0.859375 0.14583333333333334 0.86484375 0.16341145833333334 0.86484375 0.21744791666666666 0.84609375 0.21940104166666666 0.84296875 0.21809895833333334 0.83046875 0.234375 0.81484375 0.23567708333333334 0.8 0.23111979166666666 0.7921875 0.21419270833333334 0.77890625 0.19856770833333334 0.77578125 0.17643229166666666 0.7890625 0.14973958333333334 0.79921875
1 0.376953125 0.9265625 0.3782552083333333 0.94609375 0.390625 0.97890625 0.408203125 0.9828125 0.431640625 0.9703125 0.4368489583333333 0.9640625 0.4401041666666667 0.9265625 0.435546875 0.89609375 0.4322916666666667 0.88984375 0.4114583333333333 0.89375 0.3932291666666667 0.91640625 0.3821614583333333 0.9203125