1 0.07421875 0.25625 0.07356770833333333 0.2671875 0.076171875 0.27265625 0.10221354166666667 0.284375 0.11848958333333333 0.28359375 0.150390625 0.27421875 0.16080729166666666 0.265625 0.16927083333333334 0.24375 0.16861979166666666 0.22421875 0.15625 0.20078125 0.15104166666666666 0.1765625 0.13802083333333334 0.1609375 0.1328125 0.1484375 0.12369791666666667 0.146875 0.10481770833333333 0.15390625 0.091796875 0.17109375 0.08528645833333333 0.19375 0.08333333333333333 0.228125
1 0.15364583333333334 0.4234375 0.15364583333333334 0.43515625 0.15690104166666666 0.440625 0.189453125 0.478125 0.21875 0.484375 0.2552083333333333 0.50078125 0.275390625 0.49609375 0.2819010416666667 0.490625 0.265625 0.41328125 0.2526041666666667 0.39296875 0.240234375 0.39140625 0.17578125 0.40859375 0.15755208333333334 0.41640625
1 0.46484375 0.2015625 0.4641927083333333 0.21796875 0.45703125 0.2375 0.4596354166666667 0.24453125 0.4765625 0.2453125 0.4898001302083333 0.23828125 0.498046875 0.23828125 0.5390625 0.25 0.5481770833333334 0.25078125 0.55078125 0.24765625 0.5514322916666666 0.21328125 0.5390625 0.18125 0.5403645833333334 0.171875 0.5319010416666666 0.15625 0.5208333333333334 0.15 0.5071614583333334 0.1328125 0.4986979166666667 0.13359375 0.4889322916666667 0.15703125
1 0.484375 0.24453125 0.484375 0.28515625 0.4869791666666667 0.303125 0.4973958333333333 0.3328125 0.505859375 0.33984375 0.5234375 0.3421875 0.5338541666666666 0.34765625 0.5403645833333334 0.346875 0.54296875 0.3390625 0.54296875 0.30234375 0.537109375 0.25546875 0.529296875 0.25078125 0.4915364583333333 0.240625 0.4869791666666667 0.240625
1 0.5611979166666666 0.37109375 0.5618489583333334 0.38359375 0.5748697916666666 0.39765625 0.5859375 0.40078125 0.6022135416666666 0.3953125 0.630859375 0.3625 0.6458333333333334 0.3359375 0.638671875 0.32734375 0.6139322916666666 0.31015625 0.6080729166666666 0.31015625 0.5729166666666666 0.3453125 0.5638020833333334 0.36015625
1 0.7643229166666666 0.40546875 0.7649739583333334 0.41796875 0.7825520833333334 0.45078125 0.787109375 0.45703125 0.7936197916666666 0.4578125 0.8092447916666666 0.44375 0.8515625 0.39375 0.8541666666666666 0.3796875 0.8430989583333334 0.36171875 0.833984375 0.36015625 0.78515625 0.3796875
1 0.47265625 0.4390625 0.470703125 0.44765625 0.4765625 0.46015625 0.4837239583333333 0.46796875 0.4908854166666667 0.46875 0.5260416666666666 0.44453125 0.5501302083333334 0.421875 0.5559895833333334 0.40546875 0.5533854166666666 0.40234375 0.53515625 0.40234375 0.5240885416666666 0.4078125 0.5045572916666666 0.41015625
1 0.53515625 0.4921875 0.5358072916666666 0.5 0.5677083333333334 0.553125 0.5735677083333334 0.5578125 0.5852864583333334 0.55625 0.5924479166666666 0.5515625 0.6263020833333334 0.509375 0.6236979166666666 0.5 0.6158854166666666 0.490625 0.5983072916666666 0.4765625 0.5859375 0.47265625 0.5572916666666666 0.47109375 0.5442708333333334 0.48046875
1 0.365234375 0.46640625 0.3645833333333333 0.4734375 0.3684895833333333 0.48046875 0.4108072916666667 0.50546875 0.4134114583333333 0.5046875 0.4108072916666667 0.47890625 0.3971354166666667 0.43359375 0.390625 0.43359375 0.37890625 0.4453125
1 0.466796875 0.5828125 0.4661458333333333 0.58984375 0.4700520833333333 0.59453125 0.5052083333333334 0.61171875 0.513671875 0.60546875 0.5266927083333334 0.5875 0.537109375 0.5671875 0.5397135416666666 0.553125 0.5045572916666666 0.5234375 0.4973958333333333 0.521875 0.47265625 0.5671875
1 0.376953125 0.20390625 0.3763020833333333 0.23203125 0.37109375 0.25 0.3704427083333333 0.26328125 0.373046875 0.27109375 0.3795572916666667 0.2765625 0.408203125 0.26640625 0.419921875 0.25546875 0.43359375 0.23359375 0.43359375 0.20078125 0.41796875 0.18203125 0.41015625 0.18125 0.3834635416666667 0.19453125
1 0.24153645833333334 0.3203125 0.23828125 0.353125 0.2545572916666667 0.384375 0.26171875 0.390625 0.2858072916666667 0.396875 0.3059895833333333 0.4203125 0.3125 0.43203125 0.3248697916666667 0.43671875 0.330078125 0.43203125 0.33984375 0.4109375 0.357421875 0.3875 0.3658854166666667 0.35546875 0.4029947916666667 0.29296875 0.3938802083333333 0.2859375 0.330078125 0.2640625 0.2688802083333333 0.2375 0.2610677083333333 0.23671875 0.255859375 0.24375
1 0.7005208333333334 0.59921875 0.701171875 0.61171875 0.7076822916666666 0.61953125 0.7291666666666666 0.6296875 0.7434895833333334 0.6328125 0.7708333333333334 0.60546875 0.7740885416666666 0.59765625 0.7701822916666666 0.58828125 0.759765625 0.578125 0.7376302083333334 0.56953125 0.7174479166666666 0.57421875
1 0.7604166666666666 0.646875 0.7578125 0.65 0.7578125 0.65703125 0.7610677083333334 0.671875 0.7747395833333334 0.6875 0.7819010416666666 0.709375 0.8001302083333334 0.7234375 0.806640625 0.7234375 0.81640625 0.70546875 0.822265625 0.6859375 0.82421875 0.66640625 0.8177083333333334 0.64765625 0.8059895833333334 0.6359375 0.7884114583333334 0.63125 0.7819010416666666 0.63203125
1 0.57421875 0.79453125 0.5716145833333334 0.825 0.576171875 0.83671875 0.58203125 0.84140625 0.5989583333333334 0.8421875 0.61328125 0.84921875 0.658203125 0.8265625 0.6796875 0.8078125 0.6888020833333334 0.7921875 0.7024739583333334 0.7828125 0.7096354166666666 0.77265625 0.7115885416666666 0.76484375 0.7063802083333334 0.74765625 0.67578125 0.69296875 0.6614583333333334 0.67734375 0.6529947916666666 0.67421875 0.6412760416666666 0.675 0.6080729166666666 0.6875 0.5983072916666666 0.69609375 0.591796875 0.71953125 0.5891927083333334 0.74921875
1 0.3190104166666667 0.7703125 0.3196614583333333 0.7859375 0.3287760416666667 0.79296875 0.3938802083333333 0.825 0.404296875 0.82578125 0.4147135416666667 0.8109375 0.4381510416666667 0.7421875 0.4602864583333333 0.6984375 0.4622395833333333 0.68515625 0.453125 0.68125 0.4134114583333333 0.68359375 0.376953125 0.6984375 0.3509114583333333 0.7171875 0.3391927083333333 0.74140625
1 0.08658854166666667 0.896875 0.08528645833333333 0.909375 0.08854166666666667 0.925 0.103515625 0.934375 0.11263020833333333 0.934375 0.14518229166666666 0.9109375 0.16080729166666666 0.89609375 0.17057291666666666 0.88125 0.17122395833333334 0.86796875 0.16796875 0.86015625 0.150390625 0.84453125 0.13346354166666666 0.83671875 0.12630208333333334 0.8375 0.109375 0.85546875
1 0.3046875 0.915625 0.3046875 0.9546875 0.3118489583333333 0.9703125 0.3125 0.98515625 0.3216145833333333 0.9859375 0.33203125 0.9765625 0.349609375 0.97890625 0.3600260416666667 0.97109375 0.3704427083333333 0.9453125 0.37109375 0.89453125 0.3658854166666667 0.88046875 0.3561197916666667 0.875 0.3502604166666667 0.875 0.3404947916666667 0.88125 0.322265625 0.8859375 0.3125 0.89609375
1 0.734375 0.1625 0.7376302083333334 0.17890625 0.75 0.2078125 0.75390625 0.23203125 0.7578125 0.23671875 0.767578125 0.23359375 0.7740885416666666 0.2234375 0.7740885416666666 0.2171875 0.7584635416666666 0.16484375 0.74609375 0.15 0.7408854166666666 0.15078125
1 0.7655403645833333 0.2559921875 0.00020182291666666667 0.0921015625
1 0.63671875 0.27890625 0.63671875 0.2890625 0.640625 0.290625 0.650390625 0.284375 0.65234375 0.2796875 0.666015625 0.2734375 0.6790364583333334 0.271875 0.6868489583333334 0.26640625 0.6868489583333334 0.25859375 0.6783854166666666 0.22890625 0.6712239583333334 0.2171875 0.6536458333333334 0.21953125 0.6451822916666666 0.22421875
1 0.2506510416666667 0.0421875 0.2526041666666667 0.059375 0.24869791666666666 0.078125 0.2552083333333333 0.08828125 0.26171875 0.0890625 0.279296875 0.08203125 0.2936197916666667 0.0640625 0.29296875 0.0578125 0.2740885416666667 0.0359375 0.2571614583333333 0.03671875
1 0.12044270833333333 0.63828125 0.119140625 0.671875 0.12565104166666666 0.67734375 0.15755208333333334 0.67578125 0.18684895833333334 0.66484375 0.22526041666666666 0.66171875 0.24153645833333334 0.65703125 0.24479166666666666 0.6546875 0.248046875 0.64296875 0.2545572916666667 0.6078125 0.255859375 0.58125 0.25 0.57734375 0.232421875 0.57578125 0.18294270833333334 0.58359375 0.12955729166666666 0.5859375 0.12434895833333333 0.59296875