0 0.29296875 0.22734375 0.2903645833333333 0.24453125 0.2936197916666667 0.26953125 0.2962239583333333 0.2734375 0.3020833333333333 0.27578125 0.3326822916666667 0.27578125 0.3404947916666667 0.26796875 0.3430989583333333 0.23203125 0.337890625 0.221875 0.3287760416666667 0.215625 0.3053385416666667 0.21484375 0.296875 0.2171875
0 0.11263020833333333 0.03359375 0.11588541666666667 0.0765625 0.12630208333333334 0.0921875 0.140625 0.09453125 0.16536458333333334 0.090625 0.177734375 0.0828125 0.17838541666666666 0.07265625 0.173828125 0.05859375 0.17057291666666666 0.034375 0.134765625 0.02734375 0.11653645833333333 0.03046875
0 0.13541666666666666 0.32421875 0.1328125 0.3546875 0.140625 0.3609375 0.15234375 0.359375 0.16276041666666666 0.353125 0.173828125 0.32734375 0.16927083333333334 0.30859375 0.16341145833333334 0.3046875 0.15755208333333334 0.29296875 0.150390625 0.2859375 0.14388020833333334 0.2859375
0 0.19661458333333334 0.36015625 0.19596354166666666 0.37265625 0.20247395833333334 0.390625 0.197265625 0.41484375 0.21223958333333334 0.453125 0.234375 0.4546875 0.24153645833333334 0.45234375 0.2545572916666667 0.44453125 0.275390625 0.421875 0.28125 0.3921875 0.283203125 0.3546875 0.2734375 0.3359375 0.23697916666666666 0.3171875 0.22591145833333334 0.325 0.20963541666666666 0.3296875
0 0.333984375 0.0375 0.333984375 0.0578125 0.3385416666666667 0.07109375 0.35546875 0.08515625 0.3717447916666667 0.08984375 0.3802083333333333 0.06875 0.3828125 0.04765625 0.3743489583333333 0.02890625 0.36328125 0.01875 0.35546875 0.01796875 0.3391927083333333 0.028125
0 0.4700520833333333 0.19453125 0.466796875 0.19921875 0.46875 0.209375 0.5084635416666666 0.2640625 0.51953125 0.2640625 0.5325520833333334 0.25859375 0.5390625 0.25078125 0.548828125 0.23046875 0.548828125 0.21953125 0.515625 0.1703125 0.48046875 0.18515625
0 0.4537760416666667 0.4359375 0.44921875 0.45703125 0.4563802083333333 0.47109375 0.4720052083333333 0.47265625 0.4967447916666667 0.46953125 0.5071614583333334 0.4640625 0.515625 0.453125 0.5201822916666666 0.4390625 0.5208333333333334 0.41953125 0.5162760416666666 0.4125 0.501953125 0.40546875 0.4908854166666667 0.3921875 0.486328125 0.39296875 0.4713541666666667 0.4046875
0 0.41015625 0.35625 0.4095052083333333 0.37265625 0.4134114583333333 0.3859375 0.4192708333333333 0.3953125 0.42578125 0.39765625 0.4440104166666667 0.3796875 0.4563802083333333 0.36171875 0.4576822916666667 0.35546875 0.4427083333333333 0.34140625 0.4251302083333333 0.3359375
0 0.6380208333333334 0.3 0.6373697916666666 0.30703125 0.6432291666666666 0.31484375 0.6640625 0.325 0.705078125 0.32578125 0.7272135416666666 0.33359375 0.7473958333333334 0.3265625 0.75390625 0.3203125 0.7649739583333334 0.30078125 0.7662760416666666 0.28359375 0.7506510416666666 0.2609375 0.7291666666666666 0.24609375 0.7102864583333334 0.24140625 0.6861979166666666 0.24453125 0.67578125 0.240625 0.6588541666666666 0.26171875
0 0.7649739583333334 0.2 0.7649739583333334 0.215625 0.7734375 0.228125 0.7877604166666666 0.2390625 0.8001302083333334 0.240625 0.814453125 0.23046875 0.8274739583333334 0.21328125 0.83203125 0.19921875 0.8326822916666666 0.1765625 0.8255208333333334 0.16640625 0.8098958333333334 0.1671875 0.7727864583333334 0.18671875
0 0.80078125 0.290625 0.8001302083333334 0.3046875 0.8079427083333334 0.3234375 0.8307291666666666 0.34921875 0.837890625 0.34921875 0.8430989583333334 0.3453125 0.8626302083333334 0.32109375 0.8697916666666666 0.296875 0.8665364583333334 0.27890625 0.8606770833333334 0.26484375 0.8522135416666666 0.2578125 0.8359375 0.2546875 0.822265625 0.2625
0 0.6940104166666666 0.48203125 0.69140625 0.4921875 0.6927083333333334 0.4984375 0.7046438802083334 0.5088539062499999 0.7141927083333334 0.52265625 0.7259114583333334 0.53125 0.7376302083333334 0.53359375 0.7669270833333334 0.53125 0.771484375 0.52890625 0.779296875 0.5171875 0.7760416666666666 0.49140625 0.763671875 0.4703125 0.7552083333333334 0.46171875 0.7376302083333334 0.45703125 0.7122395833333334 0.45625 0.701171875 0.4640625
1 0.8059895833333334 0.70546875 0.8033854166666666 0.7578125 0.8072916666666666 0.76953125 0.828125 0.78203125 0.8502604166666666 0.7828125 0.8600260416666666 0.77734375 0.8763020833333334 0.75625 0.8782552083333334 0.74296875 0.8756510416666666 0.73515625 0.8528645833333334 0.703125 0.8196614583333334 0.6921875 0.80859375 0.6953125
1 0.5859375 0.7234375 0.583984375 0.7640625 0.5872395833333334 0.7796875 0.5846354166666666 0.7890625 0.5872395833333334 0.81484375 0.5944010416666666 0.8203125 0.615234375 0.82265625 0.6263020833333334 0.82265625 0.6399739583333334 0.81796875 0.642578125 0.809375 0.6328125 0.78671875 0.6315104166666666 0.7765625 0.6341145833333334 0.765625 0.6412760416666666 0.75546875 0.6477864583333334 0.7328125 0.6477864583333334 0.71953125 0.64453125 0.70703125 0.6158854166666666 0.69453125 0.6022135416666666 0.6953125 0.59375 0.70234375
1 0.6614583333333334 0.846875 0.6608072916666666 0.8765625 0.66796875 0.9140625 0.6764322916666666 0.921875 0.689453125 0.92578125 0.7005208333333334 0.91171875 0.7005208333333334 0.8796875 0.703125 0.8671875 0.7018229166666666 0.84140625 0.69921875 0.834375 0.6920572916666666 0.82734375 0.6751302083333334 0.82421875 0.6640625 0.83515625
1 0.5852864583333334 0.72578125 0.5833333333333334 0.7671875 0.5865885416666666 0.77890625 0.5846354166666666 0.79921875 0.587890625 0.815625 0.6061197916666666 0.82109375 0.6276041666666666 0.82109375 0.6399739583333334 0.8171875 0.642578125 0.80859375 0.6315104166666666 0.78125 0.6315104166666666 0.77265625 0.6412760416666666 0.75546875 0.6432291666666666 0.7421875 0.6477864583333334 0.73203125 0.6458333333333334 0.70859375 0.6393229166666666 0.703125 0.6184895833333334 0.6953125 0.6028645833333334 0.6953125 0.5944010416666666 0.70078125
1 0.4440104166666667 0.74375 0.4453125 0.7625 0.4518229166666667 0.775 0.4596354166666667 0.7828125 0.5013020833333334 0.80390625 0.5149739583333334 0.82109375 0.5247395833333334 0.82109375 0.53125 0.81640625 0.5390625 0.775 0.5475260416666666 0.75859375 0.5481770833333334 0.74765625 0.533203125 0.71484375 0.5240885416666666 0.7046875 0.5104166666666666 0.6984375 0.4915364583333333 0.70234375 0.4837239583333333 0.69609375 0.4765625 0.6953125 0.455078125 0.70859375
1 0.390625 0.9 0.3899739583333333 0.9078125 0.396484375 0.92578125 0.4134114583333333 0.9390625 0.4212239583333333 0.9390625 0.4244791666666667 0.9359375 0.4427083333333333 0.9046875 0.4401041666666667 0.88671875 0.435546875 0.8765625 0.4251302083333333 0.87109375 0.4186197916666667 0.87265625 0.39453125 0.8921875
1 0.4720052083333333 0.90625 0.4713541666666667 0.91796875 0.474609375 0.92265625 0.4869791666666667 0.92578125 0.5006510416666666 0.9234375 0.521484375 0.93671875 0.5299479166666666 0.9359375 0.5345052083333334 0.92265625 0.5325520833333334 0.896875 0.525390625 0.884375 0.515625 0.8796875 0.4967447916666667 0.8828125 0.4915364583333333 0.88828125 0.4791666666666667 0.89296875
1 0.3470052083333333 0.78828125 0.3470052083333333 0.796875 0.35546875 0.82265625 0.359375 0.82578125 0.392578125 0.8078125 0.4069010416666667 0.7859375 0.3997395833333333 0.77265625 0.3763020833333333 0.7546875 0.3684895833333333 0.75390625 0.359375 0.7609375 0.3541666666666667 0.77734375
1 0.236328125 0.840625 0.23763020833333334 0.85859375 0.24739583333333334 0.86953125 0.2571614583333333 0.87421875 0.2682291666666667 0.8734375 0.2799479166666667 0.88203125 0.296875 0.8875 0.31640625 0.85546875 0.3190104166666667 0.8265625 0.31640625 0.81796875 0.3046875 0.80625 0.291015625 0.79921875 0.2845052083333333 0.79921875 0.265625 0.81015625 0.255859375 0.82265625 0.240234375 0.8328125
1 0.09895833333333333 0.853125 0.09895833333333333 0.859375 0.11002604166666667 0.86640625 0.140625 0.8703125 0.15104166666666666 0.8640625 0.173828125 0.840625 0.17708333333333334 0.8328125 0.17578125 0.815625 0.16536458333333334 0.8 0.154296875 0.79140625 0.12890625 0.7921875 0.12174479166666667 0.79921875