1 0.228515625 0.1625 0.22916666666666666 0.184375 0.23828125 0.2046875 0.236328125 0.23515625 0.24479166666666666 0.25390625 0.25390625 0.26328125 0.2610677083333333 0.26640625 0.296875 0.2671875 0.3190104166666667 0.234375 0.3216145833333333 0.2265625 0.3177083333333333 0.2078125 0.3046875 0.1765625 0.2877604166666667 0.15703125 0.24934895833333334 0.134375 0.23893229166666666 0.13671875
1 0.5026041666666666 0.10078125 0.5026041666666666 0.10859375 0.5065104166666666 0.1171875 0.5533854166666666 0.18515625 0.578125 0.21328125 0.5950520833333334 0.22109375 0.6100260416666666 0.21953125 0.6178385416666666 0.2125 0.6334635416666666 0.1875 0.6380208333333334 0.171875 0.6412760416666666 0.12265625 0.63671875 0.10390625 0.62890625 0.08828125 0.6087239583333334 0.0734375 0.6015625 0.06953125 0.5924479166666666 0.06953125 0.5696614583333334 0.07890625 0.5221354166666666 0.08984375
1 0.6907552083333334 0.15 0.6907552083333334 0.1609375 0.6966145833333334 0.17578125 0.7161458333333334 0.1921875 0.7200520833333334 0.2046875 0.73046875 0.21953125 0.75 0.23046875 0.7545572916666666 0.23828125 0.767578125 0.24453125 0.8072916666666666 0.23828125 0.8209635416666666 0.2296875 0.8385416666666666 0.2125 0.8522135416666666 0.165625 0.8522135416666666 0.11875 0.8450520833333334 0.07734375 0.8365885416666666 0.0640625 0.8196614583333334 0.0546875 0.8059895833333334 0.053125 0.7838541666666666 0.0578125 0.7369791666666666 0.096875
1 0.7063802083333334 0.34609375 0.7063802083333334 0.403125 0.7278645833333334 0.4171875 0.7604166666666666 0.41953125 0.7890625 0.415625 0.8053385416666666 0.403125 0.8092447916666666 0.39765625 0.810546875 0.38671875 0.8190104166666666 0.38125 0.8313802083333334 0.365625 0.8365885416666666 0.34296875 0.828125 0.33046875 0.8248697916666666 0.30625 0.818359375 0.28671875 0.810546875 0.27734375 0.8033854166666666 0.27421875 0.7337239583333334 0.26875 0.7239583333333334 0.27265625 0.7180989583333334 0.2859375 0.7102864583333334 0.31328125
1 0.5520833333333334 0.23671875 0.537109375 0.29609375 0.5377604166666666 0.303125 0.5716145833333334 0.321875 0.6067708333333334 0.33125 0.6119791666666666 0.3296875 0.6204427083333334 0.315625 0.6236979166666666 0.2984375 0.6217447916666666 0.28203125 0.6158854166666666 0.265625 0.5944010416666666 0.23984375 0.5787760416666666 0.228125 0.5572916666666666 0.2234375
1 0.3782552083333333 0.3046875 0.3782552083333333 0.3140625 0.3860677083333333 0.334375 0.39453125 0.34453125 0.4095052083333333 0.353125 0.4283854166666667 0.35390625 0.44921875 0.35 0.4596354166666667 0.3453125 0.4674479166666667 0.3375 0.4674479166666667 0.33125 0.4583333333333333 0.31484375 0.4505208333333333 0.2859375 0.4322916666666667 0.271875 0.4264322916666667 0.27109375 0.4127604166666667 0.27734375 0.3860677083333333 0.2953125
1 0.087890625 0.425 0.08658854166666667 0.43203125 0.09505208333333333 0.4609375 0.13346354166666666 0.475 0.14388020833333334 0.4765625 0.14713541666666666 0.47421875 0.158203125 0.4328125 0.158203125 0.42421875 0.15494791666666666 0.42109375 0.12825520833333334 0.4109375 0.109375 0.4109375
1 0.05859375 0.65234375 0.059895833333333336 0.6671875 0.07877604166666667 0.690625 0.08723958333333333 0.7109375 0.09635416666666667 0.72421875 0.10091145833333333 0.740625 0.103515625 0.765625 0.10872395833333333 0.771875 0.15885416666666666 0.7640625 0.18619791666666666 0.74921875 0.21028645833333334 0.715625 0.22265625 0.6859375 0.22265625 0.675 0.21875 0.66171875 0.19140625 0.63046875 0.18098958333333334 0.6265625 0.15104166666666666 0.6265625 0.09895833333333333 0.603125 0.08854166666666667 0.603125 0.08203125 0.60703125 0.06705729166666667 0.63203125
1 0.1953125 0.6046875 0.19596354166666666 0.62265625 0.203125 0.63984375 0.22330729166666666 0.659375 0.23372395833333334 0.665625 0.24544270833333334 0.66171875 0.26953125 0.66484375 0.283203125 0.66328125 0.345703125 0.6453125 0.3580729166666667 0.6328125 0.3548177083333333 0.5953125 0.349609375 0.56875 0.33203125 0.53515625 0.3294270833333333 0.51796875 0.3248697916666667 0.51328125 0.3072916666666667 0.465625 0.2981770833333333 0.45625 0.2897135416666667 0.46015625 0.23372395833333334 0.51640625 0.22200520833333334 0.534375 0.2109375 0.575 0.19856770833333334 0.59375
1 0.3372395833333333 0.503125 0.3365885416666667 0.525 0.33984375 0.54296875 0.353515625 0.5796875 0.359375 0.5859375 0.3776041666666667 0.58828125 0.3821614583333333 0.58203125 0.3860677083333333 0.55546875 0.3802083333333333 0.51328125 0.3743489583333333 0.50703125 0.3515625 0.49375 0.3444010416666667 0.49453125
1 0.5481770833333334 0.609375 0.5501302083333334 0.6453125 0.5546875 0.659375 0.5709635416666666 0.68203125 0.5807291666666666 0.68671875 0.591796875 0.68515625 0.609375 0.6625 0.6119791666666666 0.6203125 0.6087239583333334 0.61328125 0.5950520833333334 0.60234375 0.568359375 0.5953125 0.5572916666666666 0.5984375
1 0.4752604166666667 0.5421875 0.4752604166666667 0.55078125 0.4837239583333333 0.55703125 0.5234375 0.56953125 0.5397135416666666 0.57890625 0.548828125 0.578125 0.5611979166666666 0.55 0.5787760416666666 0.484375 0.5787760416666666 0.4734375 0.5442708333333334 0.440625 0.5403645833333334 0.43828125 0.521484375 0.4390625 0.51171875 0.45078125 0.5013020833333334 0.4828125 0.4928385416666667 0.4890625
1 0.7337239583333334 0.57109375 0.744140625 0.6671875 0.7734375 0.684375 0.779296875 0.68515625 0.7877604166666666 0.68125 0.8111979166666666 0.66484375 0.8177083333333334 0.65546875 0.826171875 0.6515625 0.837890625 0.65234375 0.869140625 0.64375 0.8763020833333334 0.6328125 0.8795572916666666 0.609375 0.8697916666666666 0.5625 0.8600260416666666 0.5453125 0.84765625 0.53125 0.830078125 0.5328125 0.8111979166666666 0.54140625 0.779296875 0.55
1 0.794921875 0.87265625 0.7962239583333334 0.89921875 0.8131510416666666 0.959375 0.8203125 0.97734375 0.8287760416666666 0.98515625 0.837890625 0.9875 0.904296875 0.9859375 0.9140625 0.98125 0.943359375 0.95703125 0.94140625 0.9390625 0.921875 0.88046875 0.8958333333333334 0.85546875 0.8684895833333334 0.8375 0.8444010416666666 0.83125 0.8216145833333334 0.834375 0.8125 0.84140625
1 0.685546875 0.81015625 0.6848958333333334 0.8234375 0.6881510416666666 0.83828125 0.6959635416666666 0.8453125 0.7044270833333334 0.846875 0.7701822916666666 0.82265625 0.7805989583333334 0.80625 0.79296875 0.79375 0.794921875 0.7859375 0.7884114583333334 0.778125 0.7317708333333334 0.75234375 0.7233072916666666 0.73984375 0.71484375 0.7375 0.7037760416666666 0.7796875 0.6946614583333334 0.7890625
1 0.2936197916666667 0.89296875 0.2936197916666667 0.90546875 0.3053385416666667 0.9390625 0.3111979166666667 0.9390625 0.3313802083333333 0.92890625 0.3515625 0.9125 0.361328125 0.8984375 0.3736979166666667 0.89375 0.3802083333333333 0.88671875 0.3873697916666667 0.871875 0.400390625 0.8546875 0.3977864583333333 0.83671875 0.3880208333333333 0.82109375 0.3815104166666667 0.8171875 0.3450520833333333 0.821875 0.33203125 0.83359375 0.322265625 0.8484375 0.3020833333333333 0.86015625
1 0.4192708333333333 0.76875 0.4186197916666667 0.775 0.4251302083333333 0.7828125 0.5403645833333334 0.77265625 0.546875 0.76953125 0.5462239583333334 0.7515625 0.5436197916666666 0.740625 0.5358072916666666 0.72734375 0.5162760416666666 0.72265625 0.4876302083333333 0.7078125 0.4563802083333333 0.709375 0.451171875 0.71328125