0 0.24088541666666666 0.134375 0.23763020833333334 0.16640625 0.24544270833333334 0.1859375 0.2760416666666667 0.203125 0.2825520833333333 0.20390625 0.2962239583333333 0.19375 0.306640625 0.17109375 0.310546875 0.1484375 0.30859375 0.1359375 0.298828125 0.115625 0.2884114583333333 0.11328125 0.2506510416666667 0.1171875 0.24674479166666666 0.1203125
0 0.09635416666666667 0.25078125 0.09635416666666667 0.26484375 0.10221354166666667 0.2765625 0.12044270833333333 0.2890625 0.134765625 0.29140625 0.16666666666666666 0.2796875 0.177734375 0.26875 0.1796875 0.23671875 0.17643229166666666 0.22734375 0.1640625 0.21796875 0.13216145833333334 0.2171875 0.11588541666666667 0.2234375 0.10221354166666667 0.2375
0 0.10677083333333333 0.115625 0.10677083333333333 0.128125 0.11328125 0.14296875 0.13020833333333334 0.159375 0.16861979166666666 0.1578125 0.185546875 0.1515625 0.18880208333333334 0.1453125 0.1875 0.13515625 0.17513020833333334 0.1078125 0.16341145833333334 0.08515625 0.15885416666666666 0.08203125 0.13997395833333334 0.0796875 0.12825520833333334 0.08359375 0.11328125 0.0984375
0 0.08919270833333333 0.0359375 0.087890625 0.04765625 0.09114583333333333 0.0609375 0.10286458333333333 0.07734375 0.115234375 0.0859375 0.14778645833333334 0.07578125 0.15559895833333334 0.06015625 0.15690104166666666 0.05 0.15299479166666666 0.0390625 0.13216145833333334 0.01796875 0.10286458333333333 0.0171875 0.09700520833333333 0.021875
0 0.13216145833333334 0.33125 0.12955729166666666 0.35390625 0.13671875 0.36875 0.14908854166666666 0.37734375 0.16536458333333334 0.3765625 0.17578125 0.36875 0.18294270833333334 0.35078125 0.18619791666666666 0.30703125 0.16341145833333334 0.29921875 0.15494791666666666 0.29296875 0.14973958333333334 0.29375 0.14192708333333334 0.3015625
0 0.220703125 0.378125 0.21940104166666666 0.38671875 0.22135416666666666 0.39453125 0.23307291666666666 0.41484375 0.2526041666666667 0.42109375 0.267578125 0.4109375 0.2688802083333333 0.39609375 0.26171875 0.3765625 0.2565104166666667 0.3703125 0.23046875 0.37109375
0 0.2747395833333333 0.30390625 0.2734375 0.3109375 0.2760416666666667 0.328125 0.2805989583333333 0.3390625 0.2890625 0.34609375 0.3033854166666667 0.34296875 0.328125 0.32734375 0.3430989583333333 0.3125 0.3509114583333333 0.29296875 0.3502604166666667 0.26875 0.341796875 0.253125 0.3385416666666667 0.25078125 0.3313802083333333 0.253125 0.296875 0.27890625
0 0.3020833333333333 0.45234375 0.3033854166666667 0.46640625 0.3079427083333333 0.47421875 0.3203125 0.484375 0.33984375 0.49375 0.3522135416666667 0.48046875 0.36328125 0.44609375 0.3587239583333333 0.4390625 0.3385416666666667 0.425 0.3203125 0.42109375 0.3098958333333333 0.4265625
0 0.376953125 0.1640625 0.3743489583333333 0.17421875 0.3756510416666667 0.1859375 0.38671875 0.215625 0.3938802083333333 0.2234375 0.404296875 0.2265625 0.416015625 0.22578125 0.4303385416666667 0.215625 0.4329427083333333 0.2078125 0.431640625 0.1890625 0.427734375 0.175 0.4166666666666667 0.153125 0.404296875 0.1484375 0.3860677083333333 0.14765625 0.3821614583333333 0.15078125 0.380859375 0.159375
0 0.5338541666666666 0.1296875 0.5325520833333334 0.1703125 0.5436197916666666 0.1921875 0.5533854166666666 0.20078125 0.5729166666666666 0.2078125 0.6022135416666666 0.22421875 0.6158854166666666 0.21640625 0.626953125 0.19375 0.6334635416666666 0.165625 0.6334635416666666 0.1578125 0.626953125 0.14921875 0.607421875 0.13515625 0.591796875 0.11953125 0.5774739583333334 0.1125 0.5423177083333334 0.10859375 0.5358072916666666 0.115625
0 0.5358072916666666 0.23203125 0.5338541666666666 0.246875 0.5358072916666666 0.2625 0.5397135416666666 0.2734375 0.5501302083333334 0.2875 0.564453125 0.29765625 0.603515625 0.3390625 0.6171875 0.34375 0.626953125 0.33828125 0.6412760416666666 0.309375 0.6477864583333334 0.28984375 0.6477864583333334 0.2796875 0.6432291666666666 0.27109375 0.5983072916666666 0.23515625 0.556640625 0.21171875 0.5442708333333334 0.2125
0 0.4029947916666667 0.2953125 0.4055989583333333 0.32109375 0.4134114583333333 0.33125 0.4231770833333333 0.33125 0.4446614583333333 0.31484375 0.4485677083333333 0.30859375 0.4485677083333333 0.29140625 0.447265625 0.26953125 0.4440104166666667 0.26171875 0.4381510416666667 0.259375 0.423828125 0.26875
0 0.4166666666666667 0.3921875 0.4147135416666667 0.4 0.4212239583333333 0.42265625 0.435546875 0.434375 0.4466145833333333 0.43515625 0.466796875 0.39375 0.4674479166666667 0.38359375 0.47265625 0.37109375 0.4720052083333333 0.35390625 0.46484375 0.3484375 0.4524739583333333 0.35
0 0.462890625 0.403125 0.4635416666666667 0.42421875 0.4674479166666667 0.44375 0.4928385416666667 0.44765625 0.5071614583333334 0.4390625 0.5110677083333334 0.4171875 0.5091145833333334 0.409375 0.4713541666666667 0.3984375 0.466796875 0.3984375
0 0.4192708333333333 0.57421875 0.41796875 0.58125 0.421875 0.58828125 0.419921875 0.60859375 0.421875 0.621875 0.4283854166666667 0.628125 0.4459635416666667 0.62890625 0.4596354166666667 0.6046875 0.46875 0.59609375 0.474609375 0.58359375 0.482421875 0.575 0.4830729166666667 0.55625 0.4752604166666667 0.54140625 0.4661458333333333 0.53984375 0.4446614583333333 0.553125 0.4329427083333333 0.55703125
0 0.5110677083333334 0.6546875 0.51171875 0.6984375 0.525390625 0.71328125 0.5325520833333334 0.7171875 0.541015625 0.7140625 0.5540364583333334 0.69921875 0.5703125 0.65859375 0.5657552083333334 0.634375 0.560546875 0.62578125 0.5533854166666666 0.621875 0.5384114583333334 0.62578125 0.5247395833333334 0.6359375
0 0.3248697916666667 0.80703125 0.32421875 0.84140625 0.328125 0.85 0.3352864583333333 0.85859375 0.3489583333333333 0.85859375 0.3600260416666667 0.853125 0.3782552083333333 0.83671875 0.4108072916666667 0.82109375 0.4212239583333333 0.80703125 0.4251302083333333 0.79453125 0.419921875 0.77578125 0.408203125 0.7515625 0.3951822916666667 0.7375 0.3893229166666667 0.73671875 0.373046875 0.74453125 0.3365885416666667 0.77734375 0.3307291666666667 0.7859375
0 0.4713541666666667 0.5953125 0.470703125 0.60546875 0.4733072916666667 0.6140625 0.486328125 0.62890625 0.4869791666666667 0.63671875 0.4908854166666667 0.64140625 0.4967447916666667 0.64296875 0.5091145833333334 0.634375 0.5110677083333334 0.615625 0.5182291666666666 0.60546875 0.51171875 0.58984375 0.5052083333333334 0.584375 0.4876302083333333 0.58359375 0.4752604166666667 0.58984375
0 0.5631510416666666 0.50390625 0.5638020833333334 0.51796875 0.5696614583333334 0.52578125 0.5794270833333334 0.53125 0.6126302083333334 0.53828125 0.62109375 0.525 0.619140625 0.490625 0.6100260416666666 0.47421875 0.6041666666666666 0.4703125 0.5846354166666666 0.46875 0.5748697916666666 0.4734375 0.5690104166666666 0.48125
0 0.6028645833333334 0.59921875 0.6022135416666666 0.60625 0.6048177083333334 0.6109375 0.609375 0.61640625 0.6204427083333334 0.6203125 0.6256510416666666 0.62734375 0.6516927083333334 0.62265625 0.6627604166666666 0.6 0.6770833333333334 0.5578125 0.6783854166666666 0.546875 0.6751302083333334 0.53671875 0.6653645833333334 0.53046875 0.646484375 0.528125 0.6373697916666666 0.528125 0.62890625 0.53203125 0.6158854166666666 0.55703125 0.6126302083333334 0.5734375
0 0.7154947916666666 0.7125 0.71484375 0.72265625 0.72265625 0.73125 0.7233072916666666 0.7578125 0.7311197916666666 0.76796875 0.7428385416666666 0.7734375 0.7532552083333334 0.77265625 0.783203125 0.7515625 0.7903645833333334 0.740625 0.794921875 0.7171875 0.7877604166666666 0.69453125 0.7727864583333334 0.67734375 0.765625 0.6734375 0.734375 0.6890625
0 0.55859375 0.76328125 0.5592447916666666 0.784375 0.552734375 0.8 0.5572916666666666 0.8109375 0.5651041666666666 0.8140625 0.5846354166666666 0.8140625 0.5983072916666666 0.81875 0.6080729166666666 0.81640625 0.6178385416666666 0.8078125 0.6197916666666666 0.8015625 0.6178385416666666 0.784375 0.625 0.771875 0.625 0.7671875 0.6171875 0.75625 0.6028645833333334 0.7515625 0.5709635416666666 0.75 0.5631510416666666 0.75390625
0 0.72265625 0.56015625 0.7213541666666666 0.565625 0.7252604166666666 0.5734375 0.7376302083333334 0.58359375 0.7467447916666666 0.59921875 0.7578125 0.60859375 0.8111979166666666 0.6125 0.8203125 0.60703125 0.833984375 0.58828125 0.8502604166666666 0.55078125 0.8509114583333334 0.54375 0.8450520833333334 0.5375 0.8170572916666666 0.5296875 0.787109375 0.53125 0.7669270833333334 0.52890625 0.748046875 0.52265625 0.740234375 0.52890625 0.7298177083333334 0.5515625
0 0.8014322916666666 0.4375 0.80078125 0.45 0.8046875 0.46484375 0.810546875 0.47109375 0.8203125 0.475 0.8561197916666666 0.4703125 0.8671875 0.4578125 0.8717447916666666 0.446875 0.8704427083333334 0.42734375 0.865234375 0.41796875 0.8346354166666666 0.403125 0.8235677083333334 0.40546875 0.810546875 0.41640625
0 0.697265625 0.359375 0.6946614583333334 0.3765625 0.69921875 0.40234375 0.703125 0.4078125 0.71484375 0.41171875 0.7337239583333334 0.409375 0.7415364583333334 0.40390625 0.765625 0.36875 0.765625 0.3625 0.76171875 0.35546875 0.7350260416666666 0.346875 0.7063802083333334 0.35 0.69921875 0.3546875
0 0.79296875 0.20859375 0.7923177083333334 0.2171875 0.7942708333333334 0.21953125 0.814453125 0.23203125 0.822265625 0.234375 0.830078125 0.23046875 0.83984375 0.21953125 0.859375 0.18203125 0.861328125 0.17265625 0.859375 0.15390625 0.849609375 0.14296875 0.8411458333333334 0.14375 0.8326822916666666 0.15 0.810546875 0.175
0 0.818359375 0.07734375 0.8190104166666666 0.084375 0.84765625 0.1125 0.8567708333333334 0.11328125 0.873046875 0.10625 0.884765625 0.09453125 0.888671875 0.08125 0.8899739583333334 0.0671875 0.8834635416666666 0.02890625 0.8802083333333334 0.02421875 0.873046875 0.02421875 0.8645833333333334 0.03515625 0.8294270833333334 0.0640625