0 0.08138020833333333 0.2140625 0.08072916666666667 0.23125 0.087890625 0.25390625 0.10091145833333333 0.26640625 0.11783854166666667 0.2765625 0.12630208333333334 0.27578125 0.13802083333333334 0.26953125 0.154296875 0.240625 0.15364583333333334 0.215625 0.1484375 0.2046875 0.138671875 0.1953125 0.12239583333333333 0.18671875 0.11002604166666667 0.18671875 0.08854166666666667 0.19765625 0.08463541666666667 0.2015625
0 0.057291666666666664 0.125 0.056640625 0.134375 0.06380208333333333 0.14453125 0.083984375 0.15625 0.115234375 0.1546875 0.12434895833333333 0.15 0.12890625 0.13984375 0.12760416666666666 0.1078125 0.11328125 0.08203125 0.10872395833333333 0.07890625 0.09505208333333333 0.078125 0.07096354166666667 0.0921875 0.06380208333333333 0.10390625
0 0.033203125 0.15078125 0.035807291666666664 0.16875 0.031901041666666664 0.1859375 0.0390625 0.20078125 0.057942708333333336 0.2109375 0.07161458333333333 0.2109375 0.08203125 0.20390625 0.08919270833333333 0.17734375 0.08919270833333333 0.171875 0.083984375 0.1640625 0.07356770833333333 0.153125 0.053385416666666664 0.1390625 0.037109375 0.14296875
0 0.20052083333333334 0.1265625 0.20182291666666666 0.171875 0.20963541666666666 0.18984375 0.23046875 0.22109375 0.234375 0.22421875 0.24088541666666666 0.22265625 0.2584635416666667 0.2125 0.271484375 0.19921875 0.279296875 0.17890625 0.2779947916666667 0.1578125 0.2526041666666667 0.121875 0.2421875 0.11328125 0.21549479166666666 0.10859375 0.205078125 0.1125
0 0.4166666666666667 0.1546875 0.4140625 0.16953125 0.41796875 0.17578125 0.4537760416666667 0.18984375 0.4641927083333333 0.18828125 0.4759114583333333 0.1796875 0.4811197916666667 0.171875 0.48046875 0.15703125 0.4700520833333333 0.13984375 0.4602864583333333 0.12890625 0.4466145833333333 0.12421875 0.4303385416666667 0.12578125 0.423828125 0.14453125
0 0.53515625 0.184375 0.5345052083333334 0.21640625 0.5397135416666666 0.2328125 0.5540364583333334 0.23515625 0.5755208333333334 0.23203125 0.5846354166666666 0.22734375 0.5904947916666666 0.20625 0.58984375 0.184375 0.5872395833333334 0.178125 0.578125 0.17265625 0.5611979166666666 0.17109375 0.5514322916666666 0.15625 0.541015625 0.1546875 0.537109375 0.159375
0 0.6920572916666666 0.175 0.69140625 0.18515625 0.6946614583333334 0.2 0.7063802083333334 0.2078125 0.7272135416666666 0.209375 0.736328125 0.2015625 0.7408854166666666 0.1890625 0.740234375 0.17421875 0.7369791666666666 0.1640625 0.7265625 0.15546875 0.7018229166666666 0.15703125 0.6959635416666666 0.1640625
0 0.70703125 0.0640625 0.7024739583333334 0.075 0.705078125 0.0859375 0.7408854166666666 0.12734375 0.7513020833333334 0.1265625 0.7630208333333334 0.11171875 0.7662760416666666 0.08828125 0.7604166666666666 0.0671875 0.751953125 0.05234375 0.7434895833333334 0.046875 0.7298177083333334 0.0453125 0.716796875 0.05234375
0 0.6705729166666666 0.2796875 0.6686197916666666 0.3015625 0.6705729166666666 0.3078125 0.677734375 0.31484375 0.69921875 0.31796875 0.7135416666666666 0.309375 0.7154947916666666 0.30234375 0.7135416666666666 0.28359375 0.705078125 0.26640625 0.693359375 0.25234375 0.6868489583333334 0.25078125 0.68359375 0.253125
0 0.7265625 0.31953125 0.7265625 0.32578125 0.7350260416666666 0.3390625 0.7447916666666666 0.34453125 0.7506510416666666 0.34453125 0.763671875 0.33828125 0.7760416666666666 0.32421875 0.77734375 0.3171875 0.7701822916666666 0.3015625 0.7545572916666666 0.290625 0.7434895833333334 0.29765625
0 0.6106770833333334 0.41328125 0.6100260416666666 0.44375 0.6184895833333334 0.484375 0.6588541666666666 0.48828125 0.6927083333333334 0.4703125 0.712890625 0.45234375 0.71875 0.4296875 0.7161458333333334 0.40625 0.71875 0.35390625 0.7161458333333334 0.3421875 0.7109375 0.33828125 0.6940104166666666 0.33828125 0.6373697916666666 0.3578125 0.62890625 0.36640625 0.6197916666666666 0.39140625 0.61328125 0.40078125
0 0.810546875 0.52890625 0.8092447916666666 0.53515625 0.8125 0.55625 0.81640625 0.56640625 0.8307291666666666 0.58203125 0.841796875 0.5875 0.8541666666666666 0.58828125 0.865234375 0.584375 0.87109375 0.57265625 0.8880208333333334 0.55390625 0.8919270833333334 0.53984375 0.8841145833333334 0.50859375 0.873046875 0.49765625 0.8619791666666666 0.49765625 0.84375 0.50390625 0.8268229166666666 0.51328125
0 0.6796875 0.66015625 0.6809895833333334 0.6984375 0.6946614583333334 0.74140625 0.7005208333333334 0.7484375 0.7096354166666666 0.75078125 0.7311197916666666 0.73828125 0.744140625 0.71484375 0.7565104166666666 0.6796875 0.755859375 0.63046875 0.7408854166666666 0.5984375 0.716796875 0.58046875 0.703125 0.5828125 0.6875 0.6234375
0 0.537109375 0.646875 0.5364583333333334 0.6578125 0.5416666666666666 0.678125 0.5462239583333334 0.7203125 0.5813802083333334 0.7203125 0.5950520833333334 0.7171875 0.599609375 0.71328125 0.6100260416666666 0.6921875 0.611328125 0.67578125 0.6067708333333334 0.653125 0.5885416666666666 0.63203125 0.5787760416666666 0.62421875 0.5638020833333334 0.62421875 0.5442708333333334 0.63359375
0 0.4908854166666667 0.715625 0.4915364583333333 0.74140625 0.4934895833333333 0.746875 0.5026041666666666 0.7546875 0.5071614583333334 0.7671875 0.515625 0.7671875 0.5319010416666666 0.75234375 0.53125 0.71328125 0.5221354166666666 0.68046875 0.517578125 0.68125 0.5045572916666666 0.6921875
0 0.3639322916666667 0.5140625 0.36328125 0.5296875 0.3697916666666667 0.5734375 0.3795572916666667 0.58671875 0.4069010416666667 0.596875 0.4244791666666667 0.5984375 0.4485677083333333 0.58046875 0.453125 0.57421875 0.4602864583333333 0.54765625 0.4602864583333333 0.5390625 0.453125 0.515625 0.4466145833333333 0.50859375 0.421875 0.49609375 0.4095052083333333 0.4953125 0.4016927083333333 0.49921875 0.37109375 0.50234375
0 0.3723958333333333 0.44609375 0.37109375 0.4640625 0.3776041666666667 0.49140625 0.3899739583333333 0.496875 0.3977864583333333 0.496875 0.408203125 0.49140625 0.4212239583333333 0.45859375 0.4205729166666667 0.44140625 0.4069010416666667 0.43125 0.3938802083333333 0.42890625 0.3782552083333333 0.434375
0 0.08268229166666667 0.43125 0.08268229166666667 0.44296875 0.08854166666666667 0.45390625 0.13411458333333334 0.4875 0.146484375 0.49296875 0.16015625 0.49140625 0.171875 0.484375 0.18815104166666666 0.4640625 0.19466145833333334 0.45 0.19270833333333334 0.43671875 0.1796875 0.4203125 0.15559895833333334 0.396875 0.14127604166666666 0.3890625 0.130859375 0.3890625 0.12044270833333333 0.39375 0.08463541666666667 0.4265625
0 0.3229166666666667 0.25703125 0.3203125 0.28515625 0.326171875 0.29453125 0.3372395833333333 0.32734375 0.3528645833333333 0.3453125 0.3619791666666667 0.34609375 0.3723958333333333 0.33359375 0.380859375 0.3140625 0.3841145833333333 0.29453125 0.3912760416666667 0.2765625 0.3919270833333333 0.253125 0.3860677083333333 0.2453125 0.375 0.240625 0.3365885416666667 0.23828125 0.326171875 0.24453125
0 0.19856770833333334 0.29609375 0.19986979166666666 0.32109375 0.21484375 0.33359375 0.2584635416666667 0.3515625 0.2649739583333333 0.35234375 0.2727864583333333 0.3484375 0.2747395833333333 0.32109375 0.2688802083333333 0.30625 0.24739583333333334 0.29609375 0.21809895833333334 0.2875 0.20247395833333334 0.28828125
0 0.4407552083333333 0.296875 0.44140625 0.33203125 0.4368489583333333 0.3515625 0.439453125 0.35703125 0.4518229166666667 0.3609375 0.4661458333333333 0.3515625 0.4739583333333333 0.3390625 0.4778645833333333 0.32578125 0.4778645833333333 0.30546875 0.4739583333333333 0.3015625 0.458984375 0.303125 0.4459635416666667 0.29296875
0 0.5078125 0.3375 0.5084635416666666 0.35078125 0.5188802083333334 0.3625 0.525390625 0.3671875 0.5299479166666666 0.3671875 0.5338541666666666 0.36328125 0.5397135416666666 0.35234375 0.54296875 0.325 0.5325520833333334 0.30234375 0.5286458333333334 0.3015625 0.5188802083333334 0.30703125
0 0.169921875 0.5734375 0.17057291666666666 0.59453125 0.19075520833333334 0.61171875 0.19921875 0.61484375 0.23372395833333334 0.57890625 0.24088541666666666 0.5671875 0.24153645833333334 0.56015625 0.21940104166666666 0.53125 0.20963541666666666 0.52421875 0.19856770833333334 0.52421875 0.19075520833333334 0.528125 0.18424479166666666 0.5359375
0 0.2799479166666667 0.659375 0.2779947916666667 0.68359375 0.2819010416666667 0.69453125 0.2858072916666667 0.7 0.3001302083333333 0.70703125 0.30859375 0.70703125 0.34375 0.69296875 0.3509114583333333 0.68671875 0.353515625 0.6796875 0.3528645833333333 0.65703125 0.3489583333333333 0.63515625 0.3444010416666667 0.621875 0.33984375 0.61875 0.3033854166666667 0.63203125 0.2864583333333333 0.6453125
0 0.3802083333333333 0.80703125 0.3795572916666667 0.82265625 0.3834635416666667 0.8515625 0.4036458333333333 0.87421875 0.4212239583333333 0.88125 0.4309895833333333 0.87890625 0.4440104166666667 0.86640625 0.4563802083333333 0.828125 0.4524739583333333 0.8 0.45703125 0.775 0.44921875 0.759375 0.4446614583333333 0.75546875 0.423828125 0.7578125 0.392578125 0.778125 0.3860677083333333 0.7859375
0 0.5338541666666666 0.82265625 0.5325520833333334 0.8390625 0.5364583333333334 0.85078125 0.5416666666666666 0.85625 0.5657552083333334 0.86875 0.57421875 0.8671875 0.58203125 0.859375 0.5846354166666666 0.83828125 0.5735677083333334 0.8296875 0.5670572916666666 0.8109375 0.5559895833333334 0.80546875 0.548828125 0.80546875 0.5397135416666666 0.8125
0 0.548828125 0.909375 0.5455729166666666 0.95625 0.5494791666666666 0.96640625 0.568359375 0.965625 0.5950520833333334 0.95546875 0.6217447916666666 0.9390625 0.6321614583333334 0.92578125 0.6276041666666666 0.90234375 0.623046875 0.8921875 0.6126302083333334 0.88203125 0.6061197916666666 0.8796875 0.5963541666666666 0.88046875 0.556640625 0.89609375
0 0.67578125 0.87421875 0.6770833333333334 0.89296875 0.685546875 0.9125 0.69140625 0.91875 0.701171875 0.91875 0.712890625 0.9125 0.7330729166666666 0.89375 0.73828125 0.88125 0.7395833333333334 0.865625 0.73828125 0.85859375 0.7265625 0.84140625 0.7115885416666666 0.83359375 0.6985677083333334 0.83125 0.6888020833333334 0.8421875
0 0.203125 0.68515625 0.20182291666666666 0.72421875 0.20638020833333334 0.7296875 0.22200520833333334 0.72890625 0.24153645833333334 0.71875 0.25390625 0.68671875 0.23177083333333334 0.66328125 0.21419270833333334 0.66953125
0 0.3170572916666667 0.540625 0.3170572916666667 0.55625 0.3196614583333333 0.5625 0.3294270833333333 0.571875 0.34375 0.56953125 0.3600260416666667 0.559375 0.3639322916666667 0.55390625 0.3619791666666667 0.534375 0.3561197916666667 0.52109375 0.3470052083333333 0.51328125 0.333984375 0.51328125 0.326171875 0.5171875 0.3209635416666667 0.52578125
0 0.08984375 0.95234375 0.09049479166666667 0.96640625 0.09895833333333333 0.97734375 0.123046875 0.9796875 0.1328125 0.975 0.140625 0.9640625 0.14388020833333334 0.95234375 0.138671875 0.91484375 0.12565104166666666 0.9015625 0.109375 0.9046875 0.09505208333333333 0.92578125
0 0.3072916666666667 0.88828125 0.3059895833333333 0.9078125 0.3079427083333333 0.91171875 0.3125 0.915625 0.3235677083333333 0.9171875 0.3528645833333333 0.91171875 0.3606770833333333 0.90546875 0.3658854166666667 0.89296875 0.3626302083333333 0.87109375 0.3567708333333333 0.865625 0.3489583333333333 0.8640625 0.33203125 0.86875 0.314453125 0.878125