1 0.11979166666666667 0.11875 0.119140625 0.13046875 0.123046875 0.14765625 0.142578125 0.2171875 0.15234375 0.23125 0.15950520833333334 0.2484375 0.19466145833333334 0.28046875 0.201171875 0.2828125 0.212890625 0.28046875 0.2565104166666667 0.25 0.2897135416666667 0.24140625 0.3020833333333333 0.225 0.302734375 0.20859375 0.2942708333333333 0.18046875 0.287109375 0.1640625 0.2688802083333333 0.14375 0.2591145833333333 0.115625 0.20377604166666666 0.078125 0.18815104166666666 0.07578125 0.15755208333333334 0.08515625 0.14322916666666666 0.096875 0.12434895833333333 0.10546875
1 0.3470052083333333 0.1578125 0.3470052083333333 0.171875 0.3658854166666667 0.215625 0.3763020833333333 0.221875 0.4186197916666667 0.21015625 0.4420572916666667 0.20703125 0.4596354166666667 0.19453125 0.4752604166666667 0.1921875 0.4889322916666667 0.1859375 0.5006510416666666 0.17109375 0.5006510416666666 0.16015625 0.4934895833333333 0.14140625 0.4967447916666667 0.11796875 0.4928385416666667 0.11015625 0.4837239583333333 0.10390625 0.4505208333333333 0.10078125 0.4296875 0.090625 0.4114583333333333 0.08671875 0.4016927083333333 0.08828125 0.3671875 0.1109375
1 0.5319010416666666 0.08359375 0.5325520833333334 0.09609375 0.541015625 0.11640625 0.5462239583333334 0.12265625 0.5533854166666666 0.12734375 0.5748697916666666 0.12421875 0.5826822916666666 0.11875 0.5970052083333334 0.0859375 0.599609375 0.0625 0.595703125 0.05078125 0.587890625 0.04375 0.5618489583333334 0.04375 0.544921875 0.0578125
1 0.4947916666666667 0.290625 0.49609375 0.3078125 0.5084635416666666 0.328125 0.51171875 0.34140625 0.5208333333333334 0.36015625 0.5286458333333334 0.36953125 0.5390625 0.37578125 0.5475260416666666 0.3765625 0.5540364583333334 0.371875 0.58984375 0.33203125 0.609375 0.31796875 0.626953125 0.2890625 0.6302083333333334 0.27109375 0.6223958333333334 0.2234375 0.6119791666666666 0.18203125 0.6048177083333334 0.17890625 0.5930989583333334 0.18359375 0.5442708333333334 0.22109375 0.5266927083333334 0.23046875 0.5188802083333334 0.23984375 0.5123697916666666 0.25859375 0.5013020833333334 0.271875
1 0.6328125 0.3390625 0.6334635416666666 0.3796875 0.63671875 0.396875 0.6575520833333334 0.40390625 0.6888020833333334 0.4046875 0.7057291666666666 0.3984375 0.7141927083333334 0.38984375 0.7200520833333334 0.3734375 0.7265625 0.3265625 0.7200520833333334 0.3 0.7076822916666666 0.278125 0.6985677083333334 0.27421875 0.6614583333333334 0.27734375 0.6497395833333334 0.28515625 0.6399739583333334 0.309375
1 0.7513020833333334 0.35078125 0.751953125 0.3734375 0.7552083333333334 0.38046875 0.7649739583333334 0.38984375 0.77734375 0.3921875 0.8046875 0.40703125 0.8515625 0.4 0.8658854166666666 0.38828125 0.87109375 0.37890625 0.8723958333333334 0.3578125 0.8776041666666666 0.34765625 0.876953125 0.33515625 0.8815104166666666 0.321875 0.876953125 0.29609375 0.87109375 0.28671875 0.845703125 0.27265625 0.80859375 0.26171875 0.7825520833333334 0.2609375 0.77734375 0.26484375 0.7630208333333334 0.2921875 0.763671875 0.31171875 0.759765625 0.33515625
1 0.7317708333333334 0.61171875 0.73046875 0.625 0.7415364583333334 0.6265625 0.78125 0.6171875 0.8118489583333334 0.60546875 0.8313802083333334 0.60390625 0.8470052083333334 0.590625 0.84765625 0.58125 0.841796875 0.5640625 0.8404947916666666 0.54609375 0.8326822916666666 0.53203125 0.8326822916666666 0.52578125 0.8235677083333334 0.5015625 0.7936197916666666 0.46328125 0.7858072916666666 0.46484375 0.7721354166666666 0.48046875 0.7526041666666666 0.55
1 0.71484375 0.7109375 0.71484375 0.7234375 0.7233072916666666 0.7375 0.740234375 0.75390625 0.75390625 0.79140625 0.796875 0.82890625 0.8274739583333334 0.8328125 0.8444010416666666 0.828125 0.8619791666666666 0.8140625 0.8697916666666666 0.79609375 0.8802083333333334 0.74609375 0.880859375 0.68515625 0.8684895833333334 0.67109375 0.8489583333333334 0.66015625 0.8014322916666666 0.6515625 0.765625 0.65546875 0.7584635416666666 0.659375 0.7213541666666666 0.6984375
1 0.3723958333333333 0.33515625 0.3717447916666667 0.34921875 0.3880208333333333 0.459375 0.390625 0.4625 0.4069010416666667 0.46640625 0.431640625 0.4609375 0.435546875 0.453125 0.435546875 0.425 0.4309895833333333 0.4046875 0.4283854166666667 0.36484375 0.4212239583333333 0.33515625 0.4147135416666667 0.32734375 0.38671875 0.328125 0.376953125 0.33046875
1 0.3880208333333333 0.55078125 0.3873697916666667 0.55859375 0.4114583333333333 0.57578125 0.4596354166666667 0.63671875 0.4967447916666667 0.66171875 0.5071614583333334 0.665625 0.5130208333333334 0.66328125 0.5188802083333334 0.60234375 0.529296875 0.5421875 0.5104166666666666 0.51640625 0.501953125 0.51171875 0.4934895833333333 0.51171875 0.4453125 0.52109375 0.400390625 0.54140625
1 0.263671875 0.5 0.263671875 0.52265625 0.2760416666666667 0.53984375 0.2786458333333333 0.55078125 0.2858072916666667 0.5609375 0.30078125 0.56875 0.314453125 0.55625 0.3522135416666667 0.48046875 0.3125 0.4375 0.3014322916666667 0.4296875 0.2962239583333333 0.4296875 0.2897135416666667 0.43828125 0.2766927083333333 0.47109375 0.2669270833333333 0.484375
1 0.21484375 0.60234375 0.21549479166666666 0.61328125 0.2421875 0.6453125 0.2552083333333333 0.66875 0.30859375 0.64765625 0.3170572916666667 0.62734375 0.3151041666666667 0.61640625 0.3033854166666667 0.6046875 0.2513020833333333 0.57734375 0.23046875 0.58203125
1 0.30859375 0.76015625 0.30859375 0.78359375 0.3235677083333333 0.80546875 0.3463541666666667 0.82265625 0.36328125 0.8265625 0.3873697916666667 0.8265625 0.3919270833333333 0.82421875 0.3977864583333333 0.815625 0.4134114583333333 0.77109375 0.40234375 0.73203125 0.3899739583333333 0.72109375 0.3717447916666667 0.71484375 0.3658854166666667 0.71640625 0.3509114583333333 0.72890625 0.3216145833333333 0.73046875 0.3157552083333333 0.7375
1 0.5286458333333334 0.6640625 0.52734375 0.675 0.529296875 0.68203125 0.5455729166666666 0.7171875 0.5611979166666666 0.74375 0.5865885416666666 0.775 0.6028645833333334 0.78046875 0.63671875 0.7828125 0.6588541666666666 0.7515625 0.6673177083333334 0.7015625 0.6673177083333334 0.6765625 0.6647135416666666 0.6640625 0.6529947916666666 0.65390625 0.6295572916666666 0.646875 0.583984375 0.64375 0.5501302083333334 0.64921875
1 0.5735677083333334 0.8140625 0.5618489583333334 0.86484375 0.5625 0.8703125 0.5670572916666666 0.87734375 0.5924479166666666 0.8984375 0.6184895833333334 0.91171875 0.6243489583333334 0.9109375 0.6328125 0.90078125 0.6451822916666666 0.87734375 0.6477864583333334 0.85 0.642578125 0.8265625 0.6282552083333334 0.81640625 0.5859375 0.796875 0.578125 0.8015625
1 0.4114583333333333 0.90546875 0.412109375 0.92109375 0.4270833333333333 0.9390625 0.455078125 0.94609375 0.4641927083333333 0.9453125 0.4694010416666667 0.94140625 0.4778645833333333 0.91640625 0.4772135416666667 0.86953125 0.4739583333333333 0.85859375 0.458984375 0.83671875 0.4453125 0.82734375 0.4361979166666667 0.82578125 0.4329427083333333 0.82890625 0.41796875 0.871875
1 0.7942708333333334 0.22109375 0.7936197916666666 0.234375 0.796875 0.240625 0.810546875 0.24375 0.8138020833333334 0.23984375 0.8216145833333334 0.21796875 0.826171875 0.190625 0.8326822916666666 0.1703125 0.8333333333333334 0.16171875 0.830078125 0.15625 0.8235677083333334 0.1546875 0.8196614583333334 0.15703125 0.8111979166666666 0.16796875