1 0.09895833333333333 0.47578125 0.09830729166666667 0.48359375 0.10221354166666667 0.4875 0.13736979166666666 0.5 0.15299479166666666 0.490625 0.16731770833333334 0.47734375 0.17578125 0.46640625 0.177734375 0.4546875 0.1640625 0.428125 0.14453125 0.4234375 0.126953125 0.42421875 0.12109375 0.43125
1 0.23567708333333334 0.4609375 0.23893229166666666 0.484375 0.244140625 0.49296875 0.2545572916666667 0.50078125 0.267578125 0.49921875 0.2805989583333333 0.509375 0.29296875 0.5140625 0.2975260416666667 0.51328125 0.3046875 0.5046875 0.3157552083333333 0.48046875 0.318359375 0.46484375 0.3177083333333333 0.4546875 0.314453125 0.44921875 0.2897135416666667 0.43203125 0.2643229166666667 0.44140625 0.23893229166666666 0.45625
1 0.345703125 0.41796875 0.3450520833333333 0.42265625 0.3548177083333333 0.4515625 0.3600260416666667 0.4546875 0.3932291666666667 0.43515625 0.404296875 0.41875 0.4055989583333333 0.41171875 0.3938802083333333 0.39609375 0.3776041666666667 0.3859375 0.3658854166666667 0.38359375 0.3587239583333333 0.38984375 0.3528645833333333 0.40703125
1 0.4420572916666667 0.36015625 0.44140625 0.36953125 0.4446614583333333 0.38203125 0.4518229166666667 0.39921875 0.4596354166666667 0.4078125 0.4947916666666667 0.42734375 0.5123697916666666 0.44296875 0.51953125 0.44296875 0.52734375 0.4359375 0.5345052083333334 0.41484375 0.541015625 0.37578125 0.5462239583333334 0.359375 0.5403645833333334 0.34609375 0.5390625 0.3359375 0.533203125 0.328125 0.4811197916666667 0.31015625 0.458984375 0.31328125 0.4505208333333333 0.321875 0.4459635416666667 0.35078125
1 0.5813802083333334 0.37578125 0.5813802083333334 0.3890625 0.5846354166666666 0.396875 0.5813802083333334 0.425 0.587890625 0.43515625 0.6236979166666666 0.4328125 0.634765625 0.42890625 0.6412760416666666 0.42265625 0.640625 0.41640625 0.6315104166666666 0.3984375 0.6295572916666666 0.38671875 0.640625 0.36640625 0.6412760416666666 0.35390625 0.6451822916666666 0.3421875 0.642578125 0.33828125 0.6041666666666666 0.32265625 0.5930989583333334 0.321875
1 0.6614583333333334 0.465625 0.66015625 0.50078125 0.6647135416666666 0.52734375 0.671875 0.5453125 0.6888020833333334 0.5515625 0.69921875 0.53984375 0.7005208333333334 0.47265625 0.6959635416666666 0.46328125 0.6907552083333334 0.46171875 0.669921875 0.459375
1 0.775390625 0.484375 0.779296875 0.58203125 0.8020833333333334 0.63515625 0.8235677083333334 0.64921875 0.8385416666666666 0.65625 0.8470052083333334 0.65703125 0.8580729166666666 0.65390625 0.8854166666666666 0.634375 0.8893229166666666 0.628125 0.8854166666666666 0.59453125 0.8287760416666666 0.46484375 0.8059895833333334 0.4484375 0.7890625 0.44609375 0.78515625 0.44921875 0.7779947916666666 0.46640625
1 0.8033854166666666 0.33515625 0.80078125 0.3890625 0.802734375 0.3953125 0.8079427083333334 0.4 0.830078125 0.40390625 0.849609375 0.4015625 0.8723958333333334 0.37734375 0.8763020833333334 0.36953125 0.8723958333333334 0.35234375 0.8561197916666666 0.33046875 0.8509114583333334 0.32734375 0.837890625 0.32265625 0.818359375 0.321875 0.8072916666666666 0.32890625
1 0.5266927083333334 0.7046875 0.52734375 0.7234375 0.5390625 0.75390625 0.541015625 0.80625 0.55859375 0.84140625 0.5891927083333334 0.859375 0.6061197916666666 0.86328125 0.6302083333333334 0.8578125 0.6373697916666666 0.853125 0.6419270833333334 0.8453125 0.6432291666666666 0.83203125 0.6432291666666666 0.81953125 0.6393229166666666 0.80703125 0.6412760416666666 0.78125 0.626953125 0.7484375 0.6022135416666666 0.71015625 0.5970052083333334 0.7046875 0.5748697916666666 0.70859375 0.560546875 0.70859375 0.5533854166666666 0.7046875 0.5345052083333334 0.70234375
1 0.6920572916666666 0.84140625 0.6927083333333334 0.86328125 0.7018229166666666 0.88359375 0.72265625 0.8921875 0.73046875 0.90078125 0.7591145833333334 0.91484375 0.7630208333333334 0.91484375 0.7649739583333334 0.908203125 0.771484375 0.9015625 0.7825520833333334 0.896875 0.7942708333333334 0.87265625 0.7923177083333334 0.83125 0.787109375 0.82421875 0.76953125 0.81328125 0.7630208333333334 0.80390625 0.7610677083333334 0.7921875 0.75390625 0.7859375 0.7174479166666666 0.7921875 0.7102864583333334 0.79609375 0.7037760416666666 0.80625
1 0.8098958333333334 0.81171875 0.8098958333333334 0.84765625 0.83984375 0.9 0.8619791666666666 0.91953125 0.8795572916666666 0.92109375 0.8834635416666666 0.9109375 0.8802083333333334 0.871875 0.88671875 0.853125 0.890625 0.8125 0.890625 0.79140625 0.8873697916666666 0.78046875 0.849609375 0.75546875 0.82421875 0.7515625 0.8190104166666666 0.75625 0.8157552083333334 0.76484375
1 0.38671875 0.73125 0.3860677083333333 0.73828125 0.3899739583333333 0.74375 0.4108072916666667 0.76171875 0.4322916666666667 0.77421875 0.4485677083333333 0.79296875 0.453125 0.79140625 0.46484375 0.7625 0.46484375 0.75 0.4615885416666667 0.74453125 0.44921875 0.7359375 0.4166666666666667 0.73359375 0.39453125 0.72265625 0.390625 0.7234375
1 0.4446614583333333 0.84375 0.443359375 0.8625 0.4459635416666667 0.90078125 0.44921875 0.90703125 0.4661458333333333 0.90859375 0.4817708333333333 0.90625 0.529296875 0.89140625 0.5286458333333334 0.86484375 0.5240885416666666 0.85078125 0.4908854166666667 0.8421875 0.4680989583333333 0.83984375
1 0.4720052083333333 0.5359375 0.4720052083333333 0.5484375 0.4765625 0.5546875 0.4954427083333333 0.55390625 0.5026041666666666 0.55 0.5221354166666666 0.5640625 0.529296875 0.56171875 0.5325520833333334 0.546875 0.5260416666666666 0.51953125 0.5123697916666666 0.51171875 0.501953125 0.51171875 0.490234375 0.51640625 0.4772135416666667 0.5265625
1 0.390625 0.528125 0.3899739583333333 0.540625 0.3932291666666667 0.55078125 0.41796875 0.5671875 0.4225260416666667 0.5640625 0.4361979166666667 0.53984375 0.4420572916666667 0.521875 0.4342447916666667 0.5078125 0.421875 0.5
1 0.3014322916666667 0.56328125 0.30078125 0.56796875 0.3053385416666667 0.575 0.328125 0.58515625 0.3470052083333333 0.559375 0.3483072916666667 0.55 0.337890625 0.53828125 0.3196614583333333 0.53125 0.314453125 0.5359375
1 0.2727864583333333 0.8515625 0.2727864583333333 0.88671875 0.2779947916666667 0.89765625 0.2884114583333333 0.89921875 0.3001302083333333 0.89609375 0.3151041666666667 0.8796875 0.3157552083333333 0.865625 0.2942708333333333 0.846875 0.2805989583333333 0.84453125
0 0.6875 0.1203125 0.685546875 0.12578125 0.6868489583333334 0.13203125 0.712890625 0.15703125 0.76171875 0.15390625 0.76953125 0.15 0.77734375 0.13828125 0.7747395833333334 0.1203125 0.765625 0.1015625 0.75 0.08984375 0.7337239583333334 0.08359375 0.7154947916666666 0.08515625 0.7096354166666666 0.08828125 0.6940104166666666 0.10546875
0 0.447265625 0.07421875 0.4485677083333333 0.090625 0.4596354166666667 0.103125 0.466796875 0.10703125 0.4967447916666667 0.10390625 0.505859375 0.09609375 0.5188802083333334 0.075 0.5227864583333334 0.06171875 0.5221354166666666 0.05234375 0.51171875 0.03125 0.4908854166666667 0.021875 0.4811197916666667 0.02109375 0.466796875 0.03203125 0.4524739583333333 0.053125