1 0.2825520833333333 0.10546875 0.2799479166666667 0.11640625 0.291015625 0.1625 0.298828125 0.17265625 0.306640625 0.1734375 0.3294270833333333 0.16875 0.337890625 0.1625 0.3678385416666667 0.1296875 0.3873697916666667 0.0984375 0.3880208333333333 0.09296875 0.3860677083333333 0.08125 0.3821614583333333 0.0765625 0.365234375 0.06640625 0.349609375 0.065625 0.33203125 0.07109375 0.30078125 0.0875 0.2916666666666667 0.09375
1 0.13151041666666666 0.27265625 0.13151041666666666 0.28359375 0.13932291666666666 0.31015625 0.15690104166666666 0.33828125 0.16471354166666666 0.35625 0.21158854166666666 0.36875 0.22395833333333334 0.365625 0.23372395833333334 0.3515625 0.24869791666666666 0.3421875 0.2623697916666667 0.31484375 0.26171875 0.2296875 0.24869791666666666 0.1859375 0.23307291666666666 0.16796875 0.22591145833333334 0.16640625 0.19075520833333334 0.19921875 0.18424479166666666 0.2015625 0.171875 0.19921875 0.14127604166666666 0.2359375 0.13346354166666666 0.2578125
1 0.057942708333333336 0.41796875 0.057291666666666664 0.434375 0.060546875 0.44609375 0.08463541666666667 0.471875 0.123046875 0.48671875 0.12955729166666666 0.4859375 0.13802083333333334 0.4765625 0.138671875 0.46796875 0.11979166666666667 0.425 0.09505208333333333 0.40859375 0.0859375 0.40625 0.06705729166666667 0.40703125
1 0.19140625 0.47265625 0.189453125 0.48671875 0.19856770833333334 0.52890625 0.20442708333333334 0.54453125 0.21354166666666666 0.55703125 0.22005208333333334 0.55859375 0.25 0.55390625 0.2799479166666667 0.5359375 0.2819010416666667 0.50625 0.2779947916666667 0.48359375 0.2688802083333333 0.47265625 0.2532552083333333 0.4671875 0.21875 0.46171875 0.20247395833333334 0.4625
1 0.22005208333333334 0.63984375 0.22200520833333334 0.6640625 0.21549479166666666 0.7234375 0.2265625 0.7265625 0.24544270833333334 0.72265625 0.251953125 0.71328125 0.255859375 0.69296875 0.2584635416666667 0.6390625 0.2513020833333333 0.63359375 0.22591145833333334 0.63203125
1 0.169921875 0.78046875 0.17122395833333334 0.8171875 0.16927083333333334 0.8421875 0.19791666666666666 0.890625 0.21809895833333334 0.90546875 0.234375 0.9046875 0.2552083333333333 0.89453125 0.2571614583333333 0.88671875 0.251953125 0.86328125 0.2526041666666667 0.828125 0.23502604166666666 0.77890625 0.228515625 0.77734375 0.21549479166666666 0.78359375 0.208984375 0.78359375 0.177734375 0.76796875 0.17317708333333334 0.771875
1 0.3020833333333333 0.70546875 0.3014322916666667 0.7375 0.3046875 0.7671875 0.3125 0.784375 0.31640625 0.7890625 0.3216145833333333 0.78984375 0.3450520833333333 0.7640625 0.3639322916666667 0.7625 0.3802083333333333 0.76484375 0.4186197916666667 0.74140625 0.4251302083333333 0.73203125 0.431640625 0.7140625 0.431640625 0.7078125 0.4283854166666667 0.703125 0.43359375 0.69140625 0.4375 0.66953125 0.4361979166666667 0.65546875 0.4264322916666667 0.63046875 0.4173177083333333 0.6203125 0.369140625 0.615625 0.3528645833333333 0.62890625 0.3287760416666667 0.65546875 0.322265625 0.6765625 0.306640625 0.6890625
1 0.3190104166666667 0.42578125 0.3170572916666667 0.43203125 0.3255208333333333 0.44296875 0.330078125 0.4625 0.3541666666666667 0.51171875 0.36328125 0.51953125 0.375 0.51953125 0.3828125 0.50546875 0.3802083333333333 0.4734375 0.3763020833333333 0.4640625 0.3567708333333333 0.45625 0.3274739583333333 0.428125
1 0.384765625 0.2890625 0.3841145833333333 0.30234375 0.3899739583333333 0.31875 0.4225260416666667 0.33046875 0.4427083333333333 0.3484375 0.4466145833333333 0.3484375 0.4654947916666667 0.33515625 0.474609375 0.3171875 0.474609375 0.309375 0.466796875 0.2890625 0.43359375 0.23203125 0.421875 0.22265625 0.4088541666666667 0.22421875 0.4036458333333333 0.2296875 0.38671875 0.27578125
1 0.4661458333333333 0.1328125 0.46875 0.14453125 0.46875 0.169140625 0.4654947916666667 0.20390625 0.47265625 0.2234375 0.4908854166666667 0.24140625 0.5084635416666666 0.246875 0.5221354166666666 0.24453125 0.5325520833333334 0.20390625 0.5305989583333334 0.1890625 0.5227864583333334 0.165625 0.513671875 0.153125 0.5 0.14375 0.4739583333333333 0.1296875
1 0.5651041666666666 0.33125 0.5651041666666666 0.33828125 0.583984375 0.35390625 0.6022135416666666 0.378125 0.6393229166666666 0.3765625 0.6549479166666666 0.3875 0.6627604166666666 0.396875 0.6692708333333334 0.41171875 0.6848958333333334 0.42421875 0.6959635416666666 0.42578125 0.7044270833333334 0.421875 0.7311197916666666 0.39453125 0.7200520833333334 0.3203125 0.7135416666666666 0.30703125 0.6966145833333334 0.2890625 0.6790364583333334 0.2953125 0.65234375 0.29140625 0.6295572916666666 0.284375 0.599609375 0.2828125 0.5904947916666666 0.290625 0.5865885416666666 0.309375 0.5774739583333334 0.315625
1 0.4928385416666667 0.4359375 0.4915364583333333 0.446875 0.498046875 0.4609375 0.5390625 0.4984375 0.546875 0.50078125 0.5501302083333334 0.496875 0.5553385416666666 0.4875 0.556640625 0.47734375 0.552734375 0.4359375 0.5475260416666666 0.42265625 0.5319010416666666 0.41796875 0.5026041666666666 0.42890625
1 0.525390625 0.709375 0.525390625 0.71875 0.529296875 0.72734375 0.5364583333333334 0.734375 0.5540364583333334 0.74375 0.568359375 0.74609375 0.5748697916666666 0.74453125 0.5885416666666666 0.734375 0.5950520833333334 0.71796875 0.5963541666666666 0.6953125 0.5924479166666666 0.6890625 0.5852864583333334 0.6859375 0.5631510416666666 0.684375 0.529296875 0.7
1 0.529296875 0.56953125 0.5325520833333334 0.6 0.54296875 0.63046875 0.546875 0.634375 0.5698782552083334 0.63203125 0.6158854166666666 0.63359375 0.6217447916666666 0.63046875 0.626953125 0.62265625 0.6302083333333334 0.590625 0.62109375 0.57734375 0.5904947916666666 0.5671875 0.5670572916666666 0.56328125 0.5338541666666666 0.56640625
1 0.4427083333333333 0.88125 0.4420572916666667 0.890625 0.4485677083333333 0.90078125 0.4661458333333333 0.91953125 0.4733072916666667 0.921875 0.4817708333333333 0.91328125 0.5032552083333334 0.87890625 0.505859375 0.8625 0.49609375 0.84765625 0.4830729166666667 0.84140625 0.4772135416666667 0.8421875 0.4576822916666667 0.8609375
1 0.5377604166666666 0.89609375 0.5377604166666666 0.92109375 0.5546875 0.92890625 0.5631510416666666 0.9375 0.6048177083333334 0.940625 0.6608072916666666 0.95234375 0.7076822916666666 0.953125 0.7135416666666666 0.95078125 0.7688802083333334 0.95859375 0.78125 0.9578125 0.7877604166666666 0.953125 0.7858072916666666 0.9421875 0.775390625 0.9328125 0.7493489583333334 0.859375 0.7447916666666666 0.85390625 0.6634114583333334 0.8359375 0.6399739583333334 0.8203125 0.6197916666666666 0.81796875 0.599609375 0.80859375 0.583984375 0.80859375 0.578125 0.8125 0.576171875 0.81875 0.5651041666666666 0.83125 0.5436197916666666 0.871875
1 0.759765625 0.43125 0.7584635416666666 0.4359375 0.7877604166666666 0.49921875 0.7962239583333334 0.50546875 0.806640625 0.50546875 0.8177083333333334 0.49765625 0.8274739583333334 0.471875 0.8411458333333334 0.44921875 0.8444010416666666 0.4390625 0.8430989583333334 0.43203125 0.8333333333333334 0.42734375 0.78125 0.41796875 0.7721354166666666 0.4203125
1 0.830078125 0.4953125 0.8294270833333334 0.51875 0.8352864583333334 0.53515625 0.8424479166666666 0.5421875 0.86328125 0.5515625 0.888671875 0.54375 0.9108072916666666 0.54296875 0.9192708333333334 0.53984375 0.9283854166666666 0.52578125 0.9322916666666666 0.5078125 0.931640625 0.49375 0.9264322916666666 0.475 0.9147135416666666 0.4578125 0.9010416666666666 0.453125 0.857421875 0.446875 0.8509114583333334 0.44921875 0.8404947916666666 0.47734375
1 0.650390625 0.5171875 0.6549479166666666 0.5296875 0.6731770833333334 0.55078125 0.6927083333333334 0.56484375 0.6985677083333334 0.5640625 0.7083333333333334 0.54609375 0.70703125 0.53125 0.6888020833333334 0.50390625 0.6686197916666666 0.50546875
1 0.84765625 0.240625 0.8489583333333334 0.2640625 0.8522135416666666 0.27421875 0.8645833333333334 0.2859375 0.8795572916666666 0.29375 0.8899739583333334 0.29140625 0.9127604166666666 0.25859375 0.9108072916666666 0.25390625 0.8763020833333334 0.22265625 0.8541666666666666 0.22890625