1 0.11783854166666667 0.4453125 0.11588541666666667 0.459375 0.119140625 0.4640625 0.15169270833333334 0.48515625 0.16341145833333334 0.48125 0.19270833333333334 0.45546875 0.1953125 0.44921875 0.19270833333333334 0.4390625 0.18489583333333334 0.4265625 0.18294270833333334 0.41640625 0.17903645833333334 0.41328125 0.16015625 0.41640625 0.1484375 0.421875 0.134765625 0.4203125 0.12630208333333334 0.42734375
1 0.44140625 0.52890625 0.4401041666666667 0.5390625 0.4440104166666667 0.55625 0.4609375 0.58828125 0.4700520833333333 0.5984375 0.4752604166666667 0.6125 0.4830729166666667 0.6171875 0.490234375 0.6171875 0.5 0.61171875 0.5084635416666666 0.61328125 0.515625 0.6015625 0.5481770833333334 0.5703125 0.5579427083333334 0.5515625 0.5501302083333334 0.52890625 0.5345052083333334 0.5203125 0.5149739583333334 0.4984375 0.490234375 0.4875 0.47265625 0.49375
1 0.10481770833333333 0.72734375 0.10221354166666667 0.765625 0.12630208333333334 0.80078125 0.13736979166666666 0.80703125 0.14388020833333334 0.80625 0.166015625 0.78984375 0.17252604166666666 0.775 0.17317708333333334 0.75703125 0.17057291666666666 0.74375 0.1640625 0.734375 0.154296875 0.7265625 0.12825520833333334 0.71953125 0.10872395833333333 0.721875
1 0.3190104166666667 0.69609375 0.3125 0.72265625 0.3138020833333333 0.728125 0.3502604166666667 0.74140625 0.3704427083333333 0.73671875 0.3723958333333333 0.71796875 0.359375 0.68125 0.3483072916666667 0.678125 0.322265625 0.690625
1 0.408203125 0.72109375 0.4075520833333333 0.73046875 0.4134114583333333 0.74453125 0.4296875 0.75625 0.439453125 0.759375 0.443359375 0.75625 0.45703125 0.728125 0.4596354166666667 0.7125 0.4544270833333333 0.6984375 0.4388020833333333 0.690625
1 0.490234375 0.72734375 0.4889322916666667 0.73828125 0.4954427083333333 0.746875 0.509765625 0.74765625 0.51953125 0.74375 0.5390625 0.75703125 0.5462239583333334 0.75703125 0.5481770833333334 0.75390625 0.55078125 0.7375 0.546875 0.71640625 0.5416666666666666 0.7078125 0.5364583333333334 0.7046875 0.515625 0.70625 0.5013020833333334 0.71484375
1 0.6015625 0.721875 0.5989583333333334 0.74765625 0.603515625 0.7625 0.5911458333333334 0.790625 0.595703125 0.796875 0.599609375 0.81015625 0.6295572916666666 0.82265625 0.6354166666666666 0.82265625 0.6419270833333334 0.81484375 0.6510416666666666 0.79375 0.6614583333333334 0.759375 0.6608072916666666 0.7484375 0.654296875 0.73671875 0.6549479166666666 0.71640625 0.6477864583333334 0.71328125 0.6165364583333334 0.715625 0.6048177083333334 0.71796875
1 0.7467447916666666 0.67578125 0.7311197916666666 0.7578125 0.7239583333333334 0.7828125 0.7252604166666666 0.821875 0.7311197916666666 0.83125 0.7428385416666666 0.83828125 0.7799479166666666 0.83828125 0.7942708333333334 0.83515625 0.80078125 0.8265625 0.8177083333333334 0.78359375 0.8229166666666666 0.75859375 0.810546875 0.6640625 0.8033854166666666 0.640625 0.7942708333333334 0.6234375 0.7884114583333334 0.6203125 0.7766927083333334 0.625 0.7578125 0.64140625
1 0.88671875 0.73046875 0.8854166666666666 0.7375 0.8932291666666666 0.778125 0.900390625 0.7953125 0.9029947916666666 0.81484375 0.9075520833333334 0.82109375 0.9225260416666666 0.82265625 0.9401041666666666 0.8109375 0.9602864583333334 0.7890625 0.9635416666666666 0.7796875 0.9615885416666666 0.76875 0.9361979166666666 0.7484375 0.9225260416666666 0.73046875 0.9166666666666666 0.728125
1 0.5774739583333334 0.87109375 0.5768229166666666 0.903125 0.580078125 0.90859375 0.591796875 0.91875 0.603515625 0.91875 0.61328125 0.91484375 0.6204427083333334 0.903125 0.6223958333333334 0.8375 0.6100260416666666 0.82265625 0.59765625 0.8234375 0.5826822916666666 0.8484375
1 0.3131510416666667 0.80625 0.3059895833333333 0.825 0.3059895833333333 0.83125 0.3307291666666667 0.84453125 0.3346354166666667 0.84375 0.3391927083333333 0.8375 0.3528645833333333 0.80859375 0.3522135416666667 0.80390625 0.3450520833333333 0.796875 0.3255208333333333 0.7890625 0.3196614583333333 0.79296875
1 0.404296875 0.92109375 0.4036458333333333 0.93046875 0.40625 0.93515625 0.4485677083333333 0.9703125 0.4641927083333333 0.9875 0.470703125 0.98671875 0.4830729166666667 0.96015625 0.4830729166666667 0.9390625 0.4811197916666667 0.9359375 0.4641927083333333 0.92421875 0.4251302083333333 0.9203125 0.412109375 0.9125 0.4075520833333333 0.91328125
0 0.5397135416666666 0.2515625 0.5397135416666666 0.2765625 0.5364583333333334 0.284375 0.5384114583333334 0.30234375 0.5501302083333334 0.31796875 0.560546875 0.31953125 0.5807291666666666 0.31484375 0.5944010416666666 0.296875 0.60546875 0.29453125 0.6145833333333334 0.2875 0.6321614583333334 0.26640625 0.6399739583333334 0.2484375 0.640625 0.23828125 0.6373697916666666 0.22578125 0.6282552083333334 0.2125 0.6145833333333334 0.20390625 0.60546875 0.1921875 0.591796875 0.1875 0.5553385416666666 0.21875 0.544921875 0.2359375
0 0.7076822916666666 0.31484375 0.7083333333333334 0.3234375 0.7337239583333334 0.3484375 0.7493489583333334 0.353125 0.7708333333333334 0.35390625 0.78515625 0.35078125 0.794921875 0.34140625 0.796875 0.33515625 0.794921875 0.3140625 0.7838541666666666 0.29609375 0.7708333333333334 0.28515625 0.7545572916666666 0.27890625 0.73046875 0.28203125 0.7220052083333334 0.29609375 0.7141927083333334 0.30234375
0 0.7434895833333334 0.159375 0.7415364583333334 0.1859375 0.755859375 0.196875 0.7662760416666666 0.19765625 0.7825520833333334 0.1890625 0.7955729166666666 0.1765625 0.80078125 0.16953125 0.8040364583333334 0.15234375 0.7942708333333334 0.12109375 0.7864583333333334 0.11015625 0.7819010416666666 0.109375 0.75390625 0.13203125
0 0.8190104166666666 0.11953125 0.818359375 0.13046875 0.82421875 0.146875 0.837890625 0.16875 0.8450520833333334 0.1765625 0.853515625 0.17890625 0.8639322916666666 0.17265625 0.8763020833333334 0.15703125 0.8880208333333334 0.1296875 0.8893229166666666 0.1109375 0.8854166666666666 0.0953125 0.8782552083333334 0.0828125 0.8548177083333334 0.078125 0.8274739583333334 0.10546875
0 0.6640625 0.05703125 0.662109375 0.0640625 0.6640625 0.078125 0.671875 0.09921875 0.685546875 0.11875 0.70703125 0.140625 0.7233072916666666 0.1421875 0.7278645833333334 0.13828125 0.75 0.11484375 0.759765625 0.09296875 0.7584635416666666 0.08125 0.7337239583333334 0.03046875 0.72265625 0.01796875 0.69921875 0.01015625 0.6809895833333334 0.01171875 0.6751302083333334 0.0203125
0 0.4869791666666667 0.08671875 0.4908854166666667 0.115625 0.4993489583333333 0.12890625 0.5384114583333334 0.14296875 0.5462239583333334 0.1421875 0.5501302083333334 0.1375 0.5540364583333334 0.125 0.5559895833333334 0.0953125 0.5559895833333334 0.08671875 0.552734375 0.07890625 0.5065104166666666 0.0578125 0.4928385416666667 0.06875
0 0.3326822916666667 0.08125 0.3333333333333333 0.0890625 0.341796875 0.10234375 0.35546875 0.11328125 0.369140625 0.11875 0.3899739583333333 0.0875 0.3912760416666667 0.0765625 0.3873697916666667 0.0671875 0.3763020833333333 0.06015625 0.3684895833333333 0.04921875 0.3522135416666667 0.04375
0 0.29296875 0.3125 0.2890625 0.33359375 0.2897135416666667 0.34375 0.2936197916666667 0.3625 0.3020833333333333 0.37265625 0.3248697916666667 0.3734375 0.3502604166666667 0.34140625 0.353515625 0.31328125 0.349609375 0.296875 0.3424479166666667 0.28203125 0.3307291666666667 0.28046875 0.3170572916666667 0.28671875 0.2994791666666667 0.30078125
0 0.22981770833333334 0.171875 0.228515625 0.18203125 0.23697916666666666 0.20546875 0.24088541666666666 0.20859375 0.255859375 0.21015625 0.265625 0.20703125 0.2734375 0.2 0.2786458333333333 0.1875 0.2786458333333333 0.17109375 0.2734375 0.16484375 0.236328125 0.16328125
0 0.15234375 0.15703125 0.15104166666666666 0.17578125 0.15690104166666666 0.18046875 0.171875 0.18046875 0.1796875 0.17734375 0.19270833333333334 0.15703125 0.1953125 0.14375 0.19270833333333334 0.1328125 0.17513020833333334 0.11015625 0.16796875 0.10859375 0.1640625 0.11171875