1 0.07096354166666667 0.2375 0.07096354166666667 0.25 0.07682291666666667 0.26875 0.09049479166666667 0.28671875 0.11458333333333333 0.28984375 0.14908854166666666 0.278125 0.16080729166666666 0.28046875 0.16471354166666666 0.2765625 0.15950520833333334 0.24296875 0.1484375 0.21015625 0.14388020833333334 0.20390625 0.119140625 0.20390625 0.09895833333333333 0.20859375 0.07747395833333333 0.2265625
1 0.041015625 0.6390625 0.040364583333333336 0.64609375 0.047526041666666664 0.671875 0.091796875 0.67890625 0.10416666666666667 0.671875 0.11588541666666667 0.6265625 0.109375 0.61875 0.08268229166666667 0.609375 0.064453125 0.61640625
1 0.012369791666666666 0.86171875 0.013020833333333334 0.875 0.026692708333333332 0.89296875 0.046875 0.9328125 0.056640625 0.9703125 0.060546875 0.975 0.10872395833333333 0.96796875 0.13606770833333334 0.95625 0.14453125 0.94765625 0.16796875 0.909375 0.17643229166666666 0.88046875 0.17057291666666666 0.86328125 0.158203125 0.85234375 0.14713541666666666 0.83515625 0.12630208333333334 0.83515625 0.11328125 0.83125 0.07486979166666667 0.81015625 0.05859375 0.8046875 0.044921875 0.80703125 0.035807291666666664 0.8140625 0.021484375 0.83828125
1 0.15104166666666666 0.80625 0.14908854166666666 0.82734375 0.15234375 0.8390625 0.15950520833333334 0.84921875 0.185546875 0.86875 0.24088541666666666 0.86875 0.3001302083333333 0.85234375 0.3125 0.83984375 0.3098958333333333 0.8 0.3053385416666667 0.78046875 0.26171875 0.67578125 0.2545572916666667 0.66796875 0.24544270833333334 0.67109375 0.22526041666666666 0.68828125 0.1953125 0.71640625 0.18424479166666666 0.73046875 0.169921875 0.7609375 0.16276041666666666 0.78671875 0.15690104166666666 0.79296875
1 0.29296875 0.71015625 0.2923177083333333 0.72734375 0.30078125 0.76796875 0.3131510416666667 0.7890625 0.32421875 0.79453125 0.3326822916666667 0.79375 0.337890625 0.7859375 0.341796875 0.7625 0.3411458333333333 0.74453125 0.3352864583333333 0.7140625 0.3098958333333333 0.6953125 0.3014322916666667 0.6984375
1 0.1875 0.3546875 0.18815104166666666 0.390625 0.19661458333333334 0.41640625 0.19401041666666666 0.4375 0.20052083333333334 0.45234375 0.21614583333333334 0.46875 0.25390625 0.4671875 0.2766927083333333 0.43671875 0.279296875 0.4296875 0.27734375 0.415625 0.265625 0.3890625 0.2513020833333333 0.37265625 0.20833333333333334 0.34453125 0.1953125 0.3453125
1 0.3359375 0.5046875 0.3352864583333333 0.5125 0.3450520833333333 0.5375 0.3515625 0.54609375 0.3626302083333333 0.55234375 0.3815104166666667 0.55546875 0.4075520833333333 0.5515625 0.41796875 0.546875 0.423828125 0.53984375 0.4186197916666667 0.521875 0.3899739583333333 0.48359375 0.373046875 0.4859375
1 0.4205729166666667 0.1671875 0.421875 0.209375 0.4303385416666667 0.2234375 0.4993489583333333 0.265625 0.51171875 0.26953125 0.517578125 0.26015625 0.525390625 0.215625 0.5234375 0.153125 0.5188802083333334 0.13828125 0.5234375 0.07421875 0.51171875 0.07578125 0.4622395833333333 0.11015625
1 0.4602864583333333 0.30390625 0.458984375 0.3078125 0.4635416666666667 0.321875 0.4915364583333333 0.3671875 0.5188802083333334 0.40625 0.537109375 0.4203125 0.5533854166666666 0.4265625 0.568359375 0.42578125 0.591796875 0.39375 0.5970052083333334 0.3765625 0.6009114583333334 0.328125 0.5911458333333334 0.3 0.5846354166666666 0.2921875 0.564453125 0.2828125 0.5501302083333334 0.2828125 0.484375 0.29375
1 0.5078125 0.45234375 0.494140625 0.503125 0.49609375 0.51171875 0.521484375 0.52890625 0.5390625 0.53671875 0.5494791666666666 0.53984375 0.5677083333333334 0.53828125 0.5774739583333334 0.521875 0.5826822916666666 0.5046875 0.5813802083333334 0.48671875 0.576171875 0.471875 0.5423177083333334 0.4453125 0.517578125 0.434375 0.5123697916666666 0.43671875
1 0.4309895833333333 0.7515625 0.4303385416666667 0.75859375 0.4361979166666667 0.765625 0.4680989583333333 0.77578125 0.4908854166666667 0.7875 0.50390625 0.7875 0.5286458333333334 0.71328125 0.5358072916666666 0.6875 0.53515625 0.678125 0.501953125 0.64296875 0.48046875 0.6421875 0.4680989583333333 0.65859375 0.4576822916666667 0.68984375 0.4485677083333333 0.6953125
1 0.5045572916666666 0.81484375 0.5032552083333334 0.8296875 0.5078125 0.865625 0.521484375 0.8875 0.529296875 0.89375 0.541015625 0.89453125 0.5501302083333334 0.89140625 0.5618489583333334 0.87890625 0.564453125 0.871875 0.56640625 0.8296875 0.5625 0.81953125 0.55078125 0.81015625 0.52734375 0.8046875 0.515625 0.80546875
1 0.6907552083333334 0.77890625 0.6907552083333334 0.8015625 0.6979166666666666 0.86875 0.7102864583333334 0.8828125 0.7350260416666666 0.89296875 0.771484375 0.8703125 0.791015625 0.871875 0.818359375 0.86484375 0.82421875 0.86171875 0.8287760416666666 0.85234375 0.83203125 0.8359375 0.8287760416666666 0.825 0.8294270833333334 0.80859375 0.826171875 0.79296875 0.818359375 0.77265625 0.7994791666666666 0.746875 0.77734375 0.74609375 0.732421875 0.75703125 0.7109375 0.76484375 0.6953125 0.7734375
1 0.6640625 0.55703125 0.6640625 0.6109375 0.66796875 0.61796875 0.689453125 0.62890625 0.748046875 0.62421875 0.7643229166666666 0.6125 0.7688802083333334 0.5984375 0.7760416666666666 0.59609375 0.7838541666666666 0.58828125 0.79296875 0.5671875 0.7799479166666666 0.51875 0.76953125 0.50078125 0.76171875 0.49609375 0.7440475260416667 0.49609375 0.685546875 0.47578125 0.681640625 0.4765625 0.673828125 0.49765625 0.66796875 0.52265625
1 0.6477864583333334 0.35546875 0.6471354166666666 0.36328125 0.6536458333333334 0.37734375 0.6627604166666666 0.3890625 0.6725260416666666 0.39609375 0.6803385416666666 0.4171875 0.689453125 0.43125 0.724609375 0.4578125 0.7552083333333334 0.4578125 0.7708333333333334 0.453125 0.7819010416666666 0.44609375 0.8001302083333334 0.42109375 0.8033854166666666 0.3984375 0.810546875 0.375 0.810546875 0.32421875 0.8020833333333334 0.296875 0.7936197916666666 0.2859375 0.7688802083333334 0.271875 0.7454427083333334 0.27421875 0.7278645833333334 0.2796875 0.7005208333333334 0.29609375
1 0.66796875 0.2609375 0.6666666666666666 0.2734375 0.6751302083333334 0.27578125 0.6888020833333334 0.26953125 0.71484375 0.2640625 0.7265625 0.2578125 0.7506510416666666 0.25625 0.7682291666666666 0.24921875 0.779296875 0.240625 0.78125 0.23125 0.775390625 0.19921875 0.767578125 0.17421875 0.7513020833333334 0.13671875 0.7317708333333334 0.1125 0.7272135416666666 0.11015625 0.720703125 0.11171875 0.7063802083333334 0.13046875 0.6848958333333334 0.2109375 0.6712239583333334 0.24453125
1 0.16145833333333334 0.08125 0.16276041666666666 0.08828125 0.22786458333333334 0.1640625 0.23958333333333334 0.16015625 0.2649739583333333 0.14375 0.2897135416666667 0.11953125 0.2845052083333333 0.10625 0.22916666666666666 0.040625 0.22265625 0.04140625 0.208984375 0.0515625 0.20182291666666666 0.053125 0.19921875 0.05625 0.20182291666666666 0.06171875 0.19661458333333334 0.06796875