0 0.11328125 0.2234375 0.11588541666666667 0.25859375 0.126953125 0.2765625 0.154296875 0.2765625 0.17122395833333334 0.27265625 0.17578125 0.26875 0.17838541666666666 0.2515625 0.171875 0.2234375 0.14388020833333334 0.2171875 0.12630208333333334 0.21875
0 0.3450520833333333 0.04921875 0.3444010416666667 0.096875 0.3489583333333333 0.1125 0.3587239583333333 0.1203125 0.3919270833333333 0.12109375 0.3990885416666667 0.10703125 0.4010416666666667 0.06953125 0.396484375 0.05390625 0.38671875 0.046875 0.3815104166666667 0.0234375 0.3743489583333333 0.0171875 0.3658854166666667 0.015625 0.3600260416666667 0.01875 0.34765625 0.0328125
0 0.22265625 0.16328125 0.22005208333333334 0.18125 0.22265625 0.19921875 0.23372395833333334 0.21484375 0.24088541666666666 0.21796875 0.25390625 0.21484375 0.28125 0.2015625 0.296875 0.19140625 0.3001302083333333 0.1859375 0.30078125 0.178125 0.2975260416666667 0.16875 0.26171875 0.13203125 0.24869791666666666 0.13203125 0.23177083333333334 0.1390625 0.22721354166666666 0.1453125
0 0.3359375 0.22734375 0.3346354166666667 0.24296875 0.3411458333333333 0.2625 0.35546875 0.2734375 0.3658854166666667 0.27578125 0.3717447916666667 0.27265625 0.37890625 0.25859375 0.3815104166666667 0.2390625 0.3776041666666667 0.2203125 0.3626302083333333 0.19921875 0.3541666666666667 0.1984375 0.3489583333333333 0.203125
0 0.4095052083333333 0.25703125 0.4108072916666667 0.27421875 0.4186197916666667 0.28359375 0.4329427083333333 0.29375 0.4583333333333333 0.30234375 0.4733072916666667 0.30078125 0.4850260416666667 0.28125 0.490234375 0.25859375 0.4947916666666667 0.2078125 0.4934895833333333 0.17734375 0.4837239583333333 0.17265625 0.47265625 0.17265625 0.4427083333333333 0.18125 0.41796875 0.225
0 0.5911458333333334 0.090625 0.5930989583333334 0.13046875 0.6009114583333334 0.14453125 0.611328125 0.1484375 0.6302083333333334 0.14765625 0.640625 0.14453125 0.65625 0.13359375 0.6569010416666666 0.11875 0.6510416666666666 0.10078125 0.64453125 0.084375 0.634765625 0.07421875 0.6263020833333334 0.0703125 0.6139322916666666 0.06953125 0.59765625 0.0796875
0 0.6334635416666666 0.2203125 0.6295572916666666 0.23125 0.630859375 0.2375 0.6419270833333334 0.246875 0.6529947916666666 0.265625 0.6653645833333334 0.27421875 0.68359375 0.26953125 0.70703125 0.27109375 0.7239583333333334 0.2609375 0.7291666666666666 0.2546875 0.7298177083333334 0.2421875 0.7259114583333334 0.23203125 0.708984375 0.21796875 0.69921875 0.20390625 0.689453125 0.1984375 0.6595052083333334 0.19765625 0.6510416666666666 0.20234375 0.6432291666666666 0.2140625
0 0.810546875 0.2125 0.8092447916666666 0.21875 0.8131510416666666 0.2265625 0.8450520833333334 0.271875 0.8515625 0.275 0.859375 0.27265625 0.875 0.25546875 0.87890625 0.246875 0.8821614583333334 0.22890625 0.8815104166666666 0.21640625 0.876953125 0.2046875 0.8645833333333334 0.18828125 0.845703125 0.18984375 0.830078125 0.1953125 0.81640625 0.203125
0 0.77734375 0.0390625 0.77734375 0.053125 0.78515625 0.07421875 0.8040364583333334 0.09140625 0.837890625 0.08984375 0.8515625 0.0828125 0.8600260416666666 0.07421875 0.8763020833333334 0.04140625 0.8763020833333334 0.03671875 0.8704427083333334 0.0296875 0.845703125 0.0140625 0.8372395833333334 0.01171875 0.81640625 0.0125 0.8001302083333334 0.01796875
0 0.802734375 0.47734375 0.8020833333333334 0.4921875 0.8053385416666666 0.5015625 0.8235677083333334 0.528125 0.8313802083333334 0.53515625 0.841796875 0.534375 0.8606770833333334 0.51953125 0.8704427083333334 0.4953125 0.8697916666666666 0.48046875 0.8619791666666666 0.45703125 0.859375 0.453125 0.8489583333333334 0.44921875 0.8333333333333334 0.44765625 0.8209635416666666 0.4546875 0.8059895833333334 0.46953125
0 0.638671875 0.4875 0.638671875 0.496875 0.6477864583333334 0.50546875 0.6647135416666666 0.51015625 0.6842447916666666 0.5078125 0.7135416666666666 0.5109375 0.728515625 0.51875 0.7389322916666666 0.51875 0.7565104166666666 0.51015625 0.7578125 0.5 0.7662760416666666 0.48984375 0.7682291666666666 0.4734375 0.7623697916666666 0.4625 0.7311197916666666 0.43203125 0.673828125 0.42890625 0.66015625 0.4375 0.6477864583333334 0.45859375
0 0.6927083333333334 0.67421875 0.6927083333333334 0.684375 0.7044270833333334 0.6953125 0.712890625 0.71015625 0.7272135416666666 0.7234375 0.740234375 0.7265625 0.765625 0.72578125 0.7740885416666666 0.72109375 0.779296875 0.7125 0.7805989583333334 0.696875 0.7779947916666666 0.68515625 0.76171875 0.65546875 0.7545572916666666 0.6484375 0.724609375 0.64296875 0.7096354166666666 0.64453125 0.69921875 0.6546875
0 0.2923177083333333 0.42265625 0.2903645833333333 0.43828125 0.294921875 0.4484375 0.2955729166666667 0.459375 0.2994791666666667 0.4625 0.3216145833333333 0.4640625 0.3346354166666667 0.4609375 0.3430989583333333 0.4484375 0.3463541666666667 0.4203125 0.3385416666666667 0.40703125 0.32421875 0.40234375 0.3033854166666667 0.403125 0.2955729166666667 0.4078125
0 0.41015625 0.553125 0.4114583333333333 0.571875 0.4147135416666667 0.578125 0.42578125 0.5859375 0.4453125 0.5671875 0.4537760416666667 0.546875 0.4440104166666667 0.53515625 0.439453125 0.53203125 0.4342447916666667 0.534375 0.4322916666666667 0.52578125 0.4270833333333333 0.525 0.4231770833333333 0.534375 0.4147135416666667 0.5421875
0 0.44921875 0.640625 0.4498697916666667 0.653125 0.4563802083333333 0.66171875 0.50390625 0.6546875 0.5123697916666666 0.64765625 0.5182291666666666 0.6359375 0.5201822916666666 0.609375 0.5006510416666666 0.59375 0.494140625 0.584375 0.4830729166666667 0.584375 0.478515625 0.58671875 0.4602864583333333 0.6109375
0 0.19791666666666666 0.553125 0.19661458333333334 0.57265625 0.20377604166666666 0.5921875 0.19791666666666666 0.6125 0.203125 0.63046875 0.21223958333333334 0.64609375 0.216796875 0.65 0.23502604166666666 0.6515625 0.2604166666666667 0.63359375 0.2721354166666667 0.61484375 0.2805989583333333 0.584375 0.283203125 0.540625 0.2779947916666667 0.525 0.25390625 0.51796875 0.21549479166666666 0.51796875 0.20572916666666666 0.52734375
0 0.1328125 0.5375 0.13411458333333334 0.5484375 0.15104166666666666 0.546875 0.162109375 0.540625 0.171875 0.521875 0.173828125 0.51171875 0.171875 0.49453125 0.15104166666666666 0.47265625 0.14713541666666666 0.471875 0.14453125 0.475
1 0.806640625 0.88984375 0.8040364583333334 0.946875 0.8092447916666666 0.96015625 0.8274739583333334 0.98046875 0.8522135416666666 0.97734375 0.8619791666666666 0.97109375 0.876953125 0.95 0.87890625 0.9375 0.8561197916666666 0.89453125 0.8235677083333334 0.87890625 0.8111979166666666 0.88125
0 0.818359375 0.30625 0.8196614583333334 0.31875 0.8170572916666666 0.3359375 0.8203125 0.35078125 0.826171875 0.3625 0.8352864583333334 0.37109375 0.8450520833333334 0.375 0.8522135416666666 0.37578125 0.865234375 0.3703125 0.8697916666666666 0.36015625 0.873046875 0.334375 0.8639322916666666 0.296875 0.8515625 0.28828125 0.8333333333333334 0.284375 0.8274739583333334 0.2890625
0 0.767578125 0.3859375 0.767578125 0.396875 0.7747395833333334 0.4109375 0.7897135416666666 0.42421875 0.8001302083333334 0.42578125 0.8079427083333334 0.42265625 0.830078125 0.403125 0.8359375 0.37890625 0.8294270833333334 0.3671875 0.8157552083333334 0.3640625 0.7805989583333334 0.37265625 0.7747395833333334 0.37578125
0 0.466796875 0.37890625 0.466796875 0.390625 0.4759114583333333 0.40703125 0.5084635416666666 0.45 0.5325520833333334 0.44609375 0.548828125 0.421875 0.548828125 0.41015625 0.5299479166666666 0.3828125 0.521484375 0.36328125 0.515625 0.35859375 0.5045572916666666 0.35546875 0.4954427083333333 0.35703125 0.474609375 0.36796875