1 0.05078125 0.2421875 0.050130208333333336 0.25625 0.053385416666666664 0.26875 0.076171875 0.3 0.08658854166666667 0.30703125 0.11263020833333333 0.31640625 0.12044270833333333 0.31640625 0.13151041666666666 0.3078125 0.13151041666666666 0.296875 0.11263020833333333 0.2546875 0.07682291666666667 0.23359375 0.056640625 0.23359375
1 0.18229166666666666 0.29921875 0.18229166666666666 0.3171875 0.1875 0.33125 0.19270833333333334 0.36015625 0.20377604166666666 0.3796875 0.21354166666666666 0.3828125 0.22395833333333334 0.378125 0.2421875 0.37578125 0.2721354166666667 0.35859375 0.2740885416666667 0.328125 0.2669270833333333 0.3 0.20247395833333334 0.28671875 0.18880208333333334 0.2890625
1 0.376953125 0.109375 0.3763020833333333 0.1296875 0.38671875 0.14765625 0.4029947916666667 0.153125 0.4322916666666667 0.17265625 0.4453125 0.16796875 0.4596354166666667 0.1546875 0.4661458333333333 0.1375 0.46484375 0.12578125 0.4563802083333333 0.10625 0.4361979166666667 0.07421875 0.42578125 0.0515625 0.4147135416666667 0.04140625 0.4016927083333333 0.046875 0.3932291666666667 0.05625
1 0.5579427083333334 0.1578125 0.5579427083333334 0.165625 0.5625 0.17421875 0.5787760416666666 0.1890625 0.5924479166666666 0.20703125 0.603515625 0.209375 0.623046875 0.20234375 0.6328125 0.20546875 0.6484375 0.21953125 0.6614583333333334 0.2421875 0.6751302083333334 0.253125 0.6881510416666666 0.25390625 0.6979166666666666 0.24921875 0.720703125 0.22421875 0.7161458333333334 0.203125 0.712890625 0.1609375 0.7076822916666666 0.15390625 0.7096354166666666 0.15078125 0.701171875 0.1296875 0.6888020833333334 0.1125 0.6848958333333334 0.11171875 0.6783854166666666 0.11796875 0.6731770833333334 0.11796875 0.6282552083333334 0.11171875 0.5904947916666666 0.1109375 0.5826822916666666 0.11796875 0.5787760416666666 0.13671875 0.56640625 0.14453125
1 0.7526041666666666 0.2625 0.751953125 0.26875 0.7740885416666666 0.31015625 0.7799479166666666 0.33046875 0.7877604166666666 0.33515625 0.7962239583333334 0.3359375 0.8072916666666666 0.33125 0.8138020833333334 0.32421875 0.833984375 0.26484375 0.8333333333333334 0.25859375 0.828125 0.2546875 0.77734375 0.24140625 0.7649739583333334 0.24453125
1 0.8216145833333334 0.32578125 0.8209635416666666 0.34609375 0.8255208333333334 0.36015625 0.8326822916666666 0.36640625 0.8515625 0.37421875 0.8763020833333334 0.36875 0.8997395833333334 0.36953125 0.9069010416666666 0.3671875 0.9153645833333334 0.359375 0.919921875 0.346875 0.916015625 0.33203125 0.9205729166666666 0.32421875 0.9205729166666666 0.31875 0.916015625 0.29609375 0.9095052083333334 0.28671875 0.8984375 0.2828125 0.8450520833333334 0.278125 0.83984375 0.2859375 0.8313802083333334 0.31015625
1 0.4869791666666667 0.259375 0.486328125 0.27734375 0.48828125 0.2828125 0.5069446614583334 0.30052109374999997 0.5201822916666666 0.31875 0.5358072916666666 0.32890625 0.5397135416666666 0.32734375 0.5475260416666666 0.31171875 0.544921875 0.26875 0.541015625 0.25234375 0.5325520833333334 0.24609375 0.5260416666666666 0.24609375 0.5052083333333334 0.25078125
1 0.5201822916666666 0.39375 0.521484375 0.41640625 0.53125 0.44765625 0.5384114583333334 0.459375 0.5813802083333334 0.45546875 0.6067708333333334 0.45703125 0.6145833333333334 0.44921875 0.6197916666666666 0.4375 0.6217447916666666 0.425 0.6197916666666666 0.4078125 0.6119791666666666 0.39921875 0.5891927083333334 0.39296875 0.5807291666666666 0.3796875 0.537109375 0.38671875
1 0.6419270833333334 0.34609375 0.6412760416666666 0.35234375 0.6471354166666666 0.3609375 0.66796875 0.38203125 0.6848958333333334 0.390625 0.6907552083333334 0.3875 0.6998697916666666 0.3703125 0.6998697916666666 0.36171875 0.6927083333333334 0.3546875 0.6822916666666666 0.3359375 0.666015625 0.334375 0.6471354166666666 0.34140625
1 0.8404947916666666 0.06640625 0.8391927083333334 0.0796875 0.841796875 0.103125 0.853515625 0.11640625 0.8671875 0.12421875 0.8743489583333334 0.12421875 0.880859375 0.1203125 0.90234375 0.08828125 0.8997395833333334 0.0796875 0.8678385416666666 0.05078125 0.84765625 0.05625
1 0.3125 0.25546875 0.310546875 0.26171875 0.345703125 0.340625 0.3528645833333333 0.34921875 0.3619791666666667 0.35234375 0.3665364583333333 0.35078125 0.3743489583333333 0.3359375 0.3723958333333333 0.309375 0.3678385416666667 0.2953125 0.361328125 0.28828125 0.345703125 0.284375 0.3346354166666667 0.26953125
1 0.294921875 0.51796875 0.2923177083333333 0.53203125 0.2942708333333333 0.58828125 0.310546875 0.61015625 0.3424479166666667 0.5796875 0.3815104166666667 0.578125 0.3932291666666667 0.5734375 0.412109375 0.56015625 0.4231770833333333 0.534375 0.4231770833333333 0.52890625 0.4173177083333333 0.52265625 0.416015625 0.5171875 0.4244791666666667 0.49921875 0.427734375 0.4828125 0.4270833333333333 0.46875 0.4147135416666667 0.44453125 0.4075520833333333 0.43828125 0.3893229166666667 0.43359375 0.3626302083333333 0.4359375 0.3444010416666667 0.45078125 0.3235677083333333 0.47578125 0.3151041666666667 0.50078125 0.296875 0.5109375
1 0.21223958333333334 0.46484375 0.212890625 0.50390625 0.20703125 0.54453125 0.20963541666666666 0.54765625 0.23763020833333334 0.54765625 0.244140625 0.5390625 0.24869791666666666 0.51328125 0.25 0.46328125 0.24479166666666666 0.459375 0.23046875 0.4578125 0.21744791666666666 0.45859375
1 0.16080729166666666 0.6015625 0.16080729166666666 0.65859375 0.185546875 0.703125 0.19986979166666666 0.7171875 0.20963541666666666 0.721875 0.22786458333333334 0.72265625 0.248046875 0.71875 0.24934895833333334 0.7109375 0.24348958333333334 0.6890625 0.244140625 0.6578125 0.23828125 0.63515625 0.22591145833333334 0.60546875 0.19856770833333334 0.60546875 0.17252604166666666 0.590625 0.16731770833333334 0.590625
1 0.4329427083333333 0.70859375 0.4329427083333333 0.715625 0.4446614583333333 0.73046875 0.4596354166666667 0.74453125 0.4635416666666667 0.74453125 0.474609375 0.734375 0.494140625 0.70625 0.4973958333333333 0.68828125 0.4921875 0.68046875 0.48046875 0.67265625 0.4680989583333333 0.67109375 0.447265625 0.690625
1 0.5162760416666666 0.53046875 0.5162760416666666 0.54453125 0.521484375 0.55390625 0.5358072916666666 0.56484375 0.560546875 0.57265625 0.57421875 0.56796875 0.5859375 0.55234375 0.5891927083333334 0.525 0.5865885416666666 0.51796875 0.58203125 0.51484375 0.5520833333333334 0.50859375 0.5201822916666666 0.52109375
1 0.5286458333333334 0.72265625 0.5260416666666666 0.7421875 0.5358072916666666 0.75078125 0.5735677083333334 0.76484375 0.6145833333333334 0.76875 0.6438802083333334 0.7765625 0.6878548177083333 0.77109375 0.71875 0.77109375 0.76171875 0.76328125 0.7760416666666666 0.75859375 0.7779947916666666 0.75546875 0.7760416666666666 0.74375 0.7649739583333334 0.73515625 0.75390625 0.7140625 0.7356770833333334 0.6640625 0.6100260416666666 0.646875 0.5885416666666666 0.6375 0.5735677083333334 0.63671875 0.5703125 0.640625 0.5546875 0.6640625 0.5338541666666666 0.70546875
1 0.458984375 0.81328125 0.455078125 0.84296875 0.447265625 0.8625 0.4479166666666667 0.86796875 0.4856770833333333 0.89609375 0.521484375 0.91171875 0.529296875 0.909375 0.5501302083333334 0.8796875 0.5696614583333334 0.8328125 0.568359375 0.82734375 0.560546875 0.82421875 0.478515625 0.80234375 0.4661458333333333 0.803125
1 0.23372395833333334 0.86171875 0.23046875 0.88046875 0.23372395833333334 0.9046875 0.24348958333333334 0.93203125 0.24869791666666666 0.9359375 0.27734375 0.93671875 0.3209635416666667 0.9265625 0.326171875 0.9203125 0.3294270833333333 0.90625 0.341796875 0.8921875 0.3450520833333333 0.87578125 0.3268229166666667 0.809375 0.3151041666666667 0.79140625 0.3072916666666667 0.78671875 0.2662760416666667 0.79609375 0.24674479166666666 0.82578125
1 0.14388020833333334 0.85625 0.14388020833333334 0.8640625 0.15755208333333334 0.8765625 0.18489583333333334 0.8921875 0.19401041666666666 0.8921875 0.205078125 0.87890625 0.208984375 0.8671875 0.216796875 0.859375 0.22395833333333334 0.84140625 0.22591145833333334 0.82734375 0.22005208333333334 0.8 0.1953125 0.7828125 0.18294270833333334 0.78515625 0.17317708333333334 0.7984375
1 0.7708333333333334 0.80625 0.7708333333333334 0.825 0.7734375 0.83359375 0.779296875 0.8390625 0.7897135416666666 0.8359375 0.806640625 0.825 0.8131510416666666 0.81328125 0.810546875 0.79296875 0.8072916666666666 0.78828125 0.8001302083333334 0.7859375 0.7760416666666666 0.7875