0 0.23828125 0.115625 0.23828125 0.13984375 0.24153645833333334 0.15390625 0.263671875 0.18046875 0.2708333333333333 0.184375 0.2955729166666667 0.18203125 0.3118489583333333 0.17265625 0.3359375 0.14375 0.34765625 0.11953125 0.345703125 0.10859375 0.3365885416666667 0.1 0.2981770833333333 0.09296875 0.26171875 0.07265625 0.2565104166666667 0.07421875 0.24479166666666666 0.0921875
0 0.3971354166666667 0.08984375 0.396484375 0.09921875 0.3997395833333333 0.10546875 0.4069010416666667 0.11484375 0.4251302083333333 0.1296875 0.43359375 0.13046875 0.4427083333333333 0.11484375 0.443359375 0.10859375 0.4348958333333333 0.0828125 0.4192708333333333 0.06171875 0.4114583333333333 0.0625 0.4069010416666667 0.06640625
0 0.48828125 0.08125 0.490234375 0.1328125 0.494140625 0.15078125 0.4993489583333333 0.16171875 0.5045572916666666 0.1640625 0.513671875 0.1625 0.5455729166666666 0.146875 0.5501302083333334 0.1234375 0.548828125 0.0875 0.5358072916666666 0.0671875 0.5260416666666666 0.06328125 0.5006510416666666 0.065625 0.49609375 0.06796875
0 0.5169270833333334 0.1890625 0.5169270833333334 0.21328125 0.5260416666666666 0.22578125 0.5390625 0.23359375 0.5533854166666666 0.2375 0.5690104166666666 0.22890625 0.578125 0.21953125 0.5774739583333334 0.20625 0.5716145833333334 0.1921875 0.5475260416666666 0.1703125 0.5397135416666666 0.16953125 0.525390625 0.1765625
0 0.6490885416666666 0.15078125 0.6484375 0.1640625 0.6536458333333334 0.178125 0.6588541666666666 0.18515625 0.6705729166666666 0.190625 0.6796875 0.18984375 0.6920572916666666 0.18125 0.7018229166666666 0.1703125 0.7037760416666666 0.1640625 0.7037760416666666 0.140625 0.6888020833333334 0.12109375 0.681640625 0.121875 0.6588541666666666 0.13515625 0.654296875 0.1390625
0 0.7766927083333334 0.19609375 0.7760416666666666 0.22578125 0.7786458333333334 0.2390625 0.798828125 0.2546875 0.8111979166666666 0.259375 0.8209635416666666 0.2578125 0.8385416666666666 0.2265625 0.837890625 0.21953125 0.822265625 0.19296875 0.806640625 0.178125 0.7897135416666666 0.1734375 0.78125 0.18125
0 0.8059895833333334 0.11328125 0.8053385416666666 0.13046875 0.80859375 0.13984375 0.8424479166666666 0.16796875 0.8561197916666666 0.17578125 0.8626302083333334 0.175 0.876953125 0.159375 0.890625 0.1359375 0.890625 0.12890625 0.88671875 0.121875 0.8795572916666666 0.1171875 0.873046875 0.09921875 0.859375 0.0875 0.8470052083333334 0.08203125 0.8352864583333334 0.08125 0.8177083333333334 0.090625
0 0.8483072916666666 0.33359375 0.84765625 0.3390625 0.8515625 0.34765625 0.865234375 0.36328125 0.8990885416666666 0.38125 0.92578125 0.38828125 0.9498697916666666 0.38359375 0.9563802083333334 0.37890625 0.9674479166666666 0.36640625 0.9733072916666666 0.346875 0.9733072916666666 0.33046875 0.9700520833333334 0.3234375 0.9283854166666666 0.30546875 0.890625 0.2953125 0.8671875 0.30703125 0.86328125 0.31796875
0 0.8444010416666666 0.65234375 0.8430989583333334 0.66875 0.8502604166666666 0.6828125 0.869140625 0.69765625 0.8977864583333334 0.7125 0.9127604166666666 0.7109375 0.9244791666666666 0.703125 0.9368489583333334 0.6890625 0.9420572916666666 0.66875 0.9231770833333334 0.6484375 0.9166666666666666 0.63515625 0.9029947916666666 0.6296875 0.869140625 0.63046875 0.8489583333333334 0.6421875
0 0.884765625 0.53203125 0.8834635416666666 0.546875 0.8899739583333334 0.56015625 0.8938802083333334 0.56484375 0.904296875 0.5671875 0.9173177083333334 0.58515625 0.9244791666666666 0.58828125 0.939453125 0.58828125 0.9524739583333334 0.578125 0.9576822916666666 0.56171875 0.9596354166666666 0.525 0.9466145833333334 0.496875 0.935546875 0.48203125 0.9283854166666666 0.48125 0.912109375 0.49296875 0.8899739583333334 0.51796875
0 0.8157552083333334 0.71796875 0.798828125 0.73046875 0.79296875 0.7265625 0.79296875 0.734375 0.798828125 0.75 0.8079427083333334 0.76640625 0.82421875 0.7796875 0.83984375 0.78984375 0.849609375 0.790625 0.8522135416666666 0.78671875 0.8528645833333334 0.7703125 0.8444010416666666 0.74296875 0.8352864583333334 0.72734375 0.82421875 0.71953125
0 0.69921875 0.8421875 0.6985677083333334 0.878125 0.705078125 0.8875 0.7239583333333334 0.88671875 0.7252604166666666 0.884375 0.7311197916666666 0.88671875 0.7421875 0.8796875 0.7610677083333334 0.88203125 0.7740885416666666 0.8625 0.775390625 0.85546875 0.7760416666666666 0.84140625 0.7721354166666666 0.83203125 0.7623697916666666 0.8140625 0.748046875 0.8 0.7337239583333334 0.8 0.7200520833333334 0.80390625 0.7063802083333334 0.82109375
0 0.5423177083333334 0.63671875 0.5416666666666666 0.665625 0.5462239583333334 0.69453125 0.55078125 0.703125 0.556640625 0.70625 0.5670572916666666 0.70703125 0.609375 0.690625 0.6334635416666666 0.67109375 0.63671875 0.665625 0.6373697916666666 0.64921875 0.6197916666666666 0.60078125 0.6126302083333334 0.59140625 0.6022135416666666 0.5859375 0.5787760416666666 0.59140625 0.560546875 0.603125 0.5501302083333334 0.6171875
0 0.6998697916666666 0.5703125 0.6998697916666666 0.58515625 0.705078125 0.60234375 0.7174479166666666 0.61015625 0.73046875 0.6234375 0.7395833333333334 0.62421875 0.7473958333333334 0.6203125 0.7552083333333334 0.6125 0.7623697916666666 0.5984375 0.7473958333333334 0.55625 0.7369791666666666 0.5359375 0.73046875 0.52890625 0.7239583333333334 0.53046875 0.712890625 0.54375
0 0.7102864583333334 0.4171875 0.708984375 0.4375 0.7135416666666666 0.44609375 0.728515625 0.44765625 0.7369791666666666 0.44296875 0.759765625 0.41171875 0.7623697916666666 0.39296875 0.7578125 0.38125 0.7578125 0.37265625 0.748046875 0.36796875 0.7350260416666666 0.371875
0 0.6158854166666666 0.31328125 0.6158854166666666 0.32265625 0.6295572916666666 0.34375 0.626953125 0.39453125 0.6302083333333334 0.4078125 0.6438802083333334 0.42890625 0.6627604166666666 0.4375 0.6705729166666666 0.4359375 0.6803385416666666 0.42421875 0.6907552083333334 0.396875 0.6822916666666666 0.3453125 0.6731770833333334 0.31875 0.6608072916666666 0.30703125 0.6588541666666666 0.29296875 0.6516927083333334 0.2828125 0.6380208333333334 0.28828125 0.6321614583333334 0.29765625
0 0.5026041666666666 0.38671875 0.50390625 0.43203125 0.5123697916666666 0.459375 0.5201822916666666 0.4671875 0.5319010416666666 0.46953125 0.5735677083333334 0.46015625 0.587890625 0.45234375 0.595703125 0.4390625 0.6002604166666666 0.41796875 0.5924479166666666 0.39921875 0.5813802083333334 0.38359375 0.5514322916666666 0.35703125 0.5338541666666666 0.35390625 0.5201822916666666 0.35859375 0.5078125 0.37265625
0 0.5546875 0.79765625 0.5579427083333334 0.85625 0.568359375 0.8734375 0.5735677083333334 0.87734375 0.5813802083333334 0.8765625 0.5924479166666666 0.86640625 0.609375 0.8359375 0.611328125 0.8171875 0.6087239583333334 0.778125 0.5963541666666666 0.75703125 0.5846354166666666 0.75 0.5625 0.7765625
0 0.4654947916666667 0.71953125 0.4733072916666667 0.76875 0.4830729166666667 0.775 0.4947916666666667 0.77578125 0.5045572916666666 0.76953125 0.5227864583333334 0.74765625 0.529296875 0.7109375 0.5240885416666666 0.6984375 0.51171875 0.69453125 0.4954427083333333 0.69921875
0 0.3932291666666667 0.7578125 0.3932291666666667 0.7796875 0.4010416666666667 0.8 0.4147135416666667 0.81640625 0.4251302083333333 0.825 0.4427083333333333 0.83046875 0.4518229166666667 0.83046875 0.4609375 0.825 0.4654947916666667 0.80234375 0.453125 0.76953125 0.4401041666666667 0.746875 0.4290364583333333 0.73984375 0.4140625 0.73828125 0.3997395833333333 0.746875
0 0.46484375 0.59765625 0.4661458333333333 0.60859375 0.474609375 0.61640625 0.4798177083333333 0.6296875 0.4915364583333333 0.640625 0.4986979166666667 0.64296875 0.5026041666666666 0.640625 0.5286458333333334 0.6015625 0.53125 0.590625 0.5182291666666666 0.56953125 0.5123697916666666 0.56328125 0.505859375 0.56171875 0.4798177083333333 0.56875 0.47265625 0.57734375
0 0.412109375 0.5140625 0.4108072916666667 0.51875 0.4147135416666667 0.52734375 0.431640625 0.55 0.4440104166666667 0.5546875 0.4576822916666667 0.54609375 0.4596354166666667 0.54140625 0.458984375 0.52421875 0.4479166666666667 0.50078125 0.4231770833333333 0.50078125
0 0.4283854166666667 0.40625 0.427734375 0.42734375 0.43359375 0.43359375 0.4459635416666667 0.43359375 0.482421875 0.42578125 0.4876302083333333 0.4234375 0.490234375 0.41796875 0.490234375 0.4109375 0.4798177083333333 0.38984375 0.474609375 0.384375 0.4622395833333333 0.37890625 0.4485677083333333 0.37890625 0.44140625 0.3828125 0.43359375 0.39140625
0 0.4251302083333333 0.22109375 0.4134114583333333 0.25078125 0.4147135416666667 0.26484375 0.4290364583333333 0.2828125 0.4407552083333333 0.2875 0.4466145833333333 0.2828125 0.46484375 0.253125 0.4720052083333333 0.23046875 0.4713541666666667 0.21953125 0.4615885416666667 0.20625 0.4459635416666667 0.2015625 0.4322916666666667 0.2078125
0 0.3606770833333333 0.30625 0.3587239583333333 0.31796875 0.361328125 0.32734375 0.380859375 0.35546875 0.3932291666666667 0.35859375 0.408203125 0.3484375 0.4140625 0.33515625 0.4134114583333333 0.31484375 0.39453125 0.28359375 0.38671875 0.28203125 0.3723958333333333 0.28984375
0 0.2708333333333333 0.3515625 0.26953125 0.36953125 0.2747395833333333 0.38359375 0.2962239583333333 0.403125 0.3014322916666667 0.40390625 0.33203125 0.3796875 0.3385416666666667 0.36171875 0.33984375 0.34765625 0.3365885416666667 0.33671875 0.3209635416666667 0.31875 0.3151041666666667 0.3140625 0.3092447916666667 0.3140625 0.30078125 0.31953125 0.2936197916666667 0.3296875 0.2766927083333333 0.34140625
0 0.2786458333333333 0.48828125 0.2805989583333333 0.5140625 0.2890625 0.53046875 0.296875 0.53203125 0.31640625 0.51328125 0.3177083333333333 0.5046875 0.314453125 0.4890625 0.3053385416666667 0.47109375 0.2975260416666667 0.46953125 0.283203125 0.4765625
0 0.3717447916666667 0.49296875 0.3717447916666667 0.5265625 0.3815104166666667 0.5328125 0.3899739583333333 0.5328125 0.4088541666666667 0.51484375 0.4134114583333333 0.50390625 0.427734375 0.4859375 0.4283854166666667 0.47578125 0.4192708333333333 0.453125 0.4049479166666667 0.44453125 0.396484375 0.44375 0.38671875 0.459375
0 0.216796875 0.68125 0.216796875 0.690625 0.22721354166666666 0.70859375 0.248046875 0.72109375 0.2584635416666667 0.72265625 0.279296875 0.7328125 0.291015625 0.73359375 0.3138020833333333 0.71015625 0.3229166666666667 0.68671875 0.3235677083333333 0.67890625 0.3177083333333333 0.66875 0.2916666666666667 0.6515625 0.26953125 0.66015625 0.2421875 0.65078125
0 0.12434895833333333 0.7 0.12434895833333333 0.73359375 0.13020833333333334 0.73828125 0.14322916666666666 0.73828125 0.15169270833333334 0.7140625 0.15494791666666666 0.68515625 0.15104166666666666 0.68046875 0.13346354166666666 0.68359375 0.12890625 0.6875
0 0.10026041666666667 0.75625 0.099609375 0.76953125 0.10286458333333333 0.7828125 0.11979166666666667 0.7953125 0.13671875 0.79765625 0.1484375 0.77890625 0.14518229166666666 0.75078125 0.140625 0.7421875 0.123046875 0.7390625 0.10481770833333333 0.74921875
0 0.20182291666666666 0.8703125 0.20052083333333334 0.88359375 0.20833333333333334 0.91171875 0.21419270833333334 0.92109375 0.22395833333333334 0.9265625 0.23763020833333334 0.9265625 0.24934895833333334 0.91953125 0.259765625 0.91171875 0.2688802083333333 0.89765625 0.2701822916666667 0.86953125 0.2682291666666667 0.8625 0.2610677083333333 0.8515625 0.2513020833333333 0.84609375 0.21940104166666666 0.846875 0.20768229166666666 0.85625
0 0.7845052083333334 0.328125 0.7845052083333334 0.3390625 0.7903645833333334 0.34921875 0.802734375 0.35703125 0.8111979166666666 0.35625 0.814453125 0.353125 0.826171875 0.32265625 0.828125 0.30703125 0.8229166666666666 0.30234375 0.798828125 0.30625 0.7916666666666666 0.31171875