0 0.26171875 0.08515625 0.2591145833333333 0.08828125 0.26171875 0.1 0.2779947916666667 0.13203125 0.28515625 0.13984375 0.3014322916666667 0.140625 0.3138020833333333 0.134375 0.3196614583333333 0.12734375 0.3216145833333333 0.11484375 0.318359375 0.10078125 0.310546875 0.08359375 0.296875 0.065625 0.287109375 0.065625
0 0.240234375 0.16796875 0.24088541666666666 0.19609375 0.24609375 0.209375 0.2552083333333333 0.221875 0.263671875 0.22578125 0.2799479166666667 0.22578125 0.2890625 0.22109375 0.2962239583333333 0.2125 0.298828125 0.1859375 0.29296875 0.15859375 0.28515625 0.14375 0.2760416666666667 0.13359375 0.2662760416666667 0.1328125 0.251953125 0.1421875 0.24674479166666666 0.14765625
0 0.24153645833333334 0.278125 0.24153645833333334 0.2921875 0.24479166666666666 0.303125 0.2584635416666667 0.3234375 0.265625 0.3234375 0.2825520833333333 0.29921875 0.28125 0.2859375 0.27734375 0.278125 0.26953125 0.26484375 0.263671875 0.26171875 0.24479166666666666 0.26953125
0 0.193359375 0.2796875 0.19270833333333334 0.2921875 0.208984375 0.3078125 0.22591145833333334 0.30703125 0.23697916666666666 0.3015625 0.240234375 0.296875 0.240234375 0.2765625 0.23307291666666666 0.26640625 0.21940104166666666 0.26484375 0.20768229166666666 0.2671875 0.197265625 0.27265625
0 0.3059895833333333 0.26875 0.3053385416666667 0.28515625 0.3092447916666667 0.29921875 0.3365885416666667 0.3328125 0.3483072916666667 0.3375 0.359375 0.32890625 0.3626302083333333 0.3171875 0.3606770833333333 0.29609375 0.341796875 0.2546875 0.333984375 0.24453125 0.3287760416666667 0.24375 0.3125 0.25390625
0 0.4420572916666667 0.1890625 0.4407552083333333 0.20625 0.4440104166666667 0.22265625 0.44921875 0.23359375 0.4635416666666667 0.24609375 0.4720052083333333 0.24921875 0.4856770833333333 0.24765625 0.5013020833333334 0.25234375 0.5123697916666666 0.2515625 0.5227864583333334 0.246875 0.5299479166666666 0.234375 0.533203125 0.17421875 0.5266927083333334 0.146875 0.5201822916666666 0.1390625 0.5104166666666666 0.13359375 0.4973958333333333 0.134375 0.4765625 0.14453125 0.4505208333333333 0.16796875
0 0.5846354166666666 0.17109375 0.5813802083333334 0.175 0.5846354166666666 0.21328125 0.6009114583333334 0.26953125 0.6087239583333334 0.27890625 0.6178385416666666 0.2796875 0.6328125 0.26953125 0.6471354166666666 0.25703125 0.66796875 0.2296875 0.6705729166666666 0.2234375 0.6686197916666666 0.2109375 0.6549479166666666 0.19140625 0.623046875 0.15546875 0.615234375 0.1515625 0.6087239583333334 0.15234375 0.595703125 0.165625
0 0.5670572916666666 0.05078125 0.5651041666666666 0.08984375 0.568359375 0.15 0.5703125 0.15859375 0.5748697916666666 0.1640625 0.5859375 0.16640625 0.59765625 0.15859375 0.6100260416666666 0.1375 0.626953125 0.06796875 0.6282552083333334 0.028125 0.6243489583333334 0.0171875 0.6158854166666666 0.0109375 0.5865885416666666 0.01015625 0.572265625 0.02890625
0 0.6848958333333334 0.21640625 0.68359375 0.23203125 0.6901041666666666 0.24140625 0.7037760416666666 0.24140625 0.716796875 0.23046875 0.7337239583333334 0.20390625 0.7376302083333334 0.190625 0.7376302083333334 0.17734375 0.7278645833333334 0.15859375 0.716796875 0.159375 0.708984375 0.16796875
0 0.7610677083333334 0.11875 0.76171875 0.140625 0.775390625 0.15390625 0.7825520833333334 0.15546875 0.7962239583333334 0.13203125 0.8053385416666666 0.10703125 0.8046875 0.0984375 0.8001302083333334 0.09375 0.7760416666666666 0.0984375 0.7701822916666666 0.10234375
0 0.822265625 0.12421875 0.8209635416666666 0.13359375 0.8235677083333334 0.13984375 0.8365885416666666 0.1546875 0.8723958333333334 0.1734375 0.8971354166666666 0.18046875 0.9075520833333334 0.18046875 0.9420572916666666 0.153125 0.9459635416666666 0.12265625 0.9427083333333334 0.1109375 0.9361979166666666 0.10546875 0.900390625 0.09296875 0.8587239583333334 0.08359375 0.8522135416666666 0.08671875 0.8391927083333334 0.10078125 0.826171875 0.115625
0 0.8567708333333334 0.334375 0.8561197916666666 0.34140625 0.86328125 0.3578125 0.8756510416666666 0.3625 0.8815104166666666 0.3734375 0.8899739583333334 0.38046875 0.9088541666666666 0.38125 0.9205729166666666 0.37109375 0.9290364583333334 0.35390625 0.9309895833333334 0.3078125 0.9108072916666666 0.265625 0.8841145833333334 0.28515625 0.8658854166666666 0.30859375
0 0.8098958333333334 0.465625 0.8098958333333334 0.475 0.8170572916666666 0.4828125 0.8235677083333334 0.496875 0.8515625 0.51640625 0.8658854166666666 0.51875 0.8802083333333334 0.51484375 0.89453125 0.49765625 0.88671875 0.45390625 0.8795572916666666 0.4453125 0.8717447916666666 0.44140625 0.8450520833333334 0.434375 0.82421875 0.43984375 0.8177083333333334 0.4453125
0 0.7825520833333334 0.37578125 0.7819010416666666 0.38359375 0.787109375 0.4078125 0.8040364583333334 0.41875 0.8151041666666666 0.41875 0.82421875 0.38359375 0.822265625 0.365625 0.8138020833333334 0.3578125 0.79296875 0.35859375 0.7884114583333334 0.3609375
0 0.673828125 0.3546875 0.673828125 0.37578125 0.677734375 0.390625 0.7044270833333334 0.41171875 0.7141927083333334 0.41171875 0.71875 0.40859375 0.7337239583333334 0.38203125 0.7337239583333334 0.3734375 0.720703125 0.33984375 0.7135416666666666 0.3265625 0.703125 0.315625 0.69921875 0.31484375 0.6888020833333334 0.325 0.6809895833333334 0.3359375
0 0.703125 0.3 0.703125 0.31328125 0.71484375 0.32734375 0.7259114583333334 0.35 0.73046875 0.3515625 0.7337239583333334 0.34921875 0.7415364583333334 0.3390625 0.740234375 0.3140625 0.7317708333333334 0.28046875 0.7252604166666666 0.26875 0.7174479166666666 0.26796875 0.7115885416666666 0.27109375
0 0.7721354166666666 0.52578125 0.771484375 0.53828125 0.7819010416666666 0.56171875 0.8033854166666666 0.571875 0.8248697916666666 0.57578125 0.8248697916666666 0.55 0.8072916666666666 0.51796875 0.7981770833333334 0.51328125 0.7858072916666666 0.5125
0 0.7122395833333334 0.48828125 0.712890625 0.50234375 0.7200520833333334 0.5125 0.7265625 0.51640625 0.7506510416666666 0.5109375 0.755859375 0.5046875 0.7552083333333334 0.4953125 0.7486979166666666 0.4796875 0.7408854166666666 0.46875 0.7356770833333334 0.46640625 0.7265625 0.4671875
0 0.625 0.50390625 0.6236979166666666 0.5265625 0.6412760416666666 0.54296875 0.65234375 0.54765625 0.6764322916666666 0.54140625 0.6822916666666666 0.534375 0.6881510416666666 0.51484375 0.6861979166666666 0.50234375 0.6692708333333334 0.48203125 0.6627604166666666 0.4765625 0.6471354166666666 0.47109375 0.642578125 0.47109375 0.6354166666666666 0.4796875
0 0.24674479166666666 0.43359375 0.25 0.46484375 0.2421875 0.49296875 0.255859375 0.52890625 0.26171875 0.5375 0.26953125 0.53828125 0.2825520833333333 0.5328125 0.30859375 0.5078125 0.3111979166666667 0.5015625 0.310546875 0.4859375 0.3040364583333333 0.465625 0.302734375 0.45234375 0.2955729166666667 0.43671875 0.2936197916666667 0.4203125 0.2858072916666667 0.40703125 0.2819010416666667 0.4046875 0.2727864583333333 0.4078125
0 0.3522135416666667 0.465625 0.3522135416666667 0.47578125 0.36328125 0.4890625 0.3743489583333333 0.4921875 0.3828125 0.48828125 0.4010416666666667 0.4703125 0.4140625 0.4640625 0.421875 0.45546875 0.423828125 0.44921875 0.421875 0.42265625 0.419921875 0.4203125 0.3984375 0.421875 0.38671875 0.41328125 0.3795572916666667 0.4140625 0.37109375 0.425
0 0.4329427083333333 0.6109375 0.431640625 0.63984375 0.435546875 0.646875 0.4446614583333333 0.65078125 0.46875 0.653125 0.4850260416666667 0.65078125 0.4915364583333333 0.64609375 0.5078125 0.615625 0.5188802083333334 0.58515625 0.5188802083333334 0.57109375 0.5071614583333334 0.5609375 0.5 0.55 0.4850260416666667 0.55 0.4772135416666667 0.55703125 0.474609375 0.56328125 0.4658203125 0.56875 0.44921875 0.56953125
0 0.24934895833333334 0.5828125 0.248046875 0.5984375 0.2513020833333333 0.609375 0.2962239583333333 0.6390625 0.3001302083333333 0.63984375 0.3040364583333333 0.6359375 0.3177083333333333 0.6 0.31640625 0.58125 0.3131510416666667 0.57421875 0.2903645833333333 0.5625 0.2630208333333333 0.55625 0.25390625 0.565625
0 0.13606770833333334 0.5078125 0.13671875 0.5296875 0.14583333333333334 0.5453125 0.14908854166666666 0.55703125 0.15625 0.56484375 0.16796875 0.56953125 0.181640625 0.56796875 0.19401041666666666 0.5609375 0.203125 0.54921875 0.20703125 0.53046875 0.20572916666666666 0.51875 0.19986979166666666 0.50859375 0.18619791666666666 0.4953125 0.181640625 0.49296875 0.16080729166666666 0.49453125 0.14192708333333334 0.50078125
0 0.154296875 0.65 0.154296875 0.67578125 0.15104166666666666 0.69375 0.154296875 0.69765625 0.16341145833333334 0.7 0.18880208333333334 0.69375 0.19270833333333334 0.6859375 0.19401041666666666 0.67421875 0.19075520833333334 0.65390625 0.18033854166666666 0.64296875 0.162109375 0.63984375 0.15625 0.64140625
0 0.20182291666666666 0.77265625 0.20182291666666666 0.7890625 0.22005208333333334 0.80546875 0.2265625 0.80625 0.244140625 0.80078125 0.2688802083333333 0.759375 0.271484375 0.740625 0.2662760416666667 0.7328125 0.2513020833333333 0.72421875 0.23763020833333334 0.725 0.21484375 0.74453125
0 0.353515625 0.80234375 0.3522135416666667 0.85703125 0.3567708333333333 0.86640625 0.3619791666666667 0.86953125 0.38671875 0.8703125 0.4029947916666667 0.8578125 0.40625 0.8515625 0.4088541666666667 0.81953125 0.404296875 0.7984375 0.3997395833333333 0.79140625 0.3723958333333333 0.78515625 0.359375 0.79375
0 0.4622395833333333 0.7546875 0.4596354166666667 0.76171875 0.4596354166666667 0.77421875 0.4635416666666667 0.8078125 0.474609375 0.82109375 0.4876302083333333 0.828125 0.5084635416666666 0.8296875 0.525390625 0.8171875 0.5279947916666666 0.8109375 0.5279947916666666 0.78984375 0.525390625 0.78046875 0.5084635416666666 0.75703125 0.4772135416666667 0.740625 0.47265625 0.740625
0 0.59765625 0.7171875 0.5970052083333334 0.73046875 0.6015625 0.73828125 0.6171875 0.74921875 0.63671875 0.75703125 0.6490885416666666 0.7546875 0.6595052083333334 0.74140625 0.6490885416666666 0.71953125 0.6302083333333334 0.70078125 0.6119791666666666 0.70546875
0 0.6608072916666666 0.64375 0.66015625 0.65546875 0.6783854166666666 0.67265625 0.712890625 0.67734375 0.72265625 0.67578125 0.7376302083333334 0.665625 0.7434895833333334 0.6546875 0.7389322916666666 0.628125 0.740234375 0.6109375 0.7376302083333334 0.60546875 0.7298177083333334 0.60078125 0.7154947916666666 0.59765625 0.69921875 0.59921875 0.6770833333333334 0.61640625 0.6640625 0.634375
0 0.7180989583333334 0.70234375 0.7161458333333334 0.709375 0.7200520833333334 0.7234375 0.716796875 0.73515625 0.7194010416666666 0.75078125 0.734375 0.75859375 0.748046875 0.75859375 0.751953125 0.74375 0.7591145833333334 0.73828125 0.7584635416666666 0.72734375 0.7513020833333334 0.70703125 0.7454427083333334 0.6984375 0.7311197916666666 0.69296875 0.7265625 0.69375
0 0.7884114583333334 0.77109375 0.7884114583333334 0.7859375 0.794921875 0.81171875 0.8177083333333334 0.83828125 0.8391927083333334 0.8453125 0.8470052083333334 0.853125 0.8561197916666666 0.85390625 0.8665364583333334 0.8484375 0.8854166666666666 0.83125 0.8854166666666666 0.81796875 0.873046875 0.796875 0.84375 0.778125 0.82421875 0.75859375 0.8177083333333334 0.75625 0.8053385416666666 0.7578125
0 0.5989583333333334 0.8375 0.6022135416666666 0.8625 0.5983072916666666 0.8734375 0.6087239583333334 0.8890625 0.63671875 0.89296875 0.6510416666666666 0.88984375 0.6647135416666666 0.878125 0.6653645833333334 0.8671875 0.6608072916666666 0.853125 0.6477864583333334 0.83359375 0.6158854166666666 0.8203125 0.6022135416666666 0.8265625
0 0.22981770833333334 0.91953125 0.22981770833333334 0.94921875 0.25 0.953125 0.2688802083333333 0.95078125 0.29296875 0.94140625 0.2975260416666667 0.92890625 0.2981770833333333 0.91484375 0.294921875 0.90703125 0.27734375 0.88671875 0.2721354166666667 0.884375 0.2532552083333333 0.88671875 0.24348958333333334 0.89140625 0.234375 0.90234375
0 0.072265625 0.54765625 0.07161458333333333 0.55625 0.076171875 0.56875 0.09505208333333333 0.58515625 0.10807291666666667 0.5875 0.12239583333333333 0.56953125 0.12239583333333333 0.55859375 0.11653645833333333 0.53671875 0.11197916666666667 0.53125 0.09309895833333333 0.52890625 0.083984375 0.53203125
0 0.09700520833333333 0.496875 0.09635416666666667 0.5171875 0.09830729166666667 0.52265625 0.11588541666666667 0.52734375 0.119140625 0.52578125 0.12369791666666667 0.51875 0.12955729166666666 0.49375 0.130859375 0.48046875 0.12825520833333334 0.47265625 0.125 0.46953125 0.11848958333333333 0.46953125 0.103515625 0.47421875 0.10026041666666667 0.478125
0 0.42578125 0.26796875 0.427734375 0.290625 0.4388020833333333 0.30625 0.4479166666666667 0.309375 0.466796875 0.284375 0.46875 0.25859375 0.4635416666666667 0.25234375 0.4485677083333333 0.24921875 0.4290364583333333 0.25859375
0 0.162109375 0.06015625 0.16080729166666666 0.08203125 0.16276041666666666 0.090625 0.17122395833333334 0.0984375 0.18684895833333334 0.09609375 0.19205729166666666 0.0796875 0.189453125 0.0546875 0.18684895833333334 0.05234375 0.16471354166666666 0.053125
0 0.134765625 0.21875 0.13802083333333334 0.2484375 0.14453125 0.25859375 0.15169270833333334 0.259375 0.158203125 0.2453125 0.15950520833333334 0.21640625 0.14973958333333334 0.20390625 0.14388020833333334 0.20234375 0.13671875 0.209375
0 0.07421875 0.2578125 0.072265625 0.26953125 0.08203125 0.27734375 0.09309895833333333 0.2796875 0.11002604166666667 0.26171875 0.111328125 0.25546875 0.10872395833333333 0.25078125 0.087890625 0.24296875