1 0.134765625 0.03125 0.134765625 0.07265625 0.15625 0.11796875 0.19661458333333334 0.15 0.220703125 0.1546875 0.22395833333333334 0.14609375 0.21744791666666666 0.09453125 0.197265625 0.0328125 0.19270833333333334 0.02890625 0.171875 0.02734375 0.14908854166666666 0.0140625 0.140625 0.015625 0.13671875 0.02109375
1 0.19205729166666666 0.27265625 0.19270833333333334 0.28515625 0.19921875 0.30234375 0.21158854166666666 0.31875 0.23372395833333334 0.3578125 0.248046875 0.3703125 0.2643229166666667 0.371875 0.2955729166666667 0.36015625 0.3046875 0.35234375 0.3177083333333333 0.32734375 0.3157552083333333 0.31015625 0.3033854166666667 0.27109375 0.3014322916666667 0.2546875 0.2819010416666667 0.2234375 0.22395833333333334 0.221875 0.216796875 0.22421875 0.2109375 0.23046875 0.205078125 0.24453125 0.20052083333333334 0.26796875
1 0.115234375 0.2921875 0.115234375 0.3 0.12239583333333333 0.31171875 0.150390625 0.33125 0.16015625 0.33203125 0.17057291666666666 0.32265625 0.19270833333333334 0.29296875 0.19010416666666666 0.275 0.19466145833333334 0.2609375 0.19466145833333334 0.24765625 0.18684895833333334 0.2359375 0.16861979166666666 0.2265625 0.162109375 0.228125 0.13541666666666666 0.25859375
1 0.19921875 0.521875 0.19856770833333334 0.5328125 0.20247395833333334 0.54609375 0.216796875 0.54921875 0.228515625 0.5609375 0.26171875 0.54453125 0.2734375 0.5328125 0.2760416666666667 0.52265625 0.2630208333333333 0.48359375 0.248046875 0.48515625 0.23958333333333334 0.4796875 0.22916666666666666 0.4859375 0.216796875 0.50859375 0.203125 0.51640625
1 0.23828125 0.69609375 0.23763020833333334 0.74453125 0.24674479166666666 0.7515625 0.2682291666666667 0.74765625 0.2916666666666667 0.734375 0.3313802083333333 0.6921875 0.3313802083333333 0.66484375 0.318359375 0.64296875 0.310546875 0.640625 0.283203125 0.653125 0.248046875 0.675 0.24283854166666666 0.68203125
1 0.12630208333333334 0.8109375 0.12630208333333334 0.8265625 0.13541666666666666 0.86171875 0.13671875 0.9109375 0.14322916666666666 0.91875 0.24153645833333334 0.915625 0.2552083333333333 0.90234375 0.2688802083333333 0.88203125 0.2786458333333333 0.85234375 0.279296875 0.83984375 0.2623697916666667 0.8078125 0.248046875 0.79296875 0.23307291666666666 0.78828125 0.21223958333333334 0.78359375 0.173828125 0.784375 0.142578125 0.79609375 0.12955729166666666 0.80546875
1 0.3111979166666667 0.89921875 0.3098958333333333 0.91640625 0.3125 0.93203125 0.3216145833333333 0.93984375 0.3365885416666667 0.94609375 0.345703125 0.9453125 0.3600260416666667 0.9359375 0.3802083333333333 0.9296875 0.4036458333333333 0.9109375 0.4140625 0.90625 0.4192708333333333 0.8984375 0.4212239583333333 0.88828125 0.419921875 0.8390625 0.416015625 0.81953125 0.408203125 0.8078125 0.4036458333333333 0.79296875 0.3971354166666667 0.78828125 0.3854166666666667 0.7875 0.3639322916666667 0.7953125 0.3600260416666667 0.8 0.3359375 0.86328125
1 0.41796875 0.29140625 0.4173177083333333 0.3015625 0.4212239583333333 0.3125 0.4388020833333333 0.32890625 0.4811197916666667 0.35390625 0.4986979166666667 0.3578125 0.5234375 0.32578125 0.52734375 0.31328125 0.5364583333333334 0.2984375 0.5423177083333334 0.27578125 0.5266927083333334 0.2609375 0.49609375 0.25625 0.4622395833333333 0.2390625 0.44921875 0.2359375 0.4342447916666667 0.2421875 0.4290364583333333 0.26875
1 0.4075520833333333 0.146875 0.4069010416666667 0.15859375 0.4108072916666667 0.16640625 0.4251302083333333 0.18359375 0.4322916666666667 0.18671875 0.447265625 0.17265625 0.4654947916666667 0.14765625 0.4700520833333333 0.1375 0.4700520833333333 0.12734375 0.4635416666666667 0.1171875 0.4401041666666667 0.1125
1 0.5006510416666666 0.1671875 0.5006510416666666 0.1796875 0.5065104166666666 0.18984375 0.517578125 0.196875 0.5266927083333334 0.19765625 0.5403645833333334 0.21015625 0.5944010416666666 0.21953125 0.6263020833333334 0.21796875 0.6842447916666666 0.1859375 0.7395833333333334 0.125 0.74609375 0.10625 0.728515625 0.096875 0.7174479166666666 0.0828125 0.7115885416666666 0.0671875 0.7063802083333334 0.06171875 0.6419270833333334 0.059375 0.6243489583333334 0.0640625 0.6171875 0.07109375 0.5989583333333334 0.0796875 0.5787760416666666 0.084375 0.5520833333333334 0.08203125 0.541015625 0.08671875 0.513671875 0.13359375
1 0.4505208333333333 0.46953125 0.4563802083333333 0.51484375 0.4869791666666667 0.5515625 0.5104166666666666 0.5609375 0.5358072916666666 0.565625 0.5657552083333334 0.5859375 0.5748697916666666 0.5859375 0.5859375 0.58125 0.6126302083333334 0.56015625 0.609375 0.53125 0.5859375 0.4828125 0.576171875 0.4734375 0.5442708333333334 0.4546875 0.521484375 0.446875 0.5130208333333334 0.44765625 0.4837239583333333 0.453125
1 0.626953125 0.41171875 0.62890625 0.425 0.650390625 0.45703125 0.7194010416666666 0.478125 0.751953125 0.47265625 0.7610677083333334 0.46015625 0.7884114583333334 0.44609375 0.7936197916666666 0.425 0.7897135416666666 0.40078125 0.7760416666666666 0.38359375 0.748046875 0.3703125 0.734375 0.36953125 0.6966145833333334 0.35390625 0.6471354166666666 0.38203125 0.634765625 0.39609375
1 0.6451822916666666 0.525 0.6458333333333334 0.54296875 0.66015625 0.55234375 0.6998697916666666 0.55546875 0.70703125 0.55234375 0.712890625 0.54296875 0.712890625 0.53671875 0.701171875 0.50390625 0.6927083333333334 0.4984375 0.6575520833333334 0.50390625 0.6497395833333334 0.51171875
1 0.787109375 0.53984375 0.787109375 0.5578125 0.8033854166666666 0.5984375 0.83203125 0.64453125 0.8515625 0.6640625 0.8684895833333334 0.66875 0.8873697916666666 0.6625 0.91796875 0.61640625 0.9205729166666666 0.6015625 0.919921875 0.58125 0.9147135416666666 0.5546875 0.8795572916666666 0.50234375 0.8723958333333334 0.49765625 0.861328125 0.49375 0.8444010416666666 0.49609375 0.7897135416666666 0.534375
1 0.6666666666666666 0.79921875 0.6653645833333334 0.8265625 0.658203125 0.86328125 0.66015625 0.88125 0.7154947916666666 0.921875 0.7408854166666666 0.9375 0.7447916666666666 0.9359375 0.7584635416666666 0.90703125 0.763671875 0.8796875 0.7734375 0.85078125 0.7734375 0.8234375 0.7688802083333334 0.80703125 0.748046875 0.77734375 0.7350260416666666 0.7671875 0.7194010416666666 0.7609375 0.703125 0.75859375 0.6920572916666666 0.7609375 0.6770833333333334 0.77734375 0.669921875 0.78671875
1 0.7434895833333334 0.24375 0.740234375 0.26328125 0.7421875 0.27890625 0.748046875 0.284375 0.7623697916666666 0.2796875 0.7747395833333334 0.26875 0.7805989583333334 0.25546875 0.7825520833333334 0.240625 0.7799479166666666 0.21953125 0.7734375 0.21796875 0.7565104166666666 0.2265625 0.74609375 0.2359375