0 0.140625 0.1359375 0.13997395833333334 0.14609375 0.146484375 0.153125 0.16861979166666666 0.1671875 0.18684895833333334 0.16796875 0.20247395833333334 0.16484375 0.20572916666666666 0.1609375 0.20963541666666666 0.12734375 0.20638020833333334 0.11015625 0.19401041666666666 0.08828125 0.17903645833333334 0.08671875 0.166015625 0.09375 0.154296875 0.10546875
0 0.10611979166666667 0.1734375 0.107421875 0.1890625 0.12239583333333333 0.2109375 0.14322916666666666 0.22109375 0.154296875 0.2203125 0.166015625 0.2125 0.17122395833333334 0.1875 0.169921875 0.17578125 0.158203125 0.16171875 0.13736979166666666 0.14609375 0.11848958333333333 0.15234375
0 0.17643229166666666 0.2625 0.17708333333333334 0.28203125 0.18880208333333334 0.30234375 0.205078125 0.31640625 0.21484375 0.315625 0.22721354166666666 0.309375 0.2421875 0.2921875 0.24739583333333334 0.27890625 0.248046875 0.2578125 0.24479166666666666 0.24921875 0.22981770833333334 0.2359375 0.220703125 0.23203125 0.20572916666666666 0.23125 0.185546875 0.23671875 0.18098958333333334 0.24453125
0 0.2877604166666667 0.13359375 0.2897135416666667 0.18359375 0.2923177083333333 0.19453125 0.3033854166666667 0.2171875 0.3138020833333333 0.23125 0.3190104166666667 0.23359375 0.330078125 0.225 0.3411458333333333 0.22109375 0.3541666666666667 0.20625 0.3606770833333333 0.19296875 0.3626302083333333 0.1703125 0.3600260416666667 0.16328125 0.3385416666666667 0.1328125 0.3248697916666667 0.121875 0.3125 0.11953125 0.2942708333333333 0.121875
0 0.2532552083333333 0.346875 0.2545572916666667 0.37109375 0.2591145833333333 0.378125 0.2669270833333333 0.38125 0.2962239583333333 0.384375 0.314453125 0.38125 0.322265625 0.3734375 0.326171875 0.3578125 0.3235677083333333 0.34140625 0.3131510416666667 0.33359375 0.2688802083333333 0.3328125 0.2584635416666667 0.33828125
0 0.4055989583333333 0.275 0.4069010416666667 0.29296875 0.419921875 0.33828125 0.4322916666666667 0.35546875 0.4381510416666667 0.359375 0.4420572916666667 0.35859375 0.4537760416666667 0.34453125 0.4635416666666667 0.325 0.4674479166666667 0.29921875 0.47265625 0.29296875 0.4772135416666667 0.27265625 0.4759114583333333 0.26640625 0.4622395833333333 0.253125 0.4440104166666667 0.24765625 0.4283854166666667 0.246875 0.4147135416666667 0.2515625
0 0.5013020833333334 0.165625 0.4993489583333333 0.17890625 0.501953125 0.1859375 0.5384114583333334 0.2 0.5598958333333334 0.1890625 0.564453125 0.18046875 0.564453125 0.17109375 0.5520833333333334 0.14921875 0.54296875 0.13984375 0.5286458333333334 0.134375 0.515625 0.1375
0 0.6171875 0.203125 0.6165364583333334 0.22421875 0.619140625 0.23984375 0.623046875 0.24375 0.6354166666666666 0.2453125 0.6614583333333334 0.24140625 0.6673177083333334 0.23828125 0.673828125 0.22890625 0.673828125 0.1921875 0.6666666666666666 0.18515625 0.65234375 0.18359375 0.64453125 0.17890625 0.640625 0.17109375 0.6334635416666666 0.16640625 0.626953125 0.165625 0.6223958333333334 0.16875
0 0.7330729166666666 0.15625 0.7350260416666666 0.16875 0.7454427083333334 0.1796875 0.7552083333333334 0.18359375 0.76953125 0.16875 0.775390625 0.146875 0.767578125 0.13671875 0.7545572916666666 0.13203125 0.7434895833333334 0.1375
0 0.775390625 0.18203125 0.7760416666666666 0.2078125 0.7779947916666666 0.21328125 0.7845052083333334 0.21875 0.8079427083333334 0.221875 0.8177083333333334 0.21484375 0.8248697916666666 0.203125 0.8248697916666666 0.18984375 0.8216145833333334 0.17734375 0.810546875 0.16640625 0.798828125 0.16484375 0.78515625 0.16875
0 0.7884114583333334 0.0765625 0.7884114583333334 0.09296875 0.7916666666666666 0.10234375 0.82421875 0.13984375 0.8352864583333334 0.13671875 0.84765625 0.11953125 0.8502604166666666 0.09921875 0.84375 0.07421875 0.833984375 0.0609375 0.8274739583333334 0.0578125 0.8111979166666666 0.059375 0.802734375 0.06328125
0 0.8092447916666666 0.33125 0.80859375 0.33984375 0.8170572916666666 0.35 0.830078125 0.3578125 0.8450520833333334 0.3515625 0.857421875 0.3390625 0.8606770833333334 0.33125 0.85546875 0.31875 0.8385416666666666 0.30234375 0.8294270833333334 0.30625
0 0.7493489583333334 0.3 0.7493489583333334 0.31328125 0.7604166666666666 0.32578125 0.7688802083333334 0.3296875 0.7864583333333334 0.3296875 0.796875 0.3203125 0.7994791666666666 0.3109375 0.7962239583333334 0.28515625 0.783203125 0.26796875 0.775390625 0.2625 0.7682291666666666 0.26484375 0.76171875 0.27265625
0 0.6966145833333334 0.4125 0.6946614583333334 0.45546875 0.7024739583333334 0.49453125 0.7415364583333334 0.5015625 0.7786458333333334 0.48359375 0.7877604166666666 0.47578125 0.8053385416666666 0.44140625 0.8040364583333334 0.41796875 0.8001302083333334 0.41015625 0.8072916666666666 0.38046875 0.8079427083333334 0.36484375 0.8053385416666666 0.3546875 0.8001302083333334 0.35 0.7825520833333334 0.35078125 0.7259114583333334 0.36796875 0.7044270833333334 0.3890625
0 0.8932291666666666 0.540625 0.8919270833333334 0.54921875 0.896484375 0.57578125 0.908203125 0.58984375 0.921875 0.59921875 0.94140625 0.60078125 0.94921875 0.5984375 0.9635416666666666 0.57890625 0.98046875 0.5671875 0.9830729166666666 0.5625 0.974609375 0.525 0.96875 0.51640625 0.9596354166666666 0.51015625 0.939453125 0.51171875 0.9186197916666666 0.5203125 0.904296875 0.528125
0 0.751953125 0.7140625 0.7506510416666666 0.7234375 0.7454427083333334 0.73359375 0.7454427083333334 0.740625 0.7578125 0.75546875 0.7740885416666666 0.76328125 0.794921875 0.76796875 0.8248697916666666 0.76328125 0.8372395833333334 0.75546875 0.8463541666666666 0.74140625 0.859375 0.69921875 0.8645833333333334 0.6703125 0.8548177083333334 0.6484375 0.84765625 0.64296875 0.80859375 0.6484375 0.7975260416666666 0.65859375 0.7838541666666666 0.66484375 0.771484375 0.7
0 0.6028645833333334 0.73671875 0.603515625 0.76328125 0.62109375 0.78984375 0.6360677083333334 0.79609375 0.66796875 0.78984375 0.6783854166666666 0.73984375 0.6796875 0.71796875 0.6770833333333334 0.71328125 0.650390625 0.703125 0.6197916666666666 0.69921875 0.6119791666666666 0.70625 0.60546875 0.7203125
0 0.5533854166666666 0.521875 0.5494791666666666 0.5609375 0.5579427083333334 0.58828125 0.5670572916666666 0.5953125 0.6041666666666666 0.6046875 0.6145833333333334 0.603125 0.625 0.5921875 0.6412760416666666 0.56015625 0.6412760416666666 0.53203125 0.62109375 0.515625 0.611328125 0.50390625 0.583984375 0.5 0.5651041666666666 0.50078125 0.55859375 0.50546875
0 0.41796875 0.4578125 0.4166666666666667 0.4671875 0.4212239583333333 0.4796875 0.439453125 0.50234375 0.451171875 0.50546875 0.4615885416666667 0.49921875 0.4680989583333333 0.49140625 0.47265625 0.4734375 0.4713541666666667 0.45390625 0.4680989583333333 0.44609375 0.451171875 0.4375 0.4381510416666667 0.43671875 0.4283854166666667 0.44140625
0 0.330078125 0.459375 0.3287760416666667 0.4703125 0.3346354166666667 0.47734375 0.3515625 0.4890625 0.3567708333333333 0.48984375 0.3684895833333333 0.4828125 0.3697916666666667 0.47109375 0.3763020833333333 0.453125 0.3704427083333333 0.4421875 0.3528645833333333 0.44296875 0.3365885416666667 0.44921875
0 0.04296875 0.58671875 0.042317708333333336 0.60859375 0.044270833333333336 0.61640625 0.050130208333333336 0.621875 0.057291666666666664 0.62421875 0.083984375 0.62265625 0.10091145833333333 0.61796875 0.10611979166666667 0.6125 0.10221354166666667 0.578125 0.09375 0.5671875 0.052083333333333336 0.571875 0.046223958333333336 0.57734375
0 0.11458333333333333 0.47265625 0.115234375 0.52421875 0.12890625 0.5515625 0.13932291666666666 0.56171875 0.15755208333333334 0.5703125 0.173828125 0.575 0.18098958333333334 0.575 0.1875 0.57109375 0.19205729166666666 0.5625 0.19661458333333334 0.54140625 0.197265625 0.5078125 0.193359375 0.49609375 0.154296875 0.46953125 0.138671875 0.4625 0.12630208333333334 0.4625
0 0.15755208333333334 0.7234375 0.15625 0.77578125 0.15950520833333334 0.78125 0.17643229166666666 0.78046875 0.19921875 0.77265625 0.21354166666666666 0.76484375 0.22265625 0.75546875 0.21484375 0.72239609375 0.21484375 0.7125 0.2109375 0.7078125 0.18033854166666666 0.709375 0.1640625 0.715625
0 0.22395833333333334 0.7203125 0.22265625 0.73046875 0.23046875 0.75546875 0.24869791666666666 0.76796875 0.2584635416666667 0.76796875 0.2682291666666667 0.7390625 0.26953125 0.7234375 0.2669270833333333 0.7125 0.2630208333333333 0.7078125 0.2421875 0.7 0.23372395833333334 0.7046875
0 0.3671875 0.6078125 0.3665364583333333 0.61328125 0.373046875 0.63125 0.3834635416666667 0.6546875 0.3912760416666667 0.66484375 0.4049479166666667 0.66484375 0.427734375 0.6546875 0.43359375 0.6515625 0.44140625 0.6390625 0.4453125 0.61640625 0.4440104166666667 0.6046875 0.4270833333333333 0.58359375 0.3971354166666667 0.58828125 0.3723958333333333 0.6
0 0.3782552083333333 0.52890625 0.3795572916666667 0.54375 0.3912760416666667 0.5609375 0.40625 0.56796875 0.4153645833333333 0.56875 0.4225260416666667 0.56015625 0.4264322916666667 0.528125 0.421875 0.51953125 0.4108072916666667 0.51015625 0.3958333333333333 0.51171875 0.3828125 0.521875
0 0.4596354166666667 0.7625 0.4602864583333333 0.79921875 0.466796875 0.82421875 0.4739583333333333 0.83828125 0.482421875 0.84140625 0.501953125 0.8390625 0.515625 0.8296875 0.51953125 0.82109375 0.5299479166666666 0.81171875 0.5384114583333334 0.75 0.52734375 0.73046875 0.5123697916666666 0.728125 0.4876302083333333 0.7359375 0.4654947916666667 0.7484375
0 0.6009114583333334 0.9125 0.6002604166666666 0.93359375 0.609375 0.94375 0.6432291666666666 0.9484375 0.6516927083333334 0.9375 0.6529947916666666 0.92421875 0.6490885416666666 0.91171875 0.640625 0.89921875 0.6302083333333334 0.890625 0.6158854166666666 0.8890625 0.6080729166666666 0.89765625
0 0.626953125 0.8234375 0.6256510416666666 0.8453125 0.6328125 0.8671875 0.6419270833333334 0.87734375 0.65234375 0.88203125 0.654296875 0.88671875 0.6666666666666666 0.884375 0.6712239583333334 0.87578125 0.67578125 0.853125 0.6705729166666666 0.8359375 0.654296875 0.81640625 0.6399739583333334 0.80703125 0.630859375 0.81015625
0 0.4036458333333333 0.9 0.4029947916666667 0.91171875 0.4075520833333333 0.92578125 0.4114583333333333 0.93046875 0.421875 0.9296875 0.447265625 0.91640625 0.4557291666666667 0.9 0.4576822916666667 0.8859375 0.4498697916666667 0.86953125 0.4407552083333333 0.86484375 0.4290364583333333 0.8703125 0.4147135416666667 0.88359375
0 0.3626302083333333 0.74296875 0.3600260416666667 0.7546875 0.3717447916666667 0.775 0.3873697916666667 0.77578125 0.40234375 0.76875 0.404296875 0.7578125 0.400390625 0.74375 0.3815104166666667 0.728125 0.3763020833333333 0.72734375
0 0.5188802083333334 0.3328125 0.517578125 0.3625 0.525390625 0.3703125 0.5345052083333334 0.37109375 0.5514322916666666 0.35859375 0.5618489583333334 0.33046875 0.5572916666666666 0.31328125 0.5403645833333334 0.31328125 0.5325520833333334 0.30546875 0.5266927083333334 0.30390625 0.5240885416666666 0.30703125 0.5234375 0.321875
0 0.8053385416666666 0.8234375 0.8046875 0.8421875 0.8098958333333334 0.8546875 0.8177083333333334 0.86171875 0.8307291666666666 0.85859375 0.8346354166666666 0.846875 0.8352864583333334 0.8140625 0.828125 0.8109375 0.8151041666666666 0.81171875 0.810546875 0.8140625
0 0.8587239583333334 0.8796875 0.8587239583333334 0.8953125 0.8658854166666666 0.909375 0.8821614583333334 0.91953125 0.8860677083333334 0.91796875 0.8951822916666666 0.89453125 0.8951822916666666 0.8875 0.8899739583333334 0.8734375 0.8828125 0.8671875 0.8756510416666666 0.8671875 0.8645833333333334 0.87265625
0 0.2942708333333333 0.953125 0.2936197916666667 0.9671875 0.3072916666666667 0.98203125 0.330078125 0.98828125 0.34765625 0.98828125 0.3502604166666667 0.98515625 0.3450520833333333 0.970703125 0.3483072916666667 0.95703125 0.3463541666666667 0.9421875 0.333984375 0.92890625 0.3255208333333333 0.92734375 0.310546875 0.93359375