1 0.11197916666666667 0.1875 0.11197916666666667 0.19921875 0.12174479166666667 0.2296875 0.13606770833333334 0.25078125 0.15625 0.2734375 0.17252604166666666 0.28671875 0.19986979166666666 0.3015625 0.22981770833333334 0.3078125 0.24739583333333334 0.315625 0.251953125 0.315625 0.255859375 0.3109375 0.263671875 0.290625 0.26953125 0.259375 0.267578125 0.23984375 0.2545572916666667 0.22109375 0.19986979166666666 0.1609375 0.18424479166666666 0.153125 0.16927083333333334 0.1515625 0.15755208333333334 0.16328125 0.123046875 0.17734375
1 0.06315104166666667 0.7796875 0.06315104166666667 0.796875 0.07096354166666667 0.8125 0.09244791666666667 0.83359375 0.10677083333333333 0.85234375 0.11458333333333333 0.85078125 0.12434895833333333 0.8375 0.134765625 0.8078125 0.158203125 0.78671875 0.16666666666666666 0.76875 0.173828125 0.734375 0.17252604166666666 0.69453125 0.16015625 0.68046875 0.13997395833333334 0.6671875 0.11848958333333333 0.6609375 0.1015625 0.6640625 0.09049479166666667 0.6859375 0.08723958333333333 0.71484375 0.07747395833333333 0.74296875 0.0703125 0.75546875
1 0.18033854166666666 0.7875 0.17903645833333334 0.8 0.18424479166666666 0.80703125 0.22005208333333334 0.83984375 0.228515625 0.84140625 0.24088541666666666 0.83515625 0.2526041666666667 0.815625 0.26953125 0.79921875 0.2747395833333333 0.775 0.2858072916666667 0.7546875 0.2727864583333333 0.7265625 0.2662760416666667 0.6921875 0.2623697916666667 0.6890625 0.2513020833333333 0.69140625 0.23177083333333334 0.69921875 0.21875 0.70859375 0.19921875 0.73125 0.19140625 0.765625
1 0.162109375 0.35 0.15950520833333334 0.41328125 0.16145833333333334 0.428125 0.16927083333333334 0.43515625 0.18619791666666666 0.43515625 0.20247395833333334 0.440625 0.22135416666666666 0.4359375 0.22786458333333334 0.42421875 0.232421875 0.40625 0.23177083333333334 0.3640625 0.224609375 0.3375 0.22005208333333334 0.3328125 0.212890625 0.3328125 0.205078125 0.33984375 0.19921875 0.33984375 0.18880208333333334 0.3296875 0.16731770833333334 0.34140625
1 0.2819010416666667 0.3890625 0.283203125 0.44765625 0.2864583333333333 0.46328125 0.2903645833333333 0.46796875 0.2981770833333333 0.4703125 0.33203125 0.46328125 0.3385416666666667 0.45 0.3489583333333333 0.39453125 0.3515625 0.33046875 0.3489583333333333 0.32734375 0.341796875 0.3265625 0.3072916666666667 0.34453125 0.2884114583333333 0.36953125
1 0.3899739583333333 0.3265625 0.3893229166666667 0.35078125 0.4075520833333333 0.36953125 0.4212239583333333 0.378125 0.4368489583333333 0.378125 0.4485677083333333 0.36953125 0.458984375 0.33828125 0.453125 0.309375 0.435546875 0.2859375 0.4264322916666667 0.28125 0.4147135416666667 0.28125 0.4095052083333333 0.28671875 0.3971354166666667 0.30703125
1 0.3645833333333333 0.146875 0.3639322916666667 0.15546875 0.369140625 0.17578125 0.3828125 0.19453125 0.4147135416666667 0.203125 0.43359375 0.1953125 0.4557291666666667 0.1921875 0.4602864583333333 0.1859375 0.4635416666666667 0.16875 0.4674479166666667 0.16171875 0.4694010416666667 0.1421875 0.4674479166666667 0.084375 0.4615885416666667 0.0578125 0.4459635416666667 0.0421875 0.4192708333333333 0.05625 0.4127604166666667 0.0640625 0.40625 0.08359375 0.388671875 0.1171875 0.3697916666666667 0.13671875
1 0.46875 0.215625 0.4654947916666667 0.23203125 0.466796875 0.25390625 0.4954427083333333 0.2859375 0.5052083333333334 0.2875 0.5169270833333334 0.27265625 0.5227864583333334 0.259375 0.51953125 0.24375 0.48046875 0.2015625 0.4772135416666667 0.20234375
1 0.44140625 0.46171875 0.4479166666666667 0.48046875 0.484375 0.534375 0.5071614583333334 0.5609375 0.5442708333333334 0.56796875 0.5520833333333334 0.5640625 0.5611979166666666 0.55234375 0.560546875 0.54140625 0.5540364583333334 0.52578125 0.4993489583333333 0.4375 0.484375 0.4375
1 0.7337239583333334 0.31796875 0.7337239583333334 0.34140625 0.7376302083333334 0.3546875 0.7395833333333334 0.37734375 0.755859375 0.41796875 0.779296875 0.428125 0.7994791666666666 0.42109375 0.8046875 0.409375 0.8046875 0.346875 0.7962239583333334 0.30625 0.7897135416666666 0.29453125 0.7688802083333334 0.27265625 0.76171875 0.27265625 0.7532552083333334 0.27890625 0.7447916666666666 0.290625
1 0.63671875 0.11953125 0.6360677083333334 0.12890625 0.642578125 0.14375 0.6536458333333334 0.1609375 0.6705729166666666 0.19765625 0.6783854166666666 0.2046875 0.69921875 0.2 0.73828125 0.17890625 0.7552083333333334 0.16796875 0.759765625 0.159375 0.7578125 0.14375 0.748046875 0.11640625 0.724609375 0.07109375 0.7057291666666666 0.05 0.681640625 0.0484375 0.6744791666666666 0.0515625 0.6529947916666666 0.07890625
1 0.6861979166666666 0.615625 0.6959635416666666 0.66796875 0.7454427083333334 0.70625 0.76171875 0.71171875 0.779296875 0.71328125 0.8079427083333334 0.7375 0.833984375 0.75078125 0.8391927083333334 0.7484375 0.86328125 0.71171875 0.86328125 0.65703125 0.8450520833333334 0.60234375 0.818359375 0.57734375 0.7962239583333334 0.56328125 0.78515625 0.56015625 0.7434895833333334 0.56484375 0.7141927083333334 0.58359375 0.6901041666666666 0.6078125
1 0.2721354166666667 0.69921875 0.2708333333333333 0.70390625 0.2747395833333333 0.71640625 0.29296875 0.72890625 0.30859375 0.7359375 0.3561197916666667 0.7484375 0.3899739583333333 0.7625 0.4010416666666667 0.76328125 0.423828125 0.734375 0.4296875 0.7203125 0.4420572916666667 0.703125 0.443359375 0.696875 0.435546875 0.68515625 0.3600260416666667 0.6359375 0.3326822916666667 0.63203125
1 0.392578125 0.91015625 0.3938802083333333 0.9390625 0.4140625 0.9734375 0.4322916666666667 0.97109375 0.4453125 0.9609375 0.4505208333333333 0.94921875 0.4700520833333333 0.92734375 0.4739583333333333 0.92109375 0.4830729166666667 0.86796875 0.5032552083333334 0.82421875 0.5078125 0.8046875 0.5078125 0.79296875 0.490234375 0.76640625 0.470703125 0.7578125 0.455078125 0.759375 0.4485677083333333 0.76484375 0.404296875 0.86171875 0.3997395833333333 0.89375
1 0.12630208333333334 0.54609375 0.125 0.5546875 0.1328125 0.575 0.12890625 0.6046875 0.138671875 0.62578125 0.14127604166666666 0.64765625 0.14908854166666666 0.65703125 0.17708333333333334 0.65078125 0.19010416666666666 0.63984375 0.19921875 0.63671875 0.24088541666666666 0.59609375 0.248046875 0.57890625 0.24934895833333334 0.56015625 0.24348958333333334 0.53828125 0.24739583333333334 0.51484375 0.232421875 0.49453125 0.220703125 0.4875 0.19270833333333334 0.48203125 0.15755208333333334 0.4953125 0.150390625 0.50234375 0.13932291666666666 0.52734375
1 0.5403645833333334 0.771875 0.5384114583333334 0.78515625 0.5436197916666666 0.8375 0.5572916666666666 0.85390625 0.5670572916666666 0.8609375 0.6048177083333334 0.87421875 0.6471354166666666 0.88203125 0.6569010416666666 0.8875 0.66796875 0.884375 0.6979166666666666 0.846875 0.7135416666666666 0.83671875 0.7278645833333334 0.82265625 0.7317708333333334 0.81484375 0.7311197916666666 0.8015625 0.7200520833333334 0.775 0.7063802083333334 0.75703125 0.6848958333333334 0.7421875 0.6744791666666666 0.73046875 0.6334635416666666 0.7125 0.6126302083333334 0.70859375 0.583984375 0.709375 0.5670572916666666 0.715625 0.560546875 0.72421875 0.5520833333333334 0.7515625