1 0.349609375 0.29765625 0.3483072916666667 0.31015625 0.3509114583333333 0.31796875 0.365234375 0.3375 0.4036458333333333 0.3453125 0.4908854166666667 0.35234375 0.5162760416666666 0.34375 0.5162760416666666 0.3296875 0.5234375 0.3171875 0.5234375 0.30390625 0.51953125 0.28671875 0.5071614583333334 0.2625 0.49609375 0.2546875 0.46484375 0.246875 0.4420572916666667 0.24765625 0.4114583333333333 0.2546875 0.3697916666666667 0.27578125 0.359375 0.284375
1 0.583984375 0.23359375 0.5807291666666666 0.25859375 0.5904947916666666 0.27265625 0.64453125 0.30859375 0.65234375 0.3234375 0.658203125 0.32890625 0.6731770833333334 0.33203125 0.6796875 0.32734375 0.685546875 0.31171875 0.6868489583333334 0.2828125 0.6790364583333334 0.2203125 0.6712239583333334 0.1921875 0.6373697916666666 0.175 0.6015625 0.1671875 0.5970052083333334 0.175
1 0.640625 0.43125 0.640625 0.4390625 0.6490885416666666 0.45546875 0.6640625 0.4671875 0.6692708333333334 0.465625 0.685546875 0.45 0.703125 0.425 0.708984375 0.40234375 0.705078125 0.3890625 0.7024739583333334 0.3859375 0.6888020833333334 0.3828125 0.6842447916666666 0.384375 0.6686197916666666 0.40234375 0.65625 0.409375 0.6438802083333334 0.4234375
1 0.6731770833333334 0.55234375 0.6790364583333334 0.60234375 0.6888020833333334 0.61171875 0.7239583333333334 0.62890625 0.7350260416666666 0.63046875 0.75390625 0.61953125 0.7610677083333334 0.59609375 0.7688802083333334 0.58515625 0.78125 0.54921875 0.7701822916666666 0.54296875 0.7708333333333334 0.53046875 0.765625 0.5203125 0.7486979166666666 0.51015625 0.7415364583333334 0.509375 0.7115885416666666 0.51328125 0.7024739583333334 0.5234375 0.6927083333333334 0.54453125 0.6783854166666666 0.54765625
1 0.8125 0.40703125 0.8131510416666666 0.4234375 0.8333333333333334 0.45 0.84765625 0.453125 0.8756510416666666 0.45 0.8834635416666666 0.44375 0.8854166666666666 0.4359375 0.8841145833333334 0.40546875 0.88671875 0.37578125 0.87890625 0.36953125 0.8704427083333334 0.36796875 0.8346354166666666 0.37578125 0.8203125 0.390625
1 0.5436197916666666 0.5921875 0.5455729166666666 0.6015625 0.5501302083333334 0.60703125 0.576171875 0.5984375 0.6061197916666666 0.58203125 0.623046875 0.57890625 0.6256510416666666 0.57421875 0.61328125 0.54296875 0.6087239583333334 0.5390625 0.6002604166666666 0.5390625 0.58984375 0.54375 0.5631510416666666 0.57890625
1 0.45703125 0.47578125 0.462890625 0.515625 0.4908854166666667 0.53203125 0.5065104166666666 0.49140625 0.505859375 0.4625 0.4895833333333333 0.4578125 0.466796875 0.46484375
1 0.5755208333333334 0.3890625 0.576171875 0.41484375 0.5807291666666666 0.44140625 0.5924479166666666 0.44765625 0.6087239583333334 0.4453125 0.6165364583333334 0.4078125 0.6165364583333334 0.39296875 0.6028645833333334 0.3828125
1 0.3053385416666667 0.3828125 0.306640625 0.43046875 0.3131510416666667 0.44296875 0.3352864583333333 0.45390625 0.3489583333333333 0.45625 0.3697916666666667 0.43203125 0.37109375 0.42421875 0.3665364583333333 0.41015625 0.3444010416666667 0.3765625 0.3098958333333333 0.3765625
1 0.162109375 0.42109375 0.16015625 0.44453125 0.154296875 0.45859375 0.13671875 0.465625 0.12109375 0.48046875 0.12565104166666666 0.4921875 0.154296875 0.53671875 0.158203125 0.53671875 0.18424479166666666 0.51875 0.197265625 0.49765625 0.20572916666666666 0.475 0.21614583333333334 0.45625 0.21614583333333334 0.45078125 0.212890625 0.44609375 0.193359375 0.43203125 0.17057291666666666 0.41875
1 0.091796875 0.76171875 0.09244791666666667 0.790625 0.08463541666666667 0.83046875 0.08658854166666667 0.85234375 0.09440104166666667 0.8578125 0.10872395833333333 0.85703125 0.13216145833333334 0.86328125 0.14518229166666666 0.86015625 0.15299479166666666 0.8515625 0.15690104166666666 0.83671875 0.17578125 0.8109375 0.177734375 0.78671875 0.17513020833333334 0.778125 0.158203125 0.7515625 0.14778645833333334 0.7421875 0.11328125 0.73203125 0.1015625 0.73984375 0.09505208333333333 0.75
1 0.2513020833333333 0.90703125 0.2506510416666667 0.9359375 0.2649739583333333 0.9640625 0.2760416666666667 0.97109375 0.29296875 0.97421875 0.3092447916666667 0.98828125 0.3450520833333333 0.98828125 0.3639322916666667 0.9703125 0.37109375 0.934375 0.3860677083333333 0.9140625 0.3919270833333333 0.89609375 0.4055989583333333 0.87734375 0.408203125 0.86875 0.40625 0.85546875 0.4095052083333333 0.85234375 0.4095052083333333 0.84765625 0.4016927083333333 0.840625 0.357421875 0.82890625 0.298828125 0.80390625 0.283203125 0.8015625 0.2721354166666667 0.809375 0.2649739583333333 0.8265625
1 0.38671875 0.7625 0.3860677083333333 0.78671875 0.380859375 0.8 0.3802083333333333 0.8109375 0.3828125 0.8234375 0.392578125 0.83125 0.4055989583333333 0.83046875 0.4225260416666667 0.8203125 0.443359375 0.78828125 0.4453125 0.75390625 0.4427083333333333 0.7484375 0.4309895833333333 0.740625 0.4205729166666667 0.7390625 0.3938802083333333 0.75078125 0.3880208333333333 0.75625
1 0.46875 0.784375 0.46875 0.79296875 0.47265625 0.79609375 0.4993489583333333 0.79296875 0.51171875 0.796875 0.5579427083333334 0.80078125 0.5625 0.78984375 0.5625 0.77265625 0.5572916666666666 0.75546875 0.5501302083333334 0.74453125 0.5501302083333334 0.7265625 0.5423177083333334 0.715625 0.52734375 0.70625 0.521484375 0.6953125 0.515625 0.6921875 0.5078125 0.69375 0.4973958333333333 0.703125 0.4869791666666667 0.7203125 0.4733072916666667 0.7578125 0.4739583333333333 0.7671875
1 0.49609375 0.81328125 0.4954427083333333 0.85859375 0.5 0.8765625 0.5182291666666666 0.89140625 0.5423177083333334 0.9 0.5501302083333334 0.9 0.5533854166666666 0.88046875 0.5481770833333334 0.81953125 0.5162760416666666 0.8046875 0.5 0.8046875
1 0.57421875 0.92578125 0.57421875 0.94453125 0.578125 0.95078125 0.609375 0.96328125 0.6178385416666666 0.95703125 0.6412760416666666 0.92734375 0.6477864583333334 0.91328125 0.658203125 0.90390625 0.6536458333333334 0.8953125 0.638671875 0.88203125 0.6236979166666666 0.8703125 0.6178385416666666 0.8703125 0.609375 0.87578125 0.5859375 0.903125
1 0.6510416666666666 0.8140625 0.650390625 0.8390625 0.6764322916666666 0.8234375 0.6979166666666666 0.8171875 0.6907552083333334 0.7828125 0.6809895833333334 0.76796875 0.6569010416666666 0.771875
1 0.7447916666666666 0.70546875 0.744140625 0.71171875 0.759765625 0.7515625 0.767578125 0.78515625 0.7708333333333334 0.78828125 0.783203125 0.78671875 0.7864583333333334 0.7828125 0.7858072916666666 0.775 0.7760416666666666 0.7359375 0.765625 0.70703125 0.7591145833333334 0.7
1 0.2584635416666667 0.59140625 0.2604166666666667 0.61015625 0.2578125 0.63046875 0.263671875 0.63828125 0.26953125 0.63984375 0.283203125 0.63515625 0.3014322916666667 0.615625 0.3014322916666667 0.60703125 0.2799479166666667 0.58671875 0.2649739583333333 0.5859375