1 0.11002604166666667 0.26171875 0.11067708333333333 0.278125 0.12239583333333333 0.30546875 0.11979166666666667 0.3515625 0.12434895833333333 0.35703125 0.13736979166666666 0.3625 0.17708333333333334 0.36640625 0.20182291666666666 0.35703125 0.2643229166666667 0.353125 0.2766927083333333 0.35078125 0.279296875 0.34765625 0.23372395833333334 0.209375 0.224609375 0.1890625 0.21354166666666666 0.178125 0.20638020833333334 0.178125 0.19205729166666666 0.184375 0.123046875 0.2265625 0.1171875 0.2359375
1 0.3313802083333333 0.26015625 0.3255208333333333 0.3109375 0.3190104166666667 0.34296875 0.32421875 0.35234375 0.3411458333333333 0.359375 0.357421875 0.35703125 0.376953125 0.340625 0.4147135416666667 0.32578125 0.42578125 0.3109375 0.4309895833333333 0.29609375 0.439453125 0.2859375 0.4407552083333333 0.27890625 0.4401041666666667 0.26796875 0.4342447916666667 0.2625 0.35546875 0.24609375 0.3372395833333333 0.24765625
1 0.6953125 0.11484375 0.6979166666666666 0.1390625 0.703125 0.15 0.7272135416666666 0.15625 0.7565104166666666 0.18203125 0.77734375 0.17109375 0.7838541666666666 0.1640625 0.796875 0.13125 0.7942708333333334 0.08671875 0.7838541666666666 0.07578125 0.7701822916666666 0.06875 0.7623697916666666 0.05 0.7552083333333334 0.0453125 0.7311197916666666 0.0484375 0.7161458333333334 0.0578125
1 0.4498697916666667 0.09609375 0.4505208333333333 0.14140625 0.453125 0.15546875 0.458984375 0.1640625 0.4817708333333333 0.1703125 0.5325520833333334 0.146875 0.5325520833333334 0.11796875 0.5266927083333334 0.109375 0.5052083333333334 0.10703125 0.4908854166666667 0.1015625 0.4661458333333333 0.1 0.45703125 0.09453125
1 0.5501302083333334 0.2953125 0.55078125 0.33125 0.5638020833333334 0.3390625 0.595703125 0.3328125 0.6243489583333334 0.3203125 0.6263020833333334 0.315625 0.6263020833333334 0.2703125 0.623046875 0.26484375 0.6184895833333334 0.26484375 0.611328125 0.26953125 0.5944010416666666 0.27265625 0.564453125 0.2828125 0.5533854166666666 0.2890625
1 0.6927083333333334 0.30703125 0.6940104166666666 0.3484375 0.7024739583333334 0.3609375 0.7102864583333334 0.36171875 0.724609375 0.35703125 0.7643229166666666 0.33828125 0.7565104166666666 0.28828125 0.7434895833333334 0.26875 0.7311197916666666 0.27109375 0.6985677083333334 0.2875
1 0.6640625 0.48828125 0.6634114583333334 0.51484375 0.6666666666666666 0.5328125 0.673828125 0.5375 0.6881510416666666 0.540625 0.6946614583333334 0.5375 0.708984375 0.5203125 0.7194010416666666 0.51328125 0.728515625 0.49296875 0.7278645833333334 0.47890625 0.7239583333333334 0.46953125 0.7135416666666666 0.46015625 0.697265625 0.4515625 0.6790364583333334 0.4609375 0.66796875 0.47734375
1 0.7272135416666666 0.54140625 0.7259114583333334 0.55078125 0.7350260416666666 0.57734375 0.7408854166666666 0.58203125 0.7513020833333334 0.58046875 0.7825520833333334 0.5578125 0.7923177083333334 0.54609375 0.7981770833333334 0.528125 0.796875 0.5046875 0.791015625 0.5015625 0.7513020833333334 0.5125
1 0.580078125 0.575 0.578125 0.58515625 0.5813802083333334 0.60546875 0.587890625 0.6296875 0.5983072916666666 0.6546875 0.6100260416666666 0.6546875 0.6380208333333334 0.6296875 0.65234375 0.58984375 0.6510416666666666 0.57421875 0.6432291666666666 0.5546875 0.6334635416666666 0.5546875 0.6002604166666666 0.56953125
1 0.4856770833333333 0.49765625 0.4856770833333333 0.50703125 0.490234375 0.515625 0.50390625 0.521875 0.51171875 0.5203125 0.5364583333333334 0.47578125 0.5475260416666666 0.44453125 0.5481770833333334 0.428125 0.5423177083333334 0.42578125 0.5266927083333334 0.43515625 0.5188802083333334 0.446875 0.5084635416666666 0.45390625
1 0.423828125 0.38359375 0.423828125 0.40625 0.4361979166666667 0.41796875 0.4759114583333333 0.41015625 0.4837239583333333 0.40078125 0.484375 0.38046875 0.4765625 0.3703125 0.4563802083333333 0.371875 0.4453125 0.3765625 0.4309895833333333 0.37265625
1 0.20768229166666666 0.39609375 0.20638020833333334 0.4046875 0.208984375 0.4140625 0.216796875 0.425 0.23372395833333334 0.43828125 0.2649739583333333 0.44453125 0.2890625 0.43046875 0.291015625 0.4265625 0.2897135416666667 0.4015625 0.2630208333333333 0.37109375 0.2552083333333333 0.371875 0.24153645833333334 0.38046875 0.220703125 0.384375
1 0.26953125 0.63359375 0.255859375 0.709375 0.2584635416666667 0.71328125 0.279296875 0.71953125 0.2864583333333333 0.71875 0.32421875 0.69296875 0.341796875 0.6765625 0.3502604166666667 0.6640625 0.3567708333333333 0.6453125 0.3645833333333333 0.6359375 0.3639322916666667 0.58203125 0.3600260416666667 0.56796875 0.3346354166666667 0.5359375 0.3046875 0.55234375 0.2923177083333333 0.56328125 0.2799479166666667 0.5953125
1 0.0703125 0.7484375 0.06966145833333333 0.75703125 0.07291666666666667 0.765625 0.10481770833333333 0.80546875 0.140625 0.8328125 0.158203125 0.85546875 0.171875 0.865625 0.17838541666666666 0.86484375 0.20572916666666666 0.84375 0.22721354166666666 0.81875 0.23828125 0.80078125 0.23697916666666666 0.784375 0.23111979166666666 0.77421875 0.22330729166666666 0.76796875 0.208984375 0.76484375 0.18880208333333334 0.7375 0.16927083333333334 0.7234375 0.13151041666666666 0.71796875 0.107421875 0.7203125 0.08463541666666667 0.73203125
1 0.3528645833333333 0.72421875 0.34375 0.75859375 0.34375 0.76640625 0.34765625 0.77578125 0.34765625 0.78984375 0.3515625 0.796875 0.3671875 0.809375 0.3736979166666667 0.81015625 0.4134114583333333 0.7828125 0.4147135416666667 0.7640625 0.4108072916666667 0.74609375 0.40234375 0.7296875 0.3736979166666667 0.709375 0.361328125 0.71171875
1 0.40625 0.634375 0.4055989583333333 0.64921875 0.4134114583333333 0.67734375 0.4225260416666667 0.69609375 0.4322916666666667 0.70234375 0.455078125 0.709375 0.4869791666666667 0.70625 0.4908854166666667 0.70234375 0.4837239583333333 0.65546875 0.4635416666666667 0.63203125 0.4459635416666667 0.62734375 0.4212239583333333 0.62734375 0.4114583333333333 0.6296875
1 0.5247395833333334 0.69453125 0.5208333333333334 0.7625 0.5110677083333334 0.7921875 0.5123697916666666 0.8046875 0.5188802083333334 0.8078125 0.5729166666666666 0.8 0.5846354166666666 0.79609375 0.6061197916666666 0.7765625 0.6041666666666666 0.759375 0.5970052083333334 0.75078125 0.591796875 0.72890625 0.5833333333333334 0.71796875 0.572265625 0.715625 0.5572916666666666 0.6984375 0.5442708333333334 0.69140625 0.5319010416666666 0.68984375 0.5260416666666666 0.69140625
1 0.455078125 0.93515625 0.4563802083333333 0.97109375 0.4733072916666667 0.97890625 0.4889322916666667 0.97734375 0.494140625 0.9734375 0.4934895833333333 0.94609375 0.498046875 0.92578125 0.498046875 0.9125 0.4947916666666667 0.91171875 0.4830729166666667 0.9203125 0.4739583333333333 0.92265625
1 0.6848958333333334 0.709375 0.6861979166666666 0.72890625 0.69921875 0.771875 0.7083333333333334 0.78984375 0.724609375 0.81015625 0.7610677083333334 0.83046875 0.7734375 0.82890625 0.8463541666666666 0.77890625 0.8450520833333334 0.76875 0.8372395833333334 0.75 0.826171875 0.7375 0.728515625 0.70546875 0.7135416666666666 0.69375 0.7057291666666666 0.69453125