1 0.14322916666666666 0.03046875 0.14322916666666666 0.04296875 0.15364583333333334 0.06796875 0.17122395833333334 0.09375 0.185546875 0.109375 0.22005208333333334 0.134375 0.2786458333333333 0.159375 0.2858072916666667 0.15703125 0.2955729166666667 0.13359375 0.30078125 0.103125 0.3001302083333333 0.09140625 0.2975260416666667 0.08359375 0.2662760416666667 0.05 0.23567708333333334 0.0265625 0.22200520833333334 0.01171875 0.16927083333333334 0.0125 0.14908854166666666 0.021875
1 0.19596354166666666 0.190625 0.1953125 0.2625 0.20247395833333334 0.26875 0.22135416666666666 0.27734375 0.23828125 0.28203125 0.24869791666666666 0.28203125 0.2545572916666667 0.27890625 0.259765625 0.26953125 0.2649739583333333 0.2421875 0.26171875 0.18671875 0.248046875 0.175 0.21940104166666666 0.17421875 0.20247395833333334 0.178125
1 0.16080729166666666 0.38359375 0.15755208333333334 0.39453125 0.17513020833333334 0.46953125 0.181640625 0.48046875 0.1875 0.48359375 0.208984375 0.4828125 0.234375 0.4703125 0.271484375 0.43984375 0.2766927083333333 0.4328125 0.2799479166666667 0.421875 0.2805989583333333 0.4046875 0.275390625 0.37578125 0.2786458333333333 0.35859375 0.2760416666666667 0.35234375 0.26171875 0.3375 0.23046875 0.3234375 0.18619791666666666 0.3375
1 0.310546875 0.2390625 0.318359375 0.31015625 0.3346354166666667 0.31640625 0.365234375 0.3046875 0.373046875 0.28046875 0.3815104166666667 0.22421875 0.3834635416666667 0.17734375 0.3802083333333333 0.16796875 0.3736979166666667 0.16640625 0.341796875 0.17890625 0.333984375 0.19375 0.328125 0.19921875
1 0.4225260416666667 0.1640625 0.4192708333333333 0.17890625 0.419921875 0.18828125 0.4427083333333333 0.21640625 0.466796875 0.21953125 0.4778645833333333 0.2140625 0.482421875 0.2078125 0.4908854166666667 0.17265625 0.4778645833333333 0.13671875 0.4641927083333333 0.11953125 0.453125 0.1171875 0.4440104166666667 0.11953125 0.4309895833333333 0.1390625
1 0.47265625 0.30390625 0.4713541666666667 0.3109375 0.4752604166666667 0.31953125 0.5026041666666666 0.35625 0.5188802083333334 0.38359375 0.53515625 0.40078125 0.5455729166666666 0.4046875 0.5748697916666666 0.40390625 0.58203125 0.40078125 0.5904947916666666 0.390625 0.5924479166666666 0.3796875 0.5885416666666666 0.371875 0.5859375 0.35625 0.5716145833333334 0.33203125 0.5592447916666666 0.32421875 0.5546875 0.31015625 0.5436197916666666 0.28984375 0.5364583333333334 0.28203125 0.515625 0.28203125
1 0.4947916666666667 0.07734375 0.4947916666666667 0.0953125 0.498046875 0.1015625 0.5240885416666666 0.13046875 0.5319010416666666 0.13359375 0.5364583333333334 0.13203125 0.546875 0.11640625 0.5520833333333334 0.09921875 0.5345052083333334 0.06953125 0.5188802083333334 0.04921875 0.5084635416666666 0.04296875 0.5 0.0578125
1 0.7610677083333334 0.16015625 0.76171875 0.18203125 0.7662760416666666 0.19453125 0.7688802083333334 0.2234375 0.775390625 0.23359375 0.78515625 0.259375 0.7975260416666666 0.26328125 0.8125 0.2625 0.828125 0.2546875 0.8391927083333334 0.23046875 0.8326822916666666 0.17109375 0.8248697916666666 0.1359375 0.8111979166666666 0.11953125 0.7994791666666666 0.11015625 0.79296875 0.10859375 0.7766927083333334 0.1265625 0.7649739583333334 0.14765625
1 0.7766927083333334 0.75 0.775390625 0.7796875 0.78515625 0.82109375 0.7942708333333334 0.84296875 0.814453125 0.8734375 0.8346354166666666 0.8796875 0.8489583333333334 0.8765625 0.876953125 0.85859375 0.9186197916666666 0.825 0.9212239583333334 0.79609375 0.9296875 0.765625 0.9290364583333334 0.75390625 0.9212239583333334 0.72421875 0.89453125 0.70234375 0.8828125 0.7 0.8671875 0.7046875 0.8352864583333334 0.70078125 0.8033854166666666 0.709375 0.7805989583333334 0.7375
1 0.7180989583333334 0.453125 0.7200520833333334 0.48046875 0.7272135416666666 0.50703125 0.7376302083333334 0.51875 0.771484375 0.5421875 0.7884114583333334 0.5484375 0.8098958333333334 0.5484375 0.8424479166666666 0.57734375 0.8639322916666666 0.58515625 0.869140625 0.584375 0.89453125 0.54921875 0.8932291666666666 0.4953125 0.8776041666666666 0.4484375 0.8717447916666666 0.43828125 0.8404947916666666 0.40703125 0.8203125 0.3984375 0.7760416666666666 0.40078125 0.7447916666666666 0.41953125 0.7220052083333334 0.44296875
1 0.572265625 0.61015625 0.5709635416666666 0.62421875 0.57421875 0.63515625 0.57421875 0.6640625 0.58203125 0.67265625 0.5826822916666666 0.67890625 0.591796875 0.690625 0.615234375 0.70234375 0.6907552083333334 0.7265625 0.69921875 0.7234375 0.7291666666666666 0.68671875 0.7473958333333334 0.6734375 0.765625 0.64921875 0.7604166666666666 0.6296875 0.74609375 0.6078125 0.7220052083333334 0.5890625 0.7063802083333334 0.57109375 0.6783854166666666 0.55703125 0.6510416666666666 0.54921875 0.6119791666666666 0.5484375 0.6022135416666666 0.5515625 0.595703125 0.5578125 0.587890625 0.58125
1 0.6634114583333334 0.88515625 0.6634114583333334 0.91015625 0.6673177083333334 0.9265625 0.6744791666666666 0.94140625 0.681640625 0.94921875 0.6979166666666666 0.95859375 0.7096354166666666 0.978125 0.712890625 0.98046875 0.724609375 0.97890625 0.740234375 0.97109375 0.7526041666666666 0.95703125 0.7669270833333334 0.92890625 0.7805989583333334 0.89375 0.7936197916666666 0.87421875 0.794921875 0.85625 0.7877604166666666 0.83671875 0.7571614583333334 0.81484375 0.72265625 0.81796875 0.7096354166666666 0.81640625 0.6998697916666666 0.821875 0.6809895833333334 0.8453125 0.6666666666666666 0.87265625
1 0.51171875 0.82890625 0.5110677083333334 0.84921875 0.515625 0.90625 0.5240885416666666 0.92421875 0.5266927083333334 0.93671875 0.5540364583333334 0.98515625 0.57421875 0.9875 0.5846354166666666 0.97890625 0.5904947916666666 0.95859375 0.5970052083333334 0.86875 0.5963541666666666 0.84921875 0.591796875 0.8296875 0.5709635416666666 0.796875 0.5345052083333334 0.80546875 0.5240885416666666 0.8125
1 0.31640625 0.80703125 0.3196614583333333 0.86796875 0.306640625 0.91171875 0.3059895833333333 0.93515625 0.3313802083333333 0.9625 0.373046875 0.96328125 0.38671875 0.93203125 0.3958333333333333 0.8984375 0.392578125 0.8828125 0.392578125 0.85546875 0.3880208333333333 0.81640625 0.3763020833333333 0.775 0.3704427083333333 0.7625 0.3626302083333333 0.75390625 0.337890625 0.753125 0.3326822916666667 0.75859375 0.326171875 0.7734375
1 0.12109375 0.946875 0.12044270833333333 0.97109375 0.12630208333333334 0.98125 0.14388020833333334 0.98515625 0.16796875 0.97734375 0.18880208333333334 0.96171875 0.216796875 0.92734375 0.22200520833333334 0.91171875 0.22005208333333334 0.88984375 0.20638020833333334 0.87109375 0.173828125 0.84296875 0.16145833333333334 0.83671875 0.15169270833333334 0.83671875 0.146484375 0.84140625 0.13671875 0.87109375
1 0.4329427083333333 0.709375 0.43359375 0.72890625 0.4290364583333333 0.7515625 0.431640625 0.77421875 0.4407552083333333 0.803125 0.4505208333333333 0.80703125 0.4700520833333333 0.79375 0.5091145833333334 0.75078125 0.51171875 0.7421875 0.513671875 0.709375 0.5397135416666666 0.64453125 0.5416666666666666 0.62890625 0.5390625 0.6203125 0.5221354166666666 0.6015625 0.513671875 0.596875 0.49609375 0.59375 0.4837239583333333 0.5984375 0.4375 0.6953125
1 0.09830729166666667 0.61015625 0.09765625 0.63203125 0.10481770833333333 0.64609375 0.140625 0.68671875 0.1484375 0.6859375 0.15690104166666666 0.675 0.17252604166666666 0.64140625 0.189453125 0.63046875 0.19791666666666666 0.615625 0.20572916666666666 0.58515625 0.20638020833333334 0.54609375 0.20377604166666666 0.53671875 0.18619791666666666 0.51796875 0.17122395833333334 0.5078125 0.15364583333333334 0.50234375 0.13671875 0.5015625 0.12434895833333333 0.52265625 0.12044270833333333 0.553125
1 0.21354166666666666 0.62578125 0.21354166666666666 0.63671875 0.2552083333333333 0.68125 0.2623697916666667 0.6828125 0.2727864583333333 0.67734375 0.283203125 0.659375 0.3014322916666667 0.6421875 0.3053385416666667 0.6265625 0.318359375 0.596875 0.318359375 0.5921875 0.3125 0.58671875 0.3053385416666667 0.565625 0.30078125 0.5359375 0.2936197916666667 0.53203125 0.28515625 0.5328125 0.2584635416666667 0.5421875 0.24934895833333334 0.54921875 0.23307291666666666 0.5671875 0.22330729166666666 0.603125
1 0.3046875 0.52890625 0.3059895833333333 0.55 0.3118489583333333 0.56171875 0.3177083333333333 0.5671875 0.3404947916666667 0.57734375 0.4283854166666667 0.60390625 0.435546875 0.6 0.455078125 0.575 0.4739583333333333 0.5390625 0.4739583333333333 0.53125 0.470703125 0.525 0.4173177083333333 0.49375 0.4055989583333333 0.48125 0.3860677083333333 0.471875 0.3665364583333333 0.46953125 0.353515625 0.48359375 0.3424479166666667 0.48984375