1 0.06705729166666667 0.26484375 0.06705729166666667 0.278125 0.09635416666666667 0.33125 0.10416666666666667 0.36875 0.111328125 0.38984375 0.11653645833333333 0.3953125 0.16536458333333334 0.38984375 0.19921875 0.3703125 0.21809895833333334 0.34609375 0.23111979166666666 0.31171875 0.23046875 0.290625 0.22330729166666666 0.27578125 0.19596354166666666 0.246875 0.185546875 0.23984375 0.15169270833333334 0.240625 0.13606770833333334 0.234375 0.111328125 0.23125 0.09440104166666667 0.2234375 0.080078125 0.23671875
1 0.421875 0.26484375 0.4212239583333333 0.27734375 0.4270833333333333 0.2828125 0.4889322916666667 0.29296875 0.501953125 0.290625 0.513671875 0.2265625 0.5162760416666666 0.2 0.5143229166666666 0.1921875 0.4733072916666667 0.16796875 0.4505208333333333 0.16953125 0.4446614583333333 0.17734375 0.4388020833333333 0.21171875 0.4303385416666667 0.2203125
1 0.576171875 0.1296875 0.5735677083333334 0.1421875 0.5807291666666666 0.15703125 0.6165364583333334 0.20078125 0.6263020833333334 0.20546875 0.6458333333333334 0.19921875 0.6529947916666666 0.1921875 0.6647135416666666 0.1875 0.671875 0.17890625 0.6822916666666666 0.12265625 0.6790364583333334 0.11171875 0.66796875 0.1046875 0.611328125 0.10625 0.583984375 0.11640625
1 0.4212239583333333 0.07421875 0.419921875 0.08203125 0.4244791666666667 0.11640625 0.4322916666666667 0.13984375 0.4388020833333333 0.1484375 0.4557291666666667 0.14140625 0.4694010416666667 0.1171875 0.4780813802083333 0.11171875 0.4876302083333333 0.11015625 0.4876302083333333 0.10234375 0.4811197916666667 0.08125 0.462890625 0.05078125 0.4342447916666667 0.06328125
1 0.5826822916666666 0.24296875 0.58203125 0.26796875 0.5852864583333334 0.2828125 0.5911458333333334 0.290625 0.609375 0.3015625 0.6204427083333334 0.3015625 0.62890625 0.296875 0.6471354166666666 0.284375 0.6536458333333334 0.27421875 0.6516927083333334 0.2578125 0.642578125 0.246875 0.6399739583333334 0.2390625 0.615234375 0.2171875 0.60546875 0.21640625 0.591796875 0.22265625 0.5852864583333334 0.2328125
1 0.7610677083333334 0.16875 0.76171875 0.1875 0.7571614583333334 0.2296875 0.759765625 0.2375 0.7662760416666666 0.24140625 0.8203125 0.259375 0.85546875 0.2640625 0.8665364583333334 0.2578125 0.88671875 0.2234375 0.8873697916666666 0.2046875 0.873046875 0.16015625 0.8658854166666666 0.12734375 0.853515625 0.10859375 0.830078125 0.09296875 0.8157552083333334 0.09140625 0.787109375 0.10546875 0.7688802083333334 0.140625
1 0.681640625 0.31015625 0.6796875 0.31484375 0.681640625 0.33203125 0.6927083333333334 0.3640625 0.689453125 0.3984375 0.7024739583333334 0.42265625 0.7233072916666666 0.42890625 0.8046875 0.43359375 0.8209635416666666 0.4203125 0.822265625 0.3875 0.8072916666666666 0.346875 0.7701822916666666 0.29765625 0.7350260416666666 0.2640625 0.7239583333333334 0.2640625 0.70703125 0.27734375
1 0.8001302083333334 0.47734375 0.7994791666666666 0.4875 0.80859375 0.50078125 0.833984375 0.5203125 0.8411458333333334 0.51953125 0.8665364583333334 0.5015625 0.876953125 0.490625 0.9114583333333334 0.4390625 0.9114583333333334 0.43515625 0.9010416666666666 0.42109375 0.91015625 0.3984375 0.9192708333333334 0.38359375 0.892578125 0.3734375 0.8736979166666666 0.36171875 0.8645833333333334 0.365625 0.8483072916666666 0.384375 0.8372395833333334 0.403125 0.8229166666666666 0.43671875 0.8131510416666666 0.45
1 0.5807291666666666 0.71796875 0.580078125 0.72734375 0.58984375 0.7390625 0.6217447916666666 0.76640625 0.63671875 0.7671875 0.6549479166666666 0.77265625 0.6790364583333334 0.7859375 0.693359375 0.8046875 0.7057291666666666 0.8140625 0.7180989583333334 0.8140625 0.744140625 0.79375 0.744140625 0.76875 0.7337239583333334 0.70859375 0.7278645833333334 0.6953125 0.7122395833333334 0.68125 0.69140625 0.68203125 0.6744791666666666 0.68984375 0.6451822916666666 0.675 0.611328125 0.6734375 0.6048177083333334 0.6796875 0.6022135416666666 0.68828125 0.59765625 0.6890625 0.5885416666666666 0.69921875
1 0.4798177083333333 0.521875 0.482421875 0.53515625 0.482421875 0.556640625 0.4791666666666667 0.5671875 0.4798177083333333 0.58828125 0.4837239583333333 0.5984375 0.4934895833333333 0.6125 0.5065104166666666 0.6234375 0.525390625 0.62890625 0.537109375 0.62421875 0.54296875 0.60703125 0.546875 0.5796875 0.5364583333333334 0.55234375 0.5227864583333334 0.5390625 0.4967447916666667 0.52734375 0.4876302083333333 0.51953125
1 0.8639322916666666 0.62421875 0.8658854166666666 0.653125 0.8990885416666666 0.67890625 0.9088541666666666 0.67578125 0.927734375 0.64765625 0.92578125 0.6421875 0.8873697916666666 0.6109375 0.87109375 0.6125 0.8658854166666666 0.6171875
1 0.294921875 0.5046875 0.2955729166666667 0.52265625 0.302734375 0.55078125 0.306640625 0.55859375 0.310546875 0.559375 0.341796875 0.54921875 0.3522135416666667 0.54140625 0.3828125 0.5078125 0.3997395833333333 0.48359375 0.4010416666666667 0.475 0.3958333333333333 0.46171875 0.3834635416666667 0.45 0.3723958333333333 0.44765625 0.3489583333333333 0.4515625 0.3365885416666667 0.459375 0.326171875 0.47265625 0.3072916666666667 0.48046875
1 0.14322916666666666 0.6578125 0.142578125 0.6671875 0.15364583333333334 0.69921875 0.169921875 0.73125 0.18229166666666666 0.74296875 0.189453125 0.75703125 0.21549479166666666 0.7625 0.234375 0.7609375 0.2623697916666667 0.72890625 0.2747395833333333 0.69765625 0.2740885416666667 0.6203125 0.26171875 0.57734375 0.2552083333333333 0.5703125 0.24088541666666666 0.5671875 0.21419270833333334 0.603125 0.19466145833333334 0.6 0.18229166666666666 0.60859375 0.15364583333333334 0.63984375
1 0.0703125 0.81484375 0.06966145833333333 0.82734375 0.07291666666666667 0.8421875 0.09114583333333333 0.85625 0.13606770833333334 0.871875 0.14127604166666666 0.8703125 0.15104166666666666 0.85859375 0.14973958333333334 0.8484375 0.13346354166666666 0.8078125 0.109375 0.79140625 0.0859375 0.7921875
1 0.20442708333333334 0.86875 0.20377604166666666 0.88359375 0.212890625 0.9234375 0.216796875 0.93515625 0.22721354166666666 0.9515625 0.236328125 0.95546875 0.2591145833333333 0.95703125 0.267578125 0.953125 0.2779947916666667 0.9421875 0.2916666666666667 0.9359375 0.29296875 0.90078125 0.2903645833333333 0.8796875 0.279296875 0.85546875 0.275390625 0.85234375 0.2513020833333333 0.846875 0.22981770833333334 0.84921875 0.21354166666666666 0.85546875
1 0.3326822916666667 0.809375 0.333984375 0.82109375 0.3404947916666667 0.83828125 0.3391927083333333 0.84921875 0.34765625 0.86484375 0.373046875 0.9 0.3795572916666667 0.903125 0.3899739583333333 0.9 0.3951822916666667 0.8921875 0.3919270833333333 0.85 0.3854166666666667 0.84375 0.3678385416666667 0.8375 0.3411458333333333 0.81015625 0.3346354166666667 0.80703125
1 0.3984375 0.678125 0.3977864583333333 0.7 0.4010416666666667 0.7078125 0.4381510416666667 0.71953125 0.4453125 0.73359375 0.453125 0.7421875 0.4602864583333333 0.74375 0.4739583333333333 0.7375 0.4895833333333333 0.71953125 0.490234375 0.7046875 0.4811197916666667 0.67890625 0.4420572916666667 0.61953125 0.4283854166666667 0.61875 0.4147135416666667 0.62890625 0.4036458333333333 0.65390625
1 0.5091145833333334 0.83203125 0.5104166666666666 0.85234375 0.5364583333333334 0.884375 0.5540364583333334 0.89375 0.564453125 0.8921875 0.568359375 0.87265625 0.568359375 0.85234375 0.564453125 0.81796875 0.5579427083333334 0.80703125 0.55078125 0.80390625 0.5397135416666666 0.80546875 0.5123697916666666 0.8234375
1 0.6653645833333334 0.90078125 0.6673177083333334 0.9125 0.6920572916666666 0.94609375 0.7063802083333334 0.9578125 0.7122395833333334 0.9578125 0.716796875 0.95390625 0.7233072916666666 0.93671875 0.7239583333333334 0.92734375 0.703125 0.88359375 0.681640625 0.88671875 0.6692708333333334 0.89453125
1 0.7760416666666666 0.8140625 0.7760416666666666 0.821875 0.8053385416666666 0.8875 0.8098958333333334 0.89296875 0.82421875 0.8890625 0.830078125 0.884375 0.8600260416666666 0.83203125 0.8561197916666666 0.8234375 0.837890625 0.8203125 0.8313802083333334 0.81328125 0.8209635416666666 0.81015625 0.7897135416666666 0.8078125
1 0.8444010416666666 0.8796875 0.84375 0.896875 0.8509114583333334 0.925 0.873046875 0.946875 0.8834635416666666 0.95 0.9069010416666666 0.9359375 0.9283854166666666 0.9359375 0.935546875 0.93359375 0.9401041666666666 0.928125 0.9459635416666666 0.89375 0.9388020833333334 0.86328125 0.9329427083333334 0.85234375 0.9251302083333334 0.8453125 0.8665364583333334 0.8296875 0.8600260416666666 0.8375 0.8502604166666666 0.87109375
1 0.421875 0.40078125 0.4212239583333333 0.40625 0.4251302083333333 0.4109375 0.4381510416666667 0.41328125 0.53125 0.40703125 0.5462239583333334 0.4046875 0.5494791666666666 0.396875 0.544921875 0.37109375 0.5390625 0.36328125 0.4915364583333333 0.33359375 0.4739583333333333 0.33203125 0.4635416666666667 0.334375 0.455078125 0.34140625 0.443359375 0.36640625
1 0.08984375 0.03828125 0.09505208333333333 0.06640625 0.10872395833333333 0.0875 0.14518229166666666 0.11171875 0.15104166666666666 0.109375 0.162109375 0.0671875 0.16145833333333334 0.06015625 0.115234375 0.0359375 0.09309895833333333 0.0359375