0 0.11328125 0.1015625 0.11067708333333333 0.1125 0.11263020833333333 0.165625 0.11848958333333333 0.18125 0.13932291666666666 0.20390625 0.17057291666666666 0.21171875 0.18489583333333334 0.21015625 0.19270833333333334 0.19140625 0.19661458333333334 0.17265625 0.19466145833333334 0.15078125 0.18684895833333334 0.12734375 0.16080729166666666 0.1140625 0.13151041666666666 0.09375 0.11979166666666667 0.0921875
0 0.3619791666666667 0.23515625 0.3606770833333333 0.2453125 0.3645833333333333 0.2625 0.3802083333333333 0.2921875 0.3893229166666667 0.30078125 0.3990885416666667 0.30078125 0.4270833333333333 0.2875 0.435546875 0.28203125 0.4388020833333333 0.27578125 0.439453125 0.26171875 0.4342447916666667 0.246875 0.412109375 0.21796875 0.3932291666666667 0.21640625
0 0.5436197916666666 0.1609375 0.5403645833333334 0.1890625 0.5481770833333334 0.20989609374999998 0.5494791666666666 0.2234375 0.5651041666666666 0.2359375 0.5885416666666666 0.24296875 0.6028645833333334 0.24296875 0.6171875 0.2296875 0.6341145833333334 0.1984375 0.634765625 0.18203125 0.6295572916666666 0.1625 0.6022135416666666 0.1390625 0.5944010416666666 0.1421875 0.5794270833333334 0.1359375 0.5559895833333334 0.13359375 0.548828125 0.1390625
0 0.453125 0.39375 0.4518229166666667 0.40703125 0.4563802083333333 0.4390625 0.4700520833333333 0.46640625 0.478515625 0.4765625 0.4856770833333333 0.4796875 0.4967447916666667 0.47734375 0.5091145833333334 0.46875 0.5143229166666666 0.45625 0.5123697916666666 0.43828125 0.5286458333333334 0.43203125 0.5325520833333334 0.425 0.5266927083333334 0.40703125 0.5319010416666666 0.38359375 0.529296875 0.371875 0.521484375 0.36640625 0.494140625 0.36015625 0.4596354166666667 0.384375
0 0.5963541666666666 0.37421875 0.5950520833333334 0.396875 0.6067708333333334 0.4109375 0.61328125 0.425 0.6276041666666666 0.43046875 0.658203125 0.4265625 0.6640625 0.41953125 0.6712239583333334 0.39765625 0.67578125 0.35234375 0.671875 0.3484375 0.6458333333333334 0.34609375 0.625 0.33828125 0.6126302083333334 0.3375 0.609375 0.34140625 0.6028645833333334 0.36640625 0.5989583333333334 0.3671875
0 0.73828125 0.35859375 0.7376302083333334 0.36875 0.7408854166666666 0.3765625 0.751953125 0.384375 0.7825520833333334 0.39140625 0.82421875 0.3875 0.83203125 0.37734375 0.8430989583333334 0.35234375 0.85546875 0.30859375 0.8548177083333334 0.2890625 0.8483072916666666 0.28359375 0.8307291666666666 0.28203125 0.79296875 0.296875 0.7819010416666666 0.3046875 0.7766927083333334 0.31875 0.771484375 0.3234375 0.7708333333333334 0.33515625 0.7493489583333334 0.34375
0 0.8860677083333334 0.18125 0.8873697916666666 0.2109375 0.8919270833333334 0.2234375 0.9049479166666666 0.234375 0.9192708333333334 0.23671875 0.9348958333333334 0.23203125 0.9427083333333334 0.2265625 0.9498697916666666 0.2125 0.9759114583333334 0.18125 0.9772135416666666 0.175 0.966796875 0.14375 0.9557291666666666 0.1359375 0.9485677083333334 0.13515625 0.92578125 0.1453125 0.9127604166666666 0.15703125 0.904296875 0.16015625
0 0.7981770833333334 0.4609375 0.7975260416666666 0.4890625 0.8001302083333334 0.50078125 0.8040364583333334 0.50390625 0.8111979166666666 0.50390625 0.8216145833333334 0.4984375 0.8274739583333334 0.490625 0.8313802083333334 0.47890625 0.8313802083333334 0.453125 0.8209635416666666 0.446875 0.810546875 0.446875 0.802734375 0.45234375
0 0.8528645833333334 0.521875 0.8515625 0.534375 0.8567708333333334 0.55390625 0.869140625 0.56484375 0.8776041666666666 0.565625 0.8815104166666666 0.559375 0.88671875 0.53671875 0.8860677083333334 0.51484375 0.8776041666666666 0.5078125 0.8717447916666666 0.50703125
0 0.638671875 0.6015625 0.6373697916666666 0.6125 0.6640625 0.6390625 0.6881510416666666 0.62265625 0.6940104166666666 0.61328125 0.6946614583333334 0.60078125 0.685546875 0.54921875 0.6692708333333334 0.5421875 0.6608072916666666 0.54609375
0 0.62109375 0.4625 0.6197916666666666 0.484375 0.625 0.503125 0.6419270833333334 0.5171875 0.6575520833333334 0.5125 0.6692708333333334 0.49140625 0.6647135416666666 0.475 0.64453125 0.45078125 0.6328125 0.4421875 0.62890625 0.4421875 0.6243489583333334 0.446875
0 0.5944010416666666 0.55 0.5950520833333334 0.575 0.611328125 0.58828125 0.619140625 0.58828125 0.6282552083333334 0.5828125 0.6380208333333334 0.58515625 0.6477864583333334 0.56953125 0.6477864583333334 0.56171875 0.6399739583333334 0.54765625 0.6158854166666666 0.528125 0.6100260416666666 0.528125 0.6048177083333334 0.53203125
0 0.5598958333333334 0.66796875 0.560546875 0.71796875 0.5631510416666666 0.72734375 0.5677083333333334 0.7328125 0.6100260416666666 0.753125 0.634765625 0.746875 0.63671875 0.7390625 0.6354166666666666 0.70859375 0.6295572916666666 0.6953125 0.572265625 0.65703125 0.5638020833333334 0.6578125
0 0.375 0.66796875 0.3736979166666667 0.6921875 0.3756510416666667 0.69921875 0.3938802083333333 0.7109375 0.4147135416666667 0.7140625 0.4375 0.71015625 0.4459635416666667 0.69921875 0.4466145833333333 0.6796875 0.4407552083333333 0.66875 0.4296875 0.659375 0.4075520833333333 0.65 0.3951822916666667 0.64921875 0.3815104166666667 0.65703125
0 0.3977864583333333 0.5390625 0.3971354166666667 0.5546875 0.40625 0.57265625 0.4114583333333333 0.5765625 0.421875 0.57109375 0.4459635416666667 0.55 0.4498697916666667 0.54375 0.453125 0.52890625 0.443359375 0.51171875 0.4309895833333333 0.50859375 0.4212239583333333 0.51484375
0 0.291015625 0.58515625 0.291015625 0.6 0.2975260416666667 0.6125 0.3053385416666667 0.6171875 0.3287760416666667 0.61796875 0.3424479166666667 0.60234375 0.3424479166666667 0.59375 0.3385416666666667 0.5828125 0.33203125 0.575 0.3235677083333333 0.57109375 0.3138020833333333 0.56875 0.302734375 0.5703125
0 0.291015625 0.6671875 0.291015625 0.69609375 0.3014322916666667 0.73359375 0.3072916666666667 0.73984375 0.3177083333333333 0.7375 0.3229166666666667 0.7296875 0.3216145833333333 0.7140625 0.3287760416666667 0.69609375 0.330078125 0.68515625 0.3229166666666667 0.675 0.3040364583333333 0.66328125 0.2955729166666667 0.66171875
0 0.16378385416666666 0.68125 0.16378385416666666 0.70078125 0.1709453125 0.7234375 0.1768046875 0.73359375 0.20154427083333334 0.7484375 0.2139140625 0.74921875 0.2197734375 0.74453125 0.22628385416666666 0.72421875 0.22693489583333334 0.71328125 0.22302864583333334 0.69921875 0.21716927083333334 0.690625 0.18982552083333334 0.66875 0.18005989583333334 0.6640625 0.16964322916666666 0.665625
0 0.193359375 0.575 0.19205729166666666 0.6109375 0.19596354166666666 0.621875 0.20442708333333334 0.625 0.22265625 0.62265625 0.24609375 0.609375 0.2584635416666667 0.58984375 0.2604166666666667 0.58125 0.2591145833333333 0.56640625 0.248046875 0.55390625 0.21549479166666666 0.54296875 0.20182291666666666 0.54921875
0 0.09309895833333333 0.5953125 0.09505208333333333 0.625 0.09830729166666667 0.6296875 0.10481770833333333 0.6296875 0.11848958333333333 0.6265625 0.15169270833333334 0.6078125 0.15625 0.59921875 0.15690104166666666 0.58828125 0.15104166666666666 0.57265625 0.13346354166666666 0.56875 0.111328125 0.57421875
0 0.15104166666666666 0.3609375 0.150390625 0.4046875 0.15494791666666666 0.41171875 0.171875 0.41328125 0.19401041666666666 0.40859375 0.20638020833333334 0.4046875 0.220703125 0.39375 0.20833333333333334 0.35234375 0.20377604166666666 0.34453125
0 0.21744791666666666 0.35546875 0.21614583333333334 0.365625 0.21875 0.37421875 0.232421875 0.3984375 0.24674479166666666 0.4046875 0.25390625 0.4046875 0.2604166666666667 0.3984375 0.263671875 0.3890625 0.263671875 0.365625 0.26171875 0.35546875 0.255859375 0.346875 0.23372395833333334 0.33671875 0.22981770833333334 0.33828125
0 0.041015625 0.2171875 0.0390625 0.2234375 0.040364583333333336 0.2515625 0.05078125 0.2625 0.060546875 0.2640625 0.091796875 0.25859375 0.10221354166666667 0.2515625 0.10286458333333333 0.24296875 0.09895833333333333 0.22421875 0.087890625 0.21328125 0.07356770833333333 0.21015625 0.046875 0.21328125
0 0.4231770833333333 0.078125 0.416015625 0.1 0.4108072916666667 0.10546875 0.4134114583333333 0.1140625 0.4388020833333333 0.1484375 0.4459635416666667 0.15 0.45703125 0.14453125 0.46484375 0.1328125 0.4680989583333333 0.1109375 0.4641927083333333 0.0828125 0.4576822916666667 0.07734375 0.4381510416666667 0.06953125 0.431640625 0.0703125
0 0.24739583333333334 0.88984375 0.24739583333333334 0.9125 0.2545572916666667 0.92734375 0.275390625 0.940625 0.2936197916666667 0.940625 0.3033854166666667 0.9359375 0.3502604166666667 0.8875 0.35546875 0.8734375 0.3548177083333333 0.8515625 0.3528645833333333 0.8453125 0.345703125 0.840625 0.2994791666666667 0.83359375 0.2779947916666667 0.83671875 0.271484375 0.83984375 0.2552083333333333 0.86328125
0 0.8209635416666666 0.8484375 0.8196614583333334 0.86328125 0.82421875 0.88203125 0.8489583333333334 0.9265625 0.8541666666666666 0.92734375 0.90625 0.9109375 0.904296875 0.903125 0.896484375 0.89375 0.8899739583333334 0.85859375 0.8782552083333334 0.84296875 0.8411458333333334 0.82734375 0.828125 0.8375
0 0.5013020833333334 0.84140625 0.5006510416666666 0.86484375 0.51171875 0.90859375 0.5149739583333334 0.91328125 0.529296875 0.91328125 0.5553385416666666 0.903125 0.5611979166666666 0.8875 0.5611979166666666 0.85859375 0.5572916666666666 0.83828125 0.546875 0.815625 0.5397135416666666 0.81484375 0.51171875 0.82734375
0 0.6640625 0.903125 0.6640625 0.92578125 0.669921875 0.9390625 0.6770833333333334 0.946875 0.6907552083333334 0.95390625 0.7018229166666666 0.9515625 0.70703125 0.946875 0.7161458333333334 0.921875 0.7174479166666666 0.909375 0.703125 0.88125 0.6940104166666666 0.8796875 0.6822916666666666 0.88515625
0 0.47265625 0.75234375 0.4733072916666667 0.7734375 0.4772135416666667 0.778125 0.4993489583333333 0.77265625 0.5084635416666666 0.75703125 0.5052083333333334 0.7375 0.4954427083333333 0.7203125 0.4908854166666667 0.7171875 0.4830729166666667 0.721875
0 0.421875 0.8078125 0.4075520833333333 0.82109375 0.4075520833333333 0.85546875 0.4231770833333333 0.8734375 0.4401041666666667 0.88125 0.4440104166666667 0.87421875 0.4427083333333333 0.86328125 0.4524739583333333 0.85625 0.4537760416666667 0.8515625 0.447265625 0.82890625 0.4401041666666667 0.8171875 0.431640625 0.80859375
0 0.3743489583333333 0.1625 0.37109375 0.16640625 0.3717447916666667 0.175 0.3873697916666667 0.20859375 0.4016927083333333 0.2109375 0.416015625 0.20625 0.4225260416666667 0.18828125 0.4225260416666667 0.1734375 0.4166666666666667 0.16328125 0.4055989583333333 0.153125 0.3971354166666667 0.15078125 0.38671875 0.15390625
0 0.3528645833333333 0.38046875 0.3522135416666667 0.38828125 0.35546875 0.40078125 0.3600260416666667 0.4109375 0.3665364583333333 0.415625 0.3873697916666667 0.41484375 0.3990885416666667 0.40546875 0.3990885416666667 0.39609375 0.3938802083333333 0.38359375 0.3763020833333333 0.36953125 0.3697916666666667 0.36953125
0 0.51953125 0.61953125 0.5162760416666666 0.63125 0.5188802083333334 0.64296875 0.5338541666666666 0.64609375 0.5462239583333334 0.65390625 0.5546875 0.65078125 0.5625 0.6203125 0.5592447916666666 0.61171875 0.5520833333333334 0.61015625 0.53515625 0.61796875 0.5227864583333334 0.61640625
0 0.7682291666666666 0.8203125 0.767578125 0.83671875 0.7708333333333334 0.83984375 0.7923177083333334 0.83515625 0.8040364583333334 0.82734375 0.796875 0.8109375 0.7799479166666666 0.79921875 0.7721354166666666 0.8015625
0 0.578125 0.80546875 0.5787760416666666 0.8171875 0.5826822916666666 0.82265625 0.5963541666666666 0.82421875 0.6184895833333334 0.8171875 0.6223958333333334 0.79296875 0.6158854166666666 0.78515625 0.5983072916666666 0.78515625 0.58203125 0.7984375
0 0.4479166666666667 0.81796875 0.4518229166666667 0.83671875 0.4615885416666667 0.8515625 0.4739583333333333 0.846875 0.4850260416666667 0.82421875 0.4830729166666667 0.80703125 0.4765625 0.8 0.46484375 0.79375 0.4557291666666667 0.79765625
0 0.18033854166666666 0.84296875 0.17903645833333334 0.86328125 0.185546875 0.87578125 0.19270833333333334 0.87578125 0.205078125 0.86640625 0.2109375 0.8484375 0.21028645833333334 0.83671875 0.20638020833333334 0.8296875 0.18815104166666666 0.83515625
0 0.20442708333333334 0.8875 0.203125 0.9 0.21158854166666666 0.9203125 0.2265625 0.9328125 0.240234375 0.934375 0.244140625 0.925 0.24283854166666666 0.91015625 0.232421875 0.8796875 0.22005208333333334 0.8703125