0 0.17447916666666666 0.14296875 0.173828125 0.1546875 0.177734375 0.16796875 0.19466145833333334 0.18671875 0.21940104166666666 0.20390625 0.228515625 0.20390625 0.23763020833333334 0.19921875 0.2532552083333333 0.18515625 0.2623697916666667 0.17109375 0.2662760416666667 0.159375 0.2662760416666667 0.146875 0.2591145833333333 0.121875 0.2610677083333333 0.10078125 0.2591145833333333 0.08828125 0.2526041666666667 0.0828125 0.244140625 0.0828125 0.22200520833333334 0.0875 0.20377604166666666 0.0984375 0.18684895833333334 0.11484375
0 0.421875 0.20859375 0.421875 0.228125 0.41796875 0.2515625 0.421875 0.27890625 0.4290364583333333 0.2859375 0.4388020833333333 0.28984375 0.4466145833333333 0.28359375 0.451171875 0.2734375 0.466796875 0.275 0.4700520833333333 0.27265625 0.4733072916666667 0.26875 0.4772135416666667 0.225 0.4778645833333333 0.1796875 0.4752604166666667 0.171875 0.4602864583333333 0.1578125 0.4407552083333333 0.16484375 0.4283854166666667 0.18125
0 0.3333333333333333 0.059375 0.3346354166666667 0.08046875 0.3522135416666667 0.1109375 0.3665364583333333 0.1125 0.3763020833333333 0.109375 0.3834635416666667 0.103125 0.3893229166666667 0.0890625 0.3841145833333333 0.0609375 0.3678385416666667 0.046875 0.3600260416666667 0.0359375 0.3483072916666667 0.03828125
0 0.2890625 0.18125 0.2890625 0.1890625 0.2942708333333333 0.19609375 0.3072916666666667 0.20078125 0.3235677083333333 0.1984375 0.345703125 0.1859375 0.3606770833333333 0.171875 0.37109375 0.15703125 0.3723958333333333 0.14609375 0.3684895833333333 0.12265625 0.3502604166666667 0.11171875 0.341796875 0.10078125 0.3326822916666667 0.1015625 0.3203125 0.11953125
0 0.5364583333333334 0.18359375 0.5358072916666666 0.20390625 0.544921875 0.228125 0.5696614583333334 0.23046875 0.5846354166666666 0.22734375 0.5904947916666666 0.19921875 0.5813802083333334 0.16640625 0.56640625 0.1640625 0.5533854166666666 0.16796875
0 0.5169270833333334 0.08828125 0.515625 0.103125 0.5182291666666666 0.1125 0.5403645833333334 0.1328125 0.5592447916666666 0.13515625 0.5677083333333334 0.13203125 0.5729166666666666 0.12578125 0.5755208333333334 0.11640625 0.5611979166666666 0.0859375 0.5208333333333334 0.084375
0 0.6979166666666666 0.0953125 0.6985677083333334 0.11171875 0.705078125 0.11953125 0.6998697916666666 0.13828125 0.7044270833333334 0.14609375 0.712890625 0.1515625 0.732421875 0.1578125 0.7545572916666666 0.15859375 0.7584635416666666 0.15390625 0.7584635416666666 0.14765625 0.7682291666666666 0.14140625 0.775390625 0.1296875 0.7740885416666666 0.11640625 0.7649739583333334 0.10859375 0.7076822916666666 0.0859375 0.7024739583333334 0.08671875
0 0.6080729166666666 0.3 0.6087239583333334 0.3234375 0.625 0.3421875 0.6315104166666666 0.3421875 0.6399739583333334 0.33671875 0.64453125 0.33828125 0.6497395833333334 0.3453125 0.6569010416666666 0.3453125 0.6744791666666666 0.33046875 0.6809895833333334 0.3171875 0.6673177083333334 0.30390625 0.6549479166666666 0.27734375 0.646484375 0.27265625 0.625 0.27109375 0.619140625 0.2734375
0 0.669921875 0.37109375 0.6712239583333334 0.38359375 0.6822916666666666 0.3984375 0.685546875 0.4078125 0.7005208333333334 0.41875 0.71484375 0.421875 0.7252604166666666 0.41328125 0.7311197916666666 0.4 0.7330729166666666 0.38984375 0.73046875 0.3828125 0.7389322916666666 0.365625 0.740234375 0.35546875 0.734375 0.34140625 0.7154947916666666 0.31875 0.703125 0.31015625 0.6953125 0.309375 0.6861979166666666 0.321875
0 0.544921875 0.35859375 0.544921875 0.3765625 0.5501302083333334 0.38046875 0.5638020833333334 0.375 0.578125 0.3734375 0.583984375 0.36796875 0.5885416666666666 0.3453125 0.5885416666666666 0.31171875 0.5846354166666666 0.2953125 0.578125 0.28828125 0.5592447916666666 0.29765625 0.552734375 0.30625 0.5475260416666666 0.321875
0 0.4270833333333333 0.428125 0.4283854166666667 0.4390625 0.4251302083333333 0.4484375 0.4296875 0.46953125 0.4811197916666667 0.4953125 0.494140625 0.49453125 0.505859375 0.48671875 0.5104166666666666 0.48125 0.513671875 0.4703125 0.5266927083333334 0.4578125 0.529296875 0.45 0.5266927083333334 0.4390625 0.5162760416666666 0.425 0.50390625 0.41484375 0.4791666666666667 0.3703125 0.4739583333333333 0.36484375 0.4557291666666667 0.3578125 0.4453125 0.36015625 0.439453125 0.36796875 0.431640625 0.396875 0.4303385416666667 0.41875
0 0.5052083333333334 0.55 0.5045572916666666 0.5578125 0.5084635416666666 0.565625 0.5358072916666666 0.578125 0.5416666666666666 0.578125 0.5546875 0.5671875 0.5651041666666666 0.5625 0.5690104166666666 0.5546875 0.5677083333333334 0.54140625 0.5611979166666666 0.52734375 0.5501302083333334 0.51171875 0.54296875 0.50859375 0.521484375 0.51875
0 0.62890625 0.55 0.62890625 0.56484375 0.6256510416666666 0.57265625 0.6256510416666666 0.6078125 0.6282552083333334 0.6140625 0.6354166666666666 0.61875 0.6438802083333334 0.61875 0.677734375 0.61328125 0.6829427083333334 0.60078125 0.6790364583333334 0.56875 0.666015625 0.55859375 0.6490885416666666 0.55390625 0.6412760416666666 0.54453125 0.6328125 0.54453125
0 0.7838541666666666 0.55625 0.7845052083333334 0.57578125 0.7890625 0.584375 0.8235677083333334 0.59140625 0.8313802083333334 0.5875 0.8313802083333334 0.5640625 0.82421875 0.54609375 0.8014322916666666 0.5375 0.7955729166666666 0.53828125 0.7884114583333334 0.54375
0 0.7994791666666666 0.44921875 0.7994791666666666 0.4703125 0.8287760416666666 0.50546875 0.8391927083333334 0.5078125 0.853515625 0.49765625 0.8587239583333334 0.48046875 0.8502604166666666 0.45234375 0.8424479166666666 0.4421875 0.81640625 0.440625
0 0.7428385416666666 0.52265625 0.7408854166666666 0.53203125 0.748046875 0.546875 0.7610677083333334 0.55234375 0.7682291666666666 0.55078125 0.783203125 0.52890625 0.78125 0.51796875 0.7662760416666666 0.50390625 0.7526041666666666 0.51015625
0 0.7571614583333334 0.6703125 0.7578125 0.6921875 0.7747395833333334 0.7078125 0.7962239583333334 0.7109375 0.80859375 0.7 0.8092447916666666 0.6890625 0.8033854166666666 0.6625 0.7936197916666666 0.646875 0.7825520833333334 0.64296875 0.7721354166666666 0.6453125 0.7604166666666666 0.66015625
0 0.8177083333333334 0.6953125 0.81640625 0.70625 0.8209635416666666 0.7203125 0.828125 0.73046875 0.837890625 0.7359375 0.8639322916666666 0.7140625 0.869140625 0.70625 0.859375 0.6890625 0.8450520833333334 0.67421875 0.83203125 0.678125
0 0.7018229166666666 0.8109375 0.7018229166666666 0.83828125 0.7063802083333334 0.86328125 0.716796875 0.8796875 0.7415364583333334 0.88828125 0.7727864583333334 0.8859375 0.7890625 0.871875 0.80078125 0.86640625 0.8125 0.8515625 0.8151041666666666 0.840625 0.8118489583333334 0.81484375 0.8151041666666666 0.796875 0.8151041666666666 0.77421875 0.8118489583333334 0.75546875 0.8079427083333334 0.75078125 0.7819010416666666 0.7484375 0.744140625 0.74921875 0.73046875 0.753125 0.7076822916666666 0.77265625
0 0.5533854166666666 0.909375 0.5520833333333334 0.92734375 0.5572916666666666 0.95390625 0.5611979166666666 0.959375 0.568359375 0.9609375 0.5989583333333334 0.97890625 0.6067708333333334 0.9734375 0.6165364583333334 0.975 0.6256510416666666 0.97265625 0.6302083333333334 0.975 0.64453125 0.9578125 0.6471354166666666 0.95078125 0.6471354166666666 0.93671875 0.650390625 0.9328125 0.6490885416666666 0.9125 0.615234375 0.8828125 0.6015625 0.875 0.5748697916666666 0.875 0.5670572916666666 0.87890625 0.5592447916666666 0.8890625
0 0.5963541666666666 0.71640625 0.59765625 0.73125 0.609375 0.74453125 0.6197916666666666 0.746875 0.6276041666666666 0.74296875 0.6328125 0.71171875 0.6197916666666666 0.68125 0.609375 0.68203125 0.60546875 0.6859375
0 0.5234375 0.68515625 0.5234375 0.7375 0.5266927083333334 0.74765625 0.5397135416666666 0.75078125 0.55859375 0.74296875 0.5670572916666666 0.73125 0.5703125 0.7203125 0.56640625 0.70546875 0.5598958333333334 0.69609375 0.5397135416666666 0.68046875 0.5305989583333334 0.67890625
0 0.4127604166666667 0.64921875 0.412109375 0.67734375 0.4251302083333333 0.7203125 0.4361979166666667 0.7375 0.44921875 0.74375 0.4609375 0.73046875 0.470703125 0.71015625 0.4752604166666667 0.684375 0.484375 0.66953125 0.484375 0.65234375 0.46875 0.62890625 0.4596354166666667 0.62265625 0.443359375 0.6203125 0.4212239583333333 0.62421875 0.4173177083333333 0.62890625
0 0.4290364583333333 0.828125 0.4231770833333333 0.8421875 0.423828125 0.85234375 0.4322916666666667 0.87265625 0.4361979166666667 0.8765625 0.4479166666666667 0.88203125 0.45703125 0.88125 0.474609375 0.865625 0.4778645833333333 0.85859375 0.478515625 0.83828125 0.462890625 0.81328125 0.455078125 0.8109375 0.439453125 0.815625
0 0.3860677083333333 0.90546875 0.38671875 0.91875 0.3977864583333333 0.940625 0.4140625 0.95 0.4244791666666667 0.9453125 0.4348958333333333 0.91171875 0.4322916666666667 0.89375 0.4251302083333333 0.884375 0.4153645833333333 0.878125 0.4036458333333333 0.88125 0.3899739583333333 0.896875
0 0.3372395833333333 0.8296875 0.3346354166666667 0.84609375 0.337890625 0.85234375 0.3541666666666667 0.859375 0.3678385416666667 0.86015625 0.3821614583333333 0.83828125 0.3834635416666667 0.83125 0.3821614583333333 0.8234375 0.373046875 0.81796875 0.3444010416666667 0.821875
0 0.2630208333333333 0.72265625 0.26171875 0.73828125 0.263671875 0.75 0.2845052083333333 0.75625 0.3216145833333333 0.753125 0.3255208333333333 0.746875 0.330078125 0.72421875 0.3287760416666667 0.71875 0.3157552083333333 0.71328125 0.283203125 0.7109375 0.2688802083333333 0.7109375 0.2649739583333333 0.71484375
0 0.12239583333333333 0.88203125 0.123046875 0.91796875 0.12955729166666666 0.9328125 0.16927083333333334 0.95703125 0.17838541666666666 0.965625 0.189453125 0.9578125 0.19661458333333334 0.9421875 0.20638020833333334 0.89921875 0.20638020833333334 0.88125 0.20052083333333334 0.87265625 0.17838541666666666 0.8578125 0.166015625 0.84453125 0.146484375 0.83984375 0.140625 0.84140625 0.13216145833333334 0.85234375
0 0.27734375 0.8296875 0.2760416666666667 0.84609375 0.2799479166666667 0.8546875 0.3020833333333333 0.86171875 0.3138020833333333 0.859375 0.3118489583333333 0.83515625 0.3079427083333333 0.8234375 0.28515625 0.81640625 0.2805989583333333 0.8203125
0 0.18424479166666666 0.640625 0.18294270833333334 0.6609375 0.185546875 0.66796875 0.201171875 0.6921875 0.20963541666666666 0.6953125 0.23372395833333334 0.68203125 0.24869791666666666 0.6671875 0.2532552083333333 0.63359375 0.24674479166666666 0.62265625 0.23046875 0.6140625 0.22135416666666666 0.60546875 0.21549479166666666 0.60546875 0.19466145833333334 0.61484375 0.18880208333333334 0.62265625
0 0.14908854166666666 0.51171875 0.146484375 0.51875 0.1484375 0.52890625 0.16015625 0.53984375 0.17057291666666666 0.54296875 0.19791666666666666 0.5421875 0.20442708333333334 0.5390625 0.20833333333333334 0.5328125 0.21354166666666666 0.51328125 0.212890625 0.4875 0.20638020833333334 0.47265625 0.19596354166666666 0.4625 0.16471354166666666 0.48359375
0 0.29296875 0.52578125 0.29296875 0.55390625 0.296875 0.571875 0.30859375 0.59296875 0.3216145833333333 0.60703125 0.3391927083333333 0.60234375 0.3665364583333333 0.5703125 0.3684895833333333 0.55234375 0.3658854166666667 0.54296875 0.3587239583333333 0.52734375 0.3450520833333333 0.5078125 0.33203125 0.5015625 0.3079427083333333 0.5 0.2962239583333333 0.50859375
0 0.11328125 0.39296875 0.11328125 0.4046875 0.12239583333333333 0.4140625 0.13151041666666666 0.43046875 0.14388020833333334 0.46796875 0.16796875 0.46796875 0.18619791666666666 0.46171875 0.19661458333333334 0.45390625 0.201171875 0.4421875 0.201171875 0.40703125 0.181640625 0.384375 0.16861979166666666 0.3796875 0.13802083333333334 0.38046875 0.11783854166666667 0.38515625
0 0.11393229166666667 0.54765625 0.11458333333333333 0.56328125 0.12630208333333334 0.58515625 0.142578125 0.59375 0.16731770833333334 0.59140625 0.17122395833333334 0.58828125 0.17578125 0.5609375 0.17578125 0.553125 0.17252604166666666 0.54609375 0.15690104166666666 0.53984375 0.14192708333333334 0.525 0.1328125 0.525 0.126953125 0.528125