1 0.126953125 0.1046875 0.12630208333333334 0.1171875 0.13020833333333334 0.140625 0.138671875 0.16015625 0.14778645833333334 0.196875 0.166015625 0.22890625 0.18619791666666666 0.25078125 0.20247395833333334 0.26328125 0.21354166666666666 0.26484375 0.22395833333333334 0.26171875 0.2669270833333333 0.2328125 0.2962239583333333 0.225 0.3046875 0.2171875 0.310546875 0.20625 0.3092447916666667 0.1890625 0.3033854166666667 0.1796875 0.2942708333333333 0.17421875 0.2903645833333333 0.153125 0.291015625 0.14375 0.2779947916666667 0.12734375 0.2688802083333333 0.10078125 0.26171875 0.09296875 0.21158854166666666 0.059375 0.19856770833333334 0.05703125 0.16861979166666666 0.065625 0.14388020833333334 0.0828125 0.1328125 0.08671875
1 0.4635416666666667 0.096875 0.4641927083333333 0.14140625 0.4733072916666667 0.1828125 0.5169270833333334 0.25390625 0.5286458333333334 0.26328125 0.5397135416666666 0.253125 0.5794270833333334 0.18828125 0.5813802083333334 0.1671875 0.5787760416666666 0.15546875 0.5598958333333334 0.1234375 0.5494791666666666 0.0859375 0.5364583333333334 0.05703125 0.529296875 0.0484375 0.5143229166666666 0.04609375 0.5078125 0.04921875 0.4876302083333333 0.07109375 0.4700520833333333 0.08125
1 0.2923177083333333 0.14609375 0.2923177083333333 0.165625 0.294921875 0.1734375 0.3125 0.18359375 0.3268229166666667 0.21015625 0.333984375 0.21484375 0.3450520833333333 0.21640625 0.3548177083333333 0.21015625 0.3704427083333333 0.1890625 0.38671875 0.178125 0.3984375 0.16484375 0.4296875 0.12265625 0.4348958333333333 0.10546875 0.42578125 0.0796875 0.4010416666666667 0.04609375 0.384765625 0.03828125 0.376953125 0.03828125 0.3268229166666667 0.05859375 0.3138020833333333 0.07109375 0.30859375 0.0828125 0.3033854166666667 0.11640625
1 0.4134114583333333 0.31484375 0.4147135416666667 0.3296875 0.4296875 0.35234375 0.4765625 0.4015625 0.4993489583333333 0.415625 0.5110677083333334 0.4109375 0.517578125 0.403125 0.5240885416666666 0.38359375 0.5234375 0.37265625 0.51171875 0.35390625 0.44921875 0.27890625 0.44140625 0.27734375 0.4322916666666667 0.28515625
1 0.6412760416666666 0.31953125 0.6432291666666666 0.37109375 0.6477864583333334 0.38046875 0.6666666666666666 0.3859375 0.69921875 0.38671875 0.716796875 0.37890625 0.7239583333333334 0.36796875 0.734375 0.328125 0.7350260416666666 0.303125 0.7252604166666666 0.27265625 0.7161458333333334 0.26015625 0.705078125 0.25546875 0.66796875 0.259375 0.6614583333333334 0.2625 0.6549479166666666 0.27421875
1 0.759765625 0.33359375 0.7610677083333334 0.35703125 0.771484375 0.3703125 0.78515625 0.37265625 0.810546875 0.3875 0.833984375 0.3875 0.86328125 0.3796875 0.8763020833333334 0.3671875 0.8802083333333334 0.359375 0.8821614583333334 0.33671875 0.8860677083333334 0.328125 0.890625 0.303125 0.88671875 0.27421875 0.8802083333333334 0.2671875 0.857421875 0.2546875 0.8444010416666666 0.25234375 0.8235677083333334 0.24296875 0.8072916666666666 0.240625 0.7897135416666666 0.2421875 0.7825520833333334 0.25 0.7721354166666666 0.26953125 0.7727864583333334 0.29296875 0.7682291666666666 0.31484375
1 0.7389322916666666 0.59921875 0.73828125 0.60546875 0.7408854166666666 0.609375 0.7493489583333334 0.609375 0.83984375 0.58515625 0.85546875 0.571875 0.8567708333333334 0.5640625 0.8515625 0.546875 0.8509114583333334 0.53046875 0.8444010416666666 0.51875 0.8333333333333334 0.48359375 0.8046875 0.446875 0.798828125 0.44453125 0.7923177083333334 0.44765625 0.779296875 0.46484375 0.7610677083333334 0.53359375
1 0.4967447916666667 0.5140625 0.4973958333333333 0.546875 0.5026041666666666 0.5625 0.55859375 0.59609375 0.580078125 0.6125 0.591796875 0.6171875 0.5950520833333334 0.61171875 0.6002604166666666 0.56328125 0.599609375 0.45703125 0.6022135416666666 0.44140625 0.6015625 0.425 0.5963541666666666 0.42421875 0.5807291666666666 0.4328125 0.5397135416666666 0.4625
1 0.23372395833333334 0.41953125 0.234375 0.42734375 0.2532552083333333 0.45859375 0.298828125 0.49765625 0.3059895833333333 0.496875 0.3385416666666667 0.4765625 0.3626302083333333 0.45390625 0.359375 0.4421875 0.3528645833333333 0.43203125 0.3372395833333333 0.4171875 0.3177083333333333 0.38984375 0.306640625 0.38046875 0.2747395833333333 0.38828125 0.2662760416666667 0.403125 0.24674479166666666 0.41015625
1 0.1484375 0.5859375 0.14908854166666666 0.609375 0.16145833333333334 0.6296875 0.22330729166666666 0.615625 0.23372395833333334 0.61640625 0.23763020833333334 0.6125 0.23502604166666666 0.59140625 0.22200520833333334 0.56015625 0.21744791666666666 0.55546875 0.18229166666666666 0.5546875 0.166015625 0.57265625 0.15364583333333334 0.57890625
1 0.26171875 0.71015625 0.2604166666666667 0.71953125 0.271484375 0.765625 0.2682291666666667 0.775 0.2688802083333333 0.78125 0.2858072916666667 0.80703125 0.2936197916666667 0.8109375 0.3033854166666667 0.8109375 0.3255208333333333 0.80390625 0.3352864583333333 0.79765625 0.353515625 0.775 0.353515625 0.75859375 0.3450520833333333 0.73515625 0.3287760416666667 0.71953125 0.287109375 0.696875 0.2721354166666667 0.6984375 0.2662760416666667 0.70234375
1 0.4114583333333333 0.84296875 0.4108072916666667 0.8515625 0.41796875 0.87265625 0.4264322916666667 0.88359375 0.44140625 0.89140625 0.4641927083333333 0.8921875 0.484375 0.88828125 0.4928385416666667 0.88515625 0.5 0.87578125 0.4915364583333333 0.85546875 0.4759114583333333 0.83125 0.4674479166666667 0.8234375 0.458984375 0.82421875
1 0.5345052083333334 0.64765625 0.5338541666666666 0.6546875 0.552734375 0.6953125 0.57421875 0.72890625 0.595703125 0.75546875 0.6119791666666666 0.7625 0.6412760416666666 0.765625 0.6490885416666666 0.7625 0.6647135416666666 0.73984375 0.6705729166666666 0.725 0.6783854166666666 0.66328125 0.6731770833333334 0.646875 0.6634114583333334 0.6359375 0.642578125 0.628125 0.591796875 0.62421875 0.5774739583333334 0.6328125 0.5501302083333334 0.63671875
1 0.5813802083333334 0.8 0.5709635416666666 0.85234375 0.599609375 0.878125 0.6295572916666666 0.89296875 0.6341145833333334 0.8921875 0.642578125 0.88359375 0.6458333333333334 0.87265625 0.65234375 0.86484375 0.6569010416666666 0.84296875 0.6569010416666666 0.82421875 0.6529947916666666 0.81015625 0.638671875 0.7984375 0.59765625 0.77890625 0.5885416666666666 0.78046875
1 0.7233072916666666 0.68984375 0.7239583333333334 0.70546875 0.7493489583333334 0.7359375 0.75390625 0.75234375 0.7643229166666666 0.7734375 0.8020833333333334 0.80703125 0.8151041666666666 0.81171875 0.841796875 0.8125 0.8541666666666666 0.80859375 0.873046875 0.79296875 0.880859375 0.77265625 0.8899739583333334 0.728125 0.8880208333333334 0.6796875 0.890625 0.66484375 0.876953125 0.65 0.8483072916666666 0.6359375 0.8079427083333334 0.63203125 0.7786458333333334 0.6359375 0.7623697916666666 0.64609375
1 0.7395833333333334 0.8890625 0.7408854166666666 0.95 0.75 0.9703125 0.76171875 0.97890625 0.8268229166666666 0.9671875 0.8587239583333334 0.94375 0.8704427083333334 0.93203125 0.8723958333333334 0.92578125 0.8626302083333334 0.88359375 0.85546875 0.865625 0.84765625 0.8609375 0.8131510416666666 0.85546875 0.8001302083333334 0.84765625 0.78125 0.8234375 0.763671875 0.8140625 0.7545572916666666 0.8171875 0.75 0.82734375