0 0.19140625 0.0640625 0.18880208333333334 0.07734375 0.1953125 0.09296875 0.19921875 0.1125 0.20963541666666666 0.1296875 0.22135416666666666 0.140625 0.25390625 0.134375 0.283203125 0.12109375 0.291015625 0.1140625 0.296875 0.10078125 0.2975260416666667 0.071875 0.29296875 0.05625 0.2890625 0.05078125 0.2721354166666667 0.04296875 0.24348958333333334 0.03984375 0.22721354166666666 0.046875 0.21549479166666666 0.0484375
0 0.4544270833333333 0.1328125 0.4563802083333333 0.159375 0.4915364583333333 0.18515625 0.5325520833333334 0.1890625 0.5416666666666666 0.1859375 0.5481770833333334 0.175 0.5494791666666666 0.1546875 0.544921875 0.1234375 0.5338541666666666 0.1046875 0.51171875 0.0828125 0.4915364583333333 0.075 0.4772135416666667 0.0796875
0 0.5768229166666666 0.10234375 0.576171875 0.109375 0.580078125 0.11640625 0.599609375 0.12890625 0.6302083333333334 0.13984375 0.6432291666666666 0.1328125 0.65625 0.115625 0.6705729166666666 0.07734375 0.6653645833333334 0.0640625 0.6575520833333334 0.05703125 0.6458333333333334 0.05390625 0.6295572916666666 0.04296875 0.6197916666666666 0.0421875 0.611328125 0.04921875 0.5807291666666666 0.09140625
0 0.8157552083333334 0.17734375 0.8157552083333334 0.19765625 0.8229166666666666 0.2109375 0.8522135416666666 0.25 0.869140625 0.2578125 0.8795572916666666 0.25625 0.9205729166666666 0.2296875 0.9388020833333334 0.21171875 0.9576822916666666 0.1984375 0.9654947916666666 0.1859375 0.9635416666666666 0.16796875 0.9479166666666666 0.14921875 0.873046875 0.13125 0.8515625 0.11796875 0.8424479166666666 0.11640625 0.8216145833333334 0.134375
0 0.6946614583333334 0.27734375 0.6940104166666666 0.3 0.6966145833333334 0.31015625 0.703125 0.31796875 0.7194010416666666 0.32890625 0.7552083333333334 0.33359375 0.7669270833333334 0.3234375 0.7727864583333334 0.31015625 0.7740885416666666 0.29765625 0.7708333333333334 0.29140625 0.7526041666666666 0.28515625 0.7428385416666666 0.278125 0.7337239583333334 0.2765625 0.724609375 0.2703125 0.6998697916666666 0.2640625 0.6959635416666666 0.26875
0 0.7395833333333334 0.140625 0.7408854166666666 0.159375 0.7513020833333334 0.17890625 0.7578125 0.18515625 0.771484375 0.1921875 0.7877604166666666 0.19453125 0.8001302083333334 0.1921875 0.806640625 0.1859375 0.8138020833333334 0.16015625 0.8131510416666666 0.14296875 0.7962239583333334 0.11953125 0.7819010416666666 0.1078125 0.7662760416666666 0.10546875 0.7526041666666666 0.11171875 0.7434895833333334 0.12265625
0 0.6666666666666666 0.10703125 0.6673177083333334 0.12890625 0.6725260416666666 0.1390625 0.681640625 0.14296875 0.69921875 0.140625 0.7350260416666666 0.1203125 0.7493489583333334 0.10703125 0.7571614583333334 0.08828125 0.7552083333333334 0.0640625 0.7350260416666666 0.0453125 0.7278645833333334 0.0421875 0.712890625 0.04296875 0.6959635416666666 0.05390625 0.681640625 0.06796875 0.673828125 0.08203125
0 0.5345052083333334 0.3609375 0.53515625 0.37734375 0.5423177083333334 0.4 0.5657552083333334 0.40390625 0.5813802083333334 0.40078125 0.5826822916666666 0.38671875 0.587890625 0.3765625 0.587890625 0.36796875 0.5826822916666666 0.34453125 0.5774739583333334 0.33515625 0.5540364583333334 0.34140625
0 0.5143229166666666 0.26171875 0.513671875 0.2734375 0.517578125 0.28359375 0.5416666666666666 0.3046875 0.5611979166666666 0.3046875 0.568359375 0.30078125 0.572265625 0.29375 0.5729166666666666 0.28671875 0.568359375 0.271875 0.5533854166666666 0.2546875 0.5208333333333334 0.253125
0 0.3326822916666667 0.23125 0.3313802083333333 0.24765625 0.3352864583333333 0.26796875 0.3489583333333333 0.2875 0.3665364583333333 0.284375 0.3795572916666667 0.27578125 0.38671875 0.26640625 0.3854166666666667 0.24375 0.365234375 0.21171875 0.359375 0.21015625 0.3522135416666667 0.21328125 0.3372395833333333 0.2234375
0 0.416015625 0.41328125 0.4173177083333333 0.4453125 0.42578125 0.45859375 0.4381510416666667 0.46171875 0.4557291666666667 0.44921875 0.46484375 0.44921875 0.4733072916666667 0.44140625 0.4765625 0.3546875 0.474609375 0.34609375 0.4700520833333333 0.340625 0.455078125 0.33359375 0.4388020833333333 0.33671875 0.4303385416666667 0.34453125 0.4205729166666667 0.36953125
0 0.2890625 0.3546875 0.2897135416666667 0.36953125 0.302734375 0.37578125 0.3170572916666667 0.37578125 0.337890625 0.36640625 0.3567708333333333 0.3484375 0.3671875 0.334375 0.369140625 0.32421875 0.3665364583333333 0.296875 0.3626302083333333 0.29375 0.3515625 0.29453125 0.3444010416666667 0.28046875 0.333984375 0.2734375 0.3098958333333333 0.31015625 0.3033854166666667 0.33125
0 0.17252604166666666 0.3140625 0.171875 0.334375 0.18489583333333334 0.35625 0.212890625 0.37734375 0.228515625 0.375 0.24869791666666666 0.359375 0.2630208333333333 0.33828125 0.263671875 0.32421875 0.2578125 0.29765625 0.2591145833333333 0.26796875 0.2565104166666667 0.25859375 0.24739583333333334 0.25390625 0.2109375 0.26875 0.18489583333333334 0.2921875
0 0.17122395833333334 0.78125 0.17057291666666666 0.80859375 0.173828125 0.81875 0.19075520833333334 0.83671875 0.20182291666666666 0.840625 0.22786458333333334 0.8203125 0.23763020833333334 0.79765625 0.23958333333333334 0.77109375 0.23763020833333334 0.76484375 0.232421875 0.76015625 0.19921875 0.75 0.17838541666666666 0.765625
0 0.109375 0.5734375 0.11263020833333333 0.59140625 0.12565104166666666 0.6078125 0.142578125 0.65 0.15364583333333334 0.6515625 0.16471354166666666 0.6484375 0.185546875 0.63984375 0.19596354166666666 0.63046875 0.19986979166666666 0.61640625 0.19921875 0.58046875 0.197265625 0.5734375 0.1875 0.56328125 0.16080729166666666 0.55546875 0.14127604166666666 0.55546875 0.11783854166666667 0.56328125 0.11263020833333333 0.56640625
0 0.14322916666666666 0.69140625 0.14192708333333334 0.6984375 0.14583333333333334 0.7078125 0.16015625 0.72265625 0.18033854166666666 0.72421875 0.19986979166666666 0.71875 0.205078125 0.71171875 0.20638020833333334 0.69921875 0.21223958333333334 0.68203125 0.21158854166666666 0.6640625 0.19986979166666666 0.6359375 0.19596354166666666 0.6328125 0.18815104166666666 0.64140625 0.17838541666666666 0.6453125 0.1640625 0.65703125
0 0.115234375 0.721875 0.11458333333333333 0.734375 0.11783854166666667 0.75234375 0.12239583333333333 0.76015625 0.14388020833333334 0.76796875 0.16536458333333334 0.76640625 0.16796875 0.76015625 0.17057291666666666 0.72734375 0.15364583333333334 0.71953125 0.14453125 0.70859375 0.13997395833333334 0.69765625 0.13541666666666666 0.696875 0.12565104166666666 0.70234375
0 0.2942708333333333 0.6921875 0.2923177083333333 0.73359375 0.2955729166666667 0.759375 0.3235677083333333 0.78359375 0.3372395833333333 0.78046875 0.3541666666666667 0.7640625 0.36328125 0.75 0.3645833333333333 0.7328125 0.359375 0.7046875 0.341796875 0.68125 0.3326822916666667 0.675 0.3229166666666667 0.67265625 0.310546875 0.67421875 0.3020833333333333 0.67890625
0 0.4270833333333333 0.578125 0.423828125 0.60390625 0.4270833333333333 0.640625 0.4322916666666667 0.64921875 0.44140625 0.65546875 0.4759114583333333 0.6703125 0.4928385416666667 0.671875 0.50390625 0.66328125 0.5130208333333334 0.6453125 0.5208333333333334 0.640625 0.525390625 0.63359375 0.5260416666666666 0.621875 0.5227864583333334 0.61484375 0.5032552083333334 0.5953125 0.4817708333333333 0.55 0.4739583333333333 0.5421875 0.451171875 0.53359375 0.4420572916666667 0.5359375 0.435546875 0.54375
0 0.5475260416666666 0.4953125 0.54296875 0.54921875 0.5520833333333334 0.5515625 0.578125 0.546875 0.5826822916666666 0.53984375 0.5852864583333334 0.51875 0.5852864583333334 0.47265625 0.5826822916666666 0.46484375 0.5716145833333334 0.46171875 0.5618489583333334 0.46640625 0.5533854166666666 0.47578125
0 0.6087239583333334 0.46484375 0.6080729166666666 0.490625 0.6145833333333334 0.503125 0.623046875 0.51171875 0.638671875 0.5109375 0.6484375 0.51640625 0.654296875 0.51640625 0.6712239583333334 0.50390625 0.6783854166666666 0.49296875 0.6770833333333334 0.484375 0.6647135416666666 0.47265625 0.654296875 0.45078125 0.64453125 0.44140625 0.619140625 0.4421875
0 0.6692708333333334 0.53984375 0.6686197916666666 0.553125 0.6803385416666666 0.56953125 0.685546875 0.58203125 0.7018229166666666 0.59140625 0.7135416666666666 0.59375 0.7239583333333334 0.5859375 0.7395833333333334 0.53671875 0.7311197916666666 0.5171875 0.7122395833333334 0.49453125 0.7005208333333334 0.4859375 0.6927083333333334 0.48515625 0.6829427083333334 0.490625 0.677734375 0.51796875
0 0.7975260416666666 0.6265625 0.7962239583333334 0.63515625 0.7981770833333334 0.640625 0.8216145833333334 0.67421875 0.8307291666666666 0.6796875 0.8385416666666666 0.68046875 0.853515625 0.67109375 0.8561197916666666 0.659375 0.8541666666666666 0.64453125 0.849609375 0.6296875 0.841796875 0.61796875 0.822265625 0.6140625 0.8046875 0.61953125
0 0.7825520833333334 0.728125 0.783203125 0.746875 0.7916666666666666 0.75859375 0.8138020833333334 0.765625 0.8274739583333334 0.765625 0.830078125 0.76328125 0.8287760416666666 0.73515625 0.8255208333333334 0.72421875 0.8209635416666666 0.71875 0.7962239583333334 0.71015625 0.7858072916666666 0.71796875
0 0.7584635416666666 0.83125 0.7545572916666666 0.840625 0.7545572916666666 0.8625 0.7747395833333334 0.8890625 0.779296875 0.90078125 0.7877604166666666 0.90234375 0.7936197916666666 0.9015625 0.794921875 0.8984375 0.8118489583333334 0.89765625 0.8326822916666666 0.90859375 0.8548177083333334 0.89765625 0.8678385416666666 0.884375 0.8665364583333334 0.8734375 0.84765625 0.846875 0.837890625 0.84453125 0.8313802083333334 0.84765625 0.8151041666666666 0.86484375 0.80859375 0.86640625 0.7942708333333334 0.82890625 0.7845052083333334 0.81875 0.7747395833333334 0.8171875
0 0.6263020833333334 0.73203125 0.6256510416666666 0.7703125 0.6263020833333334 0.7828125 0.62890625 0.78671875 0.6360677083333334 0.79296875 0.6731770833333334 0.78984375 0.6790364583333334 0.7796875 0.6770833333333334 0.7484375 0.662109375 0.73359375 0.6471354166666666 0.73046875 0.63671875 0.7203125 0.6302083333333334 0.72109375
0 0.755859375 0.84140625 0.755859375 0.86484375 0.7721354166666666 0.88515625 0.7897135416666666 0.890625 0.7955729166666666 0.88828125 0.8053385416666666 0.87578125 0.806640625 0.86875 0.802734375 0.8484375 0.7936197916666666 0.82890625 0.783203125 0.81953125 0.7727864583333334 0.81875 0.7584635416666666 0.8328125
0 0.50390625 0.72265625 0.5032552083333334 0.7375 0.505859375 0.74296875 0.53515625 0.7578125 0.54296875 0.75546875 0.55078125 0.74375 0.5625 0.7375 0.5677083333333334 0.72421875 0.5611979166666666 0.7 0.5501302083333334 0.68515625 0.5416666666666666 0.68046875 0.5247395833333334 0.6875 0.5149739583333334 0.69921875
0 0.4147135416666667 0.828125 0.4140625 0.8625 0.41796875 0.8796875 0.4290364583333333 0.89453125 0.431640625 0.9078125 0.4375 0.915625 0.4427083333333333 0.91953125 0.4524739583333333 0.91875 0.4596354166666667 0.9109375 0.470703125 0.884375 0.47265625 0.86875 0.4791666666666667 0.8546875 0.4817708333333333 0.82890625 0.4674479166666667 0.80078125 0.4427083333333333 0.79296875 0.435546875 0.79296875 0.4251302083333333 0.7984375 0.419921875 0.82109375
0 0.2884114583333333 0.86015625 0.2884114583333333 0.88515625 0.2897135416666667 0.89140625 0.2942708333333333 0.89609375 0.3098958333333333 0.896875 0.3326822916666667 0.90703125 0.353515625 0.90546875 0.359375 0.89921875 0.361328125 0.87578125 0.359375 0.8703125 0.3522135416666667 0.8640625 0.3313802083333333 0.8546875 0.3138020833333333 0.85078125 0.3046875 0.85078125
0 0.5260416666666666 0.85546875 0.5221354166666666 0.89296875 0.525390625 0.91328125 0.5377604166666666 0.921875 0.556640625 0.91953125 0.5677083333333334 0.90546875 0.5677083333333334 0.89375 0.564453125 0.884375 0.5572916666666666 0.8734375 0.5358072916666666 0.85390625
0 0.5950520833333334 0.8828125 0.5944010416666666 0.89453125 0.6009114583333334 0.90390625 0.6217447916666666 0.9125 0.6263020833333334 0.90859375 0.630859375 0.8859375 0.6184895833333334 0.85390625 0.6119791666666666 0.85234375 0.6041666666666666 0.85703125