1 0.17708333333333334 0.1109375 0.17513020833333334 0.12265625 0.18489583333333334 0.1765625 0.18880208333333334 0.184375 0.19856770833333334 0.19375 0.23307291666666666 0.190625 0.24869791666666666 0.18359375 0.2643229166666667 0.171875 0.2649739583333333 0.1359375 0.2584635416666667 0.11015625 0.22265625 0.1 0.185546875 0.0984375
1 0.04296875 0.05234375 0.042317708333333336 0.06796875 0.045572916666666664 0.08125 0.0703125 0.11796875 0.10872395833333333 0.134375 0.11588541666666667 0.13359375 0.12369791666666667 0.125 0.12434895833333333 0.115625 0.10872395833333333 0.078125 0.10221354166666667 0.06953125 0.068359375 0.04765625 0.050130208333333336 0.04375
1 0.4752604166666667 0.078125 0.4752604166666667 0.08828125 0.478515625 0.096875 0.498046875 0.115625 0.5052083333333334 0.1328125 0.525390625 0.146875 0.5364583333333334 0.1390625 0.5397135416666666 0.12734375 0.537109375 0.0796875 0.53125 0.06484375 0.5227864583333334 0.0609375 0.5052083333333334 0.06328125 0.482421875 0.0703125
1 0.2858072916666667 0.34375 0.2858072916666667 0.3875 0.3001302083333333 0.415625 0.306640625 0.4140625 0.3287760416666667 0.38828125 0.337890625 0.38359375 0.3756510416666667 0.38359375 0.3938802083333333 0.375 0.4075520833333333 0.3625 0.4140625 0.34296875 0.4147135416666667 0.334375 0.4088541666666667 0.3171875 0.4192708333333333 0.28359375 0.41796875 0.26796875 0.4147135416666667 0.26015625 0.4010416666666667 0.24453125 0.38671875 0.2375 0.373046875 0.23828125 0.3444010416666667 0.25 0.3313802083333333 0.2640625 0.31640625 0.28671875 0.3098958333333333 0.30234375 0.2890625 0.31953125
1 0.20442708333333334 0.28046875 0.20572916666666666 0.31015625 0.19791666666666666 0.34921875 0.19856770833333334 0.35859375 0.212890625 0.3625 0.23177083333333334 0.3609375 0.236328125 0.35390625 0.24153645833333334 0.32421875 0.24088541666666666 0.278125 0.23502604166666666 0.271875 0.22135416666666666 0.27109375 0.20833333333333334 0.2734375
1 0.15234375 0.415625 0.15234375 0.4625 0.173828125 0.5046875 0.18033854166666666 0.5125 0.201171875 0.5265625 0.22330729166666666 0.53046875 0.23958333333333334 0.52890625 0.24088541666666666 0.5234375 0.236328125 0.50546875 0.23567708333333334 0.471875 0.21875 0.4171875 0.21158854166666666 0.41328125 0.1875 0.4125 0.16471354166666666 0.39921875 0.15559895833333334 0.40234375
1 0.212890625 0.6671875 0.212890625 0.68203125 0.22005208333333334 0.70234375 0.23372395833333334 0.728125 0.24609375 0.7375 0.2526041666666667 0.7390625 0.2643229166666667 0.75 0.3125 0.73828125 0.3216145833333333 0.72734375 0.3365885416666667 0.69609375 0.3372395833333333 0.68828125 0.3177083333333333 0.6234375 0.3053385416666667 0.60546875 0.2975260416666667 0.60078125 0.2591145833333333 0.60859375 0.24088541666666666 0.621875 0.23111979166666666 0.63671875 0.22330729166666666 0.65859375
1 0.13541666666666666 0.66796875 0.13606770833333334 0.6765625 0.14713541666666666 0.6859375 0.17252604166666666 0.70234375 0.18489583333333334 0.70234375 0.19401041666666666 0.6921875 0.21484375 0.6578125 0.216796875 0.64140625 0.2109375 0.61484375 0.18619791666666666 0.5984375 0.173828125 0.6015625 0.14713541666666666 0.64296875
1 0.4244791666666667 0.521875 0.423828125 0.52578125 0.4290364583333333 0.534375 0.4446614583333333 0.55 0.4544270833333333 0.5546875 0.4856770833333333 0.5171875 0.48828125 0.50859375 0.4876302083333333 0.49921875 0.4798177083333333 0.49140625 0.4596354166666667 0.48671875 0.435546875 0.5078125
1 0.4505208333333333 0.61640625 0.4505208333333333 0.62734375 0.4375 0.67421875 0.4381510416666667 0.68046875 0.4635416666666667 0.703125 0.4811197916666667 0.7140625 0.5091145833333334 0.7265625 0.5188802083333334 0.7265625 0.5397135416666666 0.69765625 0.5546875 0.66875 0.560546875 0.6484375 0.5592447916666666 0.64375 0.546875 0.6359375 0.5188802083333334 0.63046875 0.4713541666666667 0.6125 0.4524739583333333 0.6125
1 0.5234375 0.52578125 0.517578125 0.54296875 0.517578125 0.55078125 0.5188802083333334 0.55703125 0.5299479166666666 0.56484375 0.5442708333333334 0.56875 0.5618489583333334 0.58125 0.6341145833333334 0.590625 0.6497395833333334 0.58828125 0.671875 0.5796875 0.7096354166666666 0.575 0.76171875 0.54765625 0.767578125 0.53671875 0.7662760416666666 0.53125 0.751953125 0.51953125 0.744140625 0.50703125 0.7272135416666666 0.46484375 0.6647135416666666 0.45625 0.646484375 0.45625 0.6184895833333334 0.4625 0.59765625 0.4609375 0.5852864583333334 0.45546875 0.5657552083333334 0.453125 0.5462239583333334 0.48046875
1 0.5084635416666666 0.3375 0.5078125 0.3546875 0.509765625 0.36015625 0.5227864583333334 0.37265625 0.5403645833333334 0.38046875 0.5533854166666666 0.384375 0.56640625 0.38203125 0.578125 0.36328125 0.580078125 0.34375 0.5774739583333334 0.33671875 0.5735677083333334 0.33125 0.556640625 0.3234375 0.541015625 0.32109375 0.529296875 0.32421875 0.51171875 0.33046875
1 0.509765625 0.21015625 0.5182291666666666 0.25234375 0.525390625 0.27265625 0.529296875 0.27578125 0.5462239583333334 0.27578125 0.5625 0.271875 0.591796875 0.27265625 0.603515625 0.2625 0.6106770833333334 0.2484375 0.6119791666666666 0.23046875 0.6080729166666666 0.2140625 0.6002604166666666 0.209375 0.5787760416666666 0.20546875 0.5755208333333334 0.2 0.57421875 0.1828125 0.5703125 0.17890625 0.560546875 0.18046875 0.54296875 0.1921875 0.5143229166666666 0.20234375
1 0.6315104166666666 0.16484375 0.6321614583333334 0.17265625 0.654296875 0.19765625 0.6627604166666666 0.20234375 0.6783854166666666 0.2046875 0.6901041666666666 0.184375 0.689453125 0.1765625 0.6809895833333334 0.16796875 0.67578125 0.15703125 0.669921875 0.15390625 0.6477864583333334 0.15625 0.634765625 0.1609375
1 0.7421875 0.08203125 0.7415364583333334 0.08515625 0.7701822916666666 0.15 0.7897135416666666 0.1546875 0.798828125 0.146875 0.802734375 0.1296875 0.818359375 0.1 0.8255208333333334 0.0734375 0.8111979166666666 0.0640625 0.76171875 0.04921875 0.7513020833333334 0.05859375
1 0.8135026041666666 0.14588359374999998 0.8141536458333333 0.16697734375 0.8226171875 0.17869609375 0.8421484375 0.18494609374999998 0.8701432291666666 0.18025859375 0.8844661458333333 0.18338359375 0.8955338541666666 0.18182109375 0.9026953125 0.17791484375 0.9085546875 0.16697734375 0.9105078125 0.13260234375 0.9085546875 0.11072734375 0.9052994791666666 0.10525859374999999 0.8896744791666666 0.09822734375 0.8395442708333333 0.09275859374999999 0.8356380208333333 0.09588359375
1 0.6451822916666666 0.78984375 0.6477864583333334 0.80234375 0.6744791666666666 0.8359375 0.7493489583333334 0.8546875 0.7623697916666666 0.8546875 0.8040364583333334 0.8359375 0.8111979166666666 0.82890625 0.8138020833333334 0.8203125 0.8131510416666666 0.790625 0.802734375 0.76796875 0.78515625 0.7578125 0.740234375 0.75 0.7174479166666666 0.74140625 0.6881510416666666 0.7546875 0.6516927083333334 0.78125
1 0.4759114583333333 0.86015625 0.4765625 0.92421875 0.482421875 0.93203125 0.4973958333333333 0.94296875 0.5520833333333334 0.953125 0.55859375 0.95703125 0.57421875 0.97734375 0.58203125 0.98125 0.58984375 0.98046875 0.6139322916666666 0.96640625 0.6328125 0.95 0.6236979166666666 0.90859375 0.6087239583333334 0.8703125 0.5989583333333334 0.85625 0.5729166666666666 0.83984375 0.560546875 0.82578125 0.5462239583333334 0.8203125 0.537109375 0.8203125 0.5143229166666666 0.82734375 0.4973958333333333 0.834375 0.4856770833333333 0.84296875
1 0.6673177083333334 0.90390625 0.666015625 0.91796875 0.66796875 0.92734375 0.6842447916666666 0.9328125 0.7213541666666666 0.93203125 0.732421875 0.9140625 0.7233072916666666 0.8796875 0.7200520833333334 0.87578125 0.6796875 0.8890625 0.671875 0.8953125
1 0.76171875 0.61953125 0.76171875 0.646875 0.7682291666666666 0.65390625 0.78515625 0.64765625 0.796875 0.6375 0.8033854166666666 0.6265625 0.8001302083333334 0.60234375 0.7936197916666666 0.596875 0.7669270833333334 0.60390625
1 0.3033854166666667 0.07578125 0.3046875 0.084375 0.3111979166666667 0.09453125 0.3391927083333333 0.1609375 0.3509114583333333 0.16875 0.3587239583333333 0.16796875 0.365234375 0.15859375 0.3671875 0.15 0.357421875 0.1078125 0.3522135416666667 0.1015625 0.333984375 0.09765625 0.3079427083333333 0.07421875