1 0.2578125 0.37578125 0.24283854166666666 0.39375 0.24283854166666666 0.40390625 0.25 0.43046875 0.2708333333333333 0.4703125 0.28515625 0.47734375 0.3020833333333333 0.478125 0.3346354166666667 0.45703125 0.3424479166666667 0.4421875 0.3424479166666667 0.42890625 0.337890625 0.41953125 0.3040364583333333 0.38125 0.2838541666666667 0.36484375 0.2740885416666667 0.365625
1 0.053385416666666664 0.2234375 0.052734375 0.24296875 0.0546875 0.24921875 0.08203125 0.28671875 0.11979166666666667 0.30078125 0.13346354166666666 0.28984375 0.13346354166666666 0.28203125 0.11588541666666667 0.2390625 0.08072916666666667 0.21640625 0.059895833333333336 0.215625
1 0.3170572916666667 0.12421875 0.31640625 0.14765625 0.3196614583333333 0.159375 0.3606770833333333 0.21796875 0.3684895833333333 0.221875 0.3873697916666667 0.21875 0.40234375 0.209375 0.4016927083333333 0.19375 0.3951822916666667 0.175 0.3841145833333333 0.16640625 0.376953125 0.153125 0.375 0.12421875 0.3658854166666667 0.10546875 0.35546875 0.10390625 0.341796875 0.1078125
1 0.4368489583333333 0.2234375 0.4368489583333333 0.2515625 0.4459635416666667 0.28359375 0.4485677083333333 0.28671875 0.462890625 0.28359375 0.474609375 0.26875 0.4811197916666667 0.24609375 0.4876302083333333 0.2453125 0.4895833333333333 0.2421875 0.4915364583333333 0.2296875 0.4837239583333333 0.2171875 0.4720052083333333 0.2109375 0.466796875 0.2046875 0.4427083333333333 0.1953125 0.4381510416666667 0.2
1 0.5423177083333334 0.24765625 0.5397135416666666 0.28671875 0.54296875 0.29609375 0.5709635416666666 0.32421875 0.6022135416666666 0.34453125 0.6106770833333334 0.36484375 0.6165364583333334 0.36953125 0.6412760416666666 0.37109375 0.6516927083333334 0.36796875 0.69921875 0.33046875 0.7057291666666666 0.3203125 0.7057291666666666 0.3046875 0.7005208333333334 0.28046875 0.6920572916666666 0.26796875 0.6822916666666666 0.2609375 0.6705729166666666 0.25859375 0.6484375 0.26328125 0.6256510416666666 0.26015625 0.6204427083333334 0.25546875 0.6087239583333334 0.23203125 0.6048177083333334 0.22734375 0.5963541666666666 0.22421875 0.5533854166666666 0.22421875 0.5442708333333334 0.234375
1 0.59375 0.1046875 0.59375 0.1109375 0.6061197916666666 0.1453125 0.6015625 0.1671875 0.6022135416666666 0.18828125 0.6087239583333334 0.19765625 0.63671875 0.21640625 0.6510416666666666 0.221875 0.6647135416666666 0.22109375 0.6953125 0.1703125 0.7233072916666666 0.08046875 0.7265625 0.05 0.716796875 0.0359375 0.7102864583333334 0.0328125 0.6946614583333334 0.03203125 0.6686197916666666 0.040625 0.6256510416666666 0.059375 0.60546875 0.07421875 0.6015625 0.0796875
1 0.7545572916666666 0.2453125 0.75390625 0.253125 0.7819010416666666 0.3140625 0.7884114583333334 0.31875 0.7994791666666666 0.31953125 0.806640625 0.3171875 0.8138020833333334 0.31015625 0.837890625 0.24453125 0.8313802083333334 0.23828125 0.8177083333333334 0.2328125 0.7734375 0.225 0.7623697916666666 0.23359375
1 0.8229166666666666 0.31171875 0.8229166666666666 0.3328125 0.8274739583333334 0.34296875 0.8333333333333334 0.34921875 0.8548177083333334 0.3578125 0.8795572916666666 0.3515625 0.9075520833333334 0.3515625 0.9147135416666666 0.346875 0.921875 0.33515625 0.9153645833333334 0.3171875 0.9192708333333334 0.31015625 0.9205729166666666 0.3 0.9186197916666666 0.28125 0.9114583333333334 0.26953125 0.900390625 0.26640625 0.8483072916666666 0.259375
1 0.5944010416666666 0.4328125 0.5930989583333334 0.44375 0.607421875 0.48125 0.6100260416666666 0.5046875 0.6145833333333334 0.51015625 0.6197916666666666 0.509375 0.62890625 0.4984375 0.638671875 0.4953125 0.6608072916666666 0.5046875 0.6744791666666666 0.5015625 0.6796875 0.49765625 0.6920572916666666 0.47734375 0.6920572916666666 0.4734375 0.6790364583333334 0.45703125 0.6822916666666666 0.4375 0.6634114583333334 0.42734375 0.6380208333333334 0.403125 0.6282552083333334 0.40234375 0.6126302083333334 0.4109375 0.6002604166666666 0.42265625
1 0.6100260416666666 0.6328125 0.6080729166666666 0.6546875 0.6184895833333334 0.67421875 0.6373697916666666 0.6875 0.654296875 0.7140625 0.6985677083333334 0.73984375 0.7278645833333334 0.7703125 0.7415364583333334 0.76796875 0.77734375 0.74921875 0.796875 0.75078125 0.8014322916666666 0.74765625 0.80078125 0.74140625 0.7897135416666666 0.71796875 0.7565104166666666 0.66953125 0.748046875 0.65 0.7252604166666666 0.628125 0.6861979166666666 0.57734375 0.654296875 0.54921875 0.6471354166666666 0.546875 0.6399739583333334 0.55 0.625 0.571875
1 0.375 0.4078125 0.3756510416666667 0.415625 0.3854166666666667 0.4296875 0.396484375 0.43359375 0.4069010416666667 0.43203125 0.4309895833333333 0.41953125 0.447265625 0.40390625 0.4459635416666667 0.3828125 0.435546875 0.3625 0.4290364583333333 0.359375 0.421875 0.36015625 0.3951822916666667 0.375
1 0.3118489583333333 0.23515625 0.3274739583333333 0.28203125 0.3444010416666667 0.31796875 0.35546875 0.3265625 0.3658854166666667 0.325 0.373046875 0.3140625 0.3658854166666667 0.271875 0.3587239583333333 0.2640625 0.3515625 0.2640625 0.341796875 0.25859375 0.3326822916666667 0.246875 0.314453125 0.2328125
1 0.677734375 0.37421875 0.6783854166666666 0.40078125 0.6848958333333334 0.4046875 0.720703125 0.38515625 0.734375 0.3703125 0.734375 0.36484375 0.7252604166666666 0.34921875 0.7161458333333334 0.34296875 0.685546875 0.3546875 0.6790364583333334 0.365625
1 0.271484375 0.5703125 0.2708333333333333 0.58125 0.2734375 0.584375 0.33203125 0.61875 0.3372395833333333 0.615625 0.349609375 0.5890625 0.34765625 0.58125 0.3424479166666667 0.57734375 0.29296875 0.55625 0.2766927083333333 0.56015625
1 0.21223958333333334 0.69765625 0.21614583333333334 0.740625 0.22330729166666666 0.7765625 0.22916666666666666 0.79296875 0.248046875 0.809375 0.2591145833333333 0.80859375 0.2688802083333333 0.8 0.2760416666666667 0.77109375 0.2903645833333333 0.75703125 0.2955729166666667 0.74453125 0.294921875 0.740625 0.2649739583333333 0.6953125 0.2513020833333333 0.67109375 0.24739583333333334 0.65859375 0.24088541666666666 0.6515625 0.22005208333333334 0.6796875
1 0.09049479166666667 0.86953125 0.09114583333333333 0.88515625 0.09830729166666667 0.91015625 0.10286458333333333 0.91953125 0.11458333333333333 0.928125 0.12434895833333333 0.92890625 0.14778645833333334 0.921875 0.16471354166666666 0.91328125 0.16796875 0.9078125 0.16796875 0.871875 0.162109375 0.84296875 0.15625 0.8359375 0.13411458333333334 0.840625 0.11588541666666667 0.8515625 0.1015625 0.8546875 0.09440104166666667 0.8609375
1 0.3997395833333333 0.70078125 0.3951822916666667 0.7234375 0.3958333333333333 0.7328125 0.4114583333333333 0.753125 0.4166666666666667 0.76953125 0.4212239583333333 0.77578125 0.4446614583333333 0.79453125 0.44921875 0.82421875 0.455078125 0.83515625 0.46484375 0.8328125 0.4817708333333333 0.8109375 0.494140625 0.80390625 0.505859375 0.790625 0.5091145833333334 0.7828125 0.51171875 0.74375 0.5045572916666666 0.68828125 0.498046875 0.66953125 0.4765625 0.64375 0.4537760416666667 0.63125 0.427734375 0.6328125 0.421875 0.6359375 0.4147135416666667 0.65 0.4140625 0.67109375 0.4088541666666667 0.68828125
1 0.552734375 0.83046875 0.5533854166666666 0.8859375 0.5559895833333334 0.90859375 0.560546875 0.91875 0.59765625 0.92890625 0.6256510416666666 0.9265625 0.6419270833333334 0.92109375 0.6432291666666666 0.90390625 0.630859375 0.8765625 0.6236979166666666 0.82109375 0.6119791666666666 0.79921875 0.5904947916666666 0.79765625 0.5813802083333334 0.8 0.568359375 0.81015625 0.556640625 0.8109375
1 0.7747395833333334 0.7796875 0.7734375 0.8109375 0.775390625 0.81875 0.7805989583333334 0.82265625 0.7962239583333334 0.81796875 0.8157552083333334 0.8 0.8138020833333334 0.77890625 0.8072916666666666 0.77109375 0.7955729166666666 0.7703125 0.779296875 0.77421875
1 0.84375 0.05390625 0.8450520833333334 0.0859375 0.8528645833333334 0.09765625 0.8684895833333334 0.109375 0.880859375 0.1046875 0.9055989583333334 0.0765625 0.90234375 0.0671875 0.8756510416666666 0.03359375 0.8522135416666666 0.0375