1 0.216796875 0.08125 0.21614583333333334 0.09296875 0.22395833333333334 0.12578125 0.22265625 0.140625 0.23046875 0.15234375 0.24088541666666666 0.19296875 0.24934895833333334 0.20234375 0.26171875 0.20234375 0.267578125 0.19296875 0.2903645833333333 0.0953125 0.2936197916666667 0.04765625 0.275390625 0.03671875 0.244140625 0.03671875 0.23697916666666666 0.0421875
1 0.3424479166666667 0.11171875 0.341796875 0.15078125 0.3463541666666667 0.20234375 0.3509114583333333 0.21640625 0.376953125 0.2359375 0.3821614583333333 0.2546875 0.3873697916666667 0.26015625 0.421875 0.26640625 0.44921875 0.2625 0.4518229166666667 0.25625 0.451171875 0.23671875 0.4557291666666667 0.18515625 0.4518229166666667 0.175 0.4375 0.1609375 0.419921875 0.109375 0.4088541666666667 0.09453125 0.400390625 0.0921875 0.3828125 0.09765625 0.3483072916666667 0.1015625 0.34375 0.10546875
1 0.4069010416666667 0.3515625 0.4069010416666667 0.3765625 0.4140625 0.390625 0.4479166666666667 0.4015625 0.498046875 0.39140625 0.5084635416666666 0.36015625 0.5104166666666666 0.334375 0.509765625 0.29609375 0.501953125 0.26875 0.49609375 0.2609375 0.4876302083333333 0.25625 0.4700520833333333 0.2578125 0.4609375 0.26171875 0.4446614583333333 0.290625 0.42578125 0.31015625 0.4147135416666667 0.32734375
1 0.505859375 0.434375 0.505859375 0.45 0.5319010416666666 0.48046875 0.54296875 0.48515625 0.5540364583333334 0.4734375 0.5611979166666666 0.4546875 0.560546875 0.4484375 0.5520833333333334 0.4328125 0.5325520833333334 0.41015625 0.5227864583333334 0.403125 0.5182291666666666 0.403125
1 0.6764322916666666 0.3203125 0.6803385416666666 0.3375 0.7096354166666666 0.39375 0.7174479166666666 0.40234375 0.7389322916666666 0.4015625 0.7916666666666666 0.3859375 0.796875 0.38203125 0.802734375 0.36953125 0.802734375 0.359375 0.7975260416666666 0.340625 0.7701822916666666 0.2890625 0.7369791666666666 0.2671875 0.720703125 0.26875 0.6888020833333334 0.30234375
1 0.7708333333333334 0.5109375 0.7708333333333334 0.53046875 0.7760416666666666 0.54765625 0.7799479166666666 0.57890625 0.7962239583333334 0.621875 0.8190104166666666 0.63828125 0.8248697916666666 0.63828125 0.8430989583333334 0.62734375 0.8463541666666666 0.621875 0.84765625 0.61015625 0.845703125 0.58515625 0.8470052083333334 0.5578125 0.8352864583333334 0.50859375 0.814453125 0.48125 0.8079427083333334 0.4765625 0.802734375 0.4765625 0.7936197916666666 0.48203125 0.7734375 0.5046875
1 0.4303385416666667 0.5359375 0.4283854166666667 0.55390625 0.43359375 0.5609375 0.4609375 0.578125 0.4772135416666667 0.5796875 0.4895833333333333 0.56796875 0.5 0.5265625 0.4967447916666667 0.51796875 0.4759114583333333 0.49453125 0.46875 0.490625 0.455078125 0.48984375
1 0.20182291666666666 0.58828125 0.20182291666666666 0.63359375 0.21223958333333334 0.640625 0.24153645833333334 0.646875 0.2513020833333333 0.6453125 0.26171875 0.63359375 0.2766927083333333 0.59140625 0.2727864583333333 0.5671875 0.2649739583333333 0.54609375 0.26171875 0.54296875 0.2513020833333333 0.5421875 0.24088541666666666 0.546875 0.23307291666666666 0.5390625 0.224609375 0.53984375 0.20963541666666666 0.5484375 0.20377604166666666 0.56015625
1 0.15299479166666666 0.39453125 0.154296875 0.4140625 0.16080729166666666 0.434375 0.16927083333333334 0.44921875 0.19661458333333334 0.48046875 0.21028645833333334 0.4921875 0.24088541666666666 0.50859375 0.2890625 0.5140625 0.2936197916666667 0.5109375 0.3033854166666667 0.4859375 0.3079427083333333 0.459375 0.3072916666666667 0.44375 0.296875 0.425 0.24869791666666666 0.36875 0.23307291666666666 0.35859375 0.21158854166666666 0.3546875 0.1953125 0.37109375 0.15950520833333334 0.38671875
1 0.4798177083333333 0.6609375 0.48046875 0.66953125 0.5123697916666666 0.7125 0.525390625 0.734375 0.5475260416666666 0.7609375 0.5540364583333334 0.765625 0.5846354166666666 0.77578125 0.5924479166666666 0.77109375 0.6002604166666666 0.7578125 0.5930989583333334 0.7359375 0.5377604166666666 0.63515625 0.5234375 0.63515625
1 0.16666666666666666 0.75859375 0.166015625 0.76484375 0.17252604166666666 0.76953125 0.17838541666666666 0.7859375 0.17643229166666666 0.79453125 0.1796875 0.80546875 0.17317708333333334 0.82109375 0.17317708333333334 0.828125 0.1796875 0.84296875 0.18489583333333334 0.86796875 0.19075520833333334 0.8765625 0.19856770833333334 0.878125 0.21940104166666666 0.86640625 0.23177083333333334 0.85078125 0.24479166666666666 0.84375 0.2604166666666667 0.81640625 0.2766927083333333 0.796875 0.2884114583333333 0.76953125 0.283203125 0.73203125 0.2864583333333333 0.71484375 0.2727864583333333 0.69453125 0.2623697916666667 0.68828125 0.24544270833333334 0.68671875 0.23828125 0.6828125 0.21809895833333334 0.68671875 0.1953125 0.703125 0.185546875 0.71796875 0.18359375 0.72890625 0.17578125 0.74609375
1 0.3177083333333333 0.9140625 0.318359375 0.92421875 0.328125 0.93203125 0.376953125 0.94453125 0.412109375 0.959375 0.439453125 0.96640625 0.4459635416666667 0.9625 0.4537760416666667 0.946875 0.4772135416666667 0.9171875 0.48046875 0.89921875 0.4765625 0.89140625 0.4231770833333333 0.85859375 0.4055989583333333 0.84453125 0.3795572916666667 0.83671875 0.3678385416666667 0.84453125
1 0.7272135416666666 0.8171875 0.7265625 0.82578125 0.736328125 0.8578125 0.7552083333333334 0.88359375 0.787109375 0.90625 0.830078125 0.92578125 0.8587239583333334 0.946875 0.873046875 0.95390625 0.8782552083333334 0.95234375 0.8938802083333334 0.92578125 0.9036458333333334 0.91484375 0.9010416666666666 0.86484375 0.884765625 0.80390625 0.8326822916666666 0.7640625 0.82421875 0.7625 0.7779947916666666 0.77265625 0.7447916666666666 0.79609375
1 0.3196614583333333 0.58828125 0.3209635416666667 0.63125 0.3255208333333333 0.6609375 0.3313802083333333 0.6671875 0.341796875 0.6703125 0.3736979166666667 0.6609375 0.3815104166666667 0.63671875 0.3912760416666667 0.5796875 0.3919270833333333 0.53359375 0.3828125 0.53125 0.341796875 0.55546875 0.32421875 0.578125