0 0.24088541666666666 0.2390625 0.244140625 0.26484375 0.23763020833333334 0.2984375 0.25390625 0.3453125 0.2604166666666667 0.34921875 0.2682291666666667 0.34921875 0.2838541666666667 0.3390625 0.3040364583333333 0.31796875 0.306640625 0.303125 0.3033854166666667 0.2859375 0.2877604166666667 0.22578125 0.2799479166666667 0.21484375 0.2643229166666667 0.215625 0.2584635416666667 0.225 0.248046875 0.23046875
0 0.3014322916666667 0.0828125 0.3033854166666667 0.1078125 0.3170572916666667 0.13203125 0.337890625 0.153125 0.3450520833333333 0.15390625 0.3509114583333333 0.15078125 0.3561197916666667 0.14375 0.3561197916666667 0.1078125 0.3450520833333333 0.090625 0.3359375 0.06484375 0.328125 0.0578125 0.314453125 0.0609375 0.3072916666666667 0.06875
0 0.23697916666666666 0.08671875 0.23958333333333334 0.11328125 0.2552083333333333 0.1390625 0.2623697916666667 0.13828125 0.2766927083333333 0.11875 0.279296875 0.109375 0.2779947916666667 0.10078125 0.259765625 0.0765625 0.240234375 0.08125
0 0.189453125 0.0984375 0.19010416666666666 0.10859375 0.20638020833333334 0.1234375 0.22330729166666666 0.1234375 0.234375 0.115625 0.23697916666666666 0.11015625 0.234375 0.09140625 0.22395833333333334 0.08125 0.19856770833333334 0.08515625 0.19205729166666666 0.09140625
0 0.13346354166666666 0.3125 0.13151041666666666 0.321875 0.134765625 0.34765625 0.154296875 0.3765625 0.16015625 0.38046875 0.17578125 0.38046875 0.197265625 0.3671875 0.20182291666666666 0.35234375 0.20182291666666666 0.3359375 0.18619791666666666 0.3125 0.17317708333333334 0.3046875 0.15299479166666666 0.30625
0 0.06901041666666667 0.359375 0.068359375 0.36875 0.07291666666666667 0.3828125 0.08854166666666667 0.3953125 0.10611979166666667 0.39921875 0.11783854166666667 0.3828125 0.111328125 0.3484375 0.10611979166666667 0.34375 0.09505208333333333 0.340625 0.08268229166666667 0.34296875 0.07682291666666667 0.346875
0 0.09505208333333333 0.296875 0.091796875 0.3109375 0.09375 0.33203125 0.10091145833333333 0.3390625 0.11263020833333333 0.34296875 0.12109375 0.33125 0.125 0.31171875 0.12565104166666666 0.2890625 0.12109375 0.28359375 0.10481770833333333 0.28515625 0.09895833333333333 0.28828125
0 0.14908854166666666 0.45859375 0.14713541666666666 0.5046875 0.15559895833333334 0.509375 0.18489583333333334 0.50625 0.18880208333333334 0.49765625 0.19010416666666666 0.48515625 0.18359375 0.46328125 0.17513020833333334 0.45546875 0.15494791666666666 0.44765625 0.15104166666666666 0.44921875
0 0.24348958333333334 0.39375 0.24283854166666666 0.4078125 0.2513020833333333 0.421875 0.263671875 0.43515625 0.29296875 0.45234375 0.30078125 0.44765625 0.3151041666666667 0.41171875 0.3138020833333333 0.40078125 0.302734375 0.3828125 0.26171875 0.36640625 0.2571614583333333 0.3671875 0.25 0.375
0 0.11653645833333333 0.7859375 0.11783854166666667 0.82578125 0.12044270833333333 0.834375 0.125 0.83828125 0.15494791666666666 0.8390625 0.17122395833333334 0.828125 0.17838541666666666 0.81796875 0.17578125 0.78671875 0.17122395833333334 0.77890625 0.15559895833333334 0.775 0.134765625 0.775 0.123046875 0.77734375
0 0.19661458333333334 0.57578125 0.19596354166666666 0.5890625 0.20182291666666666 0.603125 0.2265625 0.6125 0.240234375 0.61171875 0.24869791666666666 0.6046875 0.2584635416666667 0.57734375 0.2662760416666667 0.5671875 0.2662760416666667 0.553125 0.2552083333333333 0.54296875 0.23763020833333334 0.5375 0.21419270833333334 0.55 0.20182291666666666 0.56484375
0 0.22265625 0.73359375 0.22135416666666666 0.76171875 0.23046875 0.76875 0.24153645833333334 0.7703125 0.2890625 0.75078125 0.2936197916666667 0.72734375 0.2747395833333333 0.7 0.2669270833333333 0.6953125 0.244140625 0.6984375 0.23372395833333334 0.703125 0.228515625 0.7109375
0 0.3463541666666667 0.60859375 0.34765625 0.67578125 0.3548177083333333 0.6796875 0.37890625 0.6796875 0.3984375 0.675 0.4036458333333333 0.62734375 0.4016927083333333 0.61640625 0.3958333333333333 0.60546875 0.3815104166666667 0.5921875 0.3717447916666667 0.590625 0.3515625 0.59921875
0 0.3359375 0.80703125 0.3372395833333333 0.825 0.3430989583333333 0.83671875 0.3515625 0.84140625 0.3704427083333333 0.8390625 0.375 0.8296875 0.380859375 0.7859375 0.3782552083333333 0.76953125 0.3678385416666667 0.76328125 0.3548177083333333 0.7671875 0.3444010416666667 0.78125
0 0.4127604166666667 0.8390625 0.4140625 0.85390625 0.4270833333333333 0.86328125 0.4420572916666667 0.86875 0.4615885416666667 0.87109375 0.4700520833333333 0.871875 0.4765625 0.86796875 0.4876302083333333 0.8453125 0.49609375 0.79765625 0.4986979166666667 0.75 0.4934895833333333 0.73671875 0.4830729166666667 0.7359375 0.4524739583333333 0.74375 0.44140625 0.7515625 0.421875 0.79921875
0 0.4557291666666667 0.55703125 0.4563802083333333 0.60625 0.470703125 0.63046875 0.4993489583333333 0.640625 0.5221354166666666 0.6265625 0.5234375 0.60703125 0.5208333333333334 0.59375 0.5071614583333334 0.56953125 0.4973958333333333 0.56171875 0.4720052083333333 0.55 0.462890625 0.55078125
0 0.4283854166666667 0.41640625 0.42578125 0.45234375 0.4290364583333333 0.45859375 0.44140625 0.46640625 0.4733072916666667 0.46640625 0.4837239583333333 0.46015625 0.5013020833333334 0.43515625 0.5123697916666666 0.41015625 0.5149739583333334 0.3859375 0.5123697916666666 0.38125 0.5013020833333334 0.375 0.4947916666666667 0.36328125 0.4811197916666667 0.36328125 0.462890625 0.375 0.4459635416666667 0.37890625
0 0.3483072916666667 0.2828125 0.3483072916666667 0.2921875 0.359375 0.30390625 0.3678385416666667 0.30546875 0.3828125 0.3 0.416015625 0.27109375 0.4192708333333333 0.26171875 0.41796875 0.2390625 0.4127604166666667 0.234375 0.3873697916666667 0.2359375 0.3828125 0.23359375 0.3795572916666667 0.22578125 0.3756510416666667 0.22578125 0.365234375 0.2421875
0 0.421875 0.084375 0.4225260416666667 0.103125 0.4283854166666667 0.115625 0.4368489583333333 0.12421875 0.4420572916666667 0.125 0.4459635416666667 0.121875 0.4609375 0.1046875 0.4641927083333333 0.096875 0.4641927083333333 0.0734375 0.462890625 0.06953125 0.4563802083333333 0.065625 0.4420572916666667 0.065625
0 0.66796875 0.1640625 0.6673177083333334 0.19140625 0.6712239583333334 0.20234375 0.6783854166666666 0.209375 0.6985677083333334 0.22265625 0.7063802083333334 0.22421875 0.716796875 0.21875 0.7272135416666666 0.20546875 0.73046875 0.1828125 0.7141927083333334 0.1453125 0.69921875 0.1265625 0.689453125 0.1296875 0.6712239583333334 0.1546875
0 0.8515625 0.14609375 0.8509114583333334 0.15546875 0.8548177083333334 0.16875 0.8717447916666666 0.1796875 0.87890625 0.18984375 0.8912760416666666 0.19296875 0.9114583333333334 0.1828125 0.9251302083333334 0.1609375 0.9303385416666666 0.1421875 0.9231770833333334 0.10390625 0.9069010416666666 0.07578125 0.8951822916666666 0.07578125 0.8776041666666666 0.09453125 0.8587239583333334 0.125
0 0.779296875 0.18359375 0.7779947916666666 0.20625 0.7819010416666666 0.2234375 0.8001302083333334 0.234375 0.8092447916666666 0.23203125 0.8177083333333334 0.21171875 0.8190104166666666 0.18984375 0.8151041666666666 0.17734375 0.8072916666666666 0.16953125 0.7890625 0.17109375 0.7825520833333334 0.17578125
0 0.8046875 0.278125 0.8053385416666666 0.2875 0.8203125 0.31171875 0.8372395833333334 0.325 0.8483072916666666 0.3296875 0.8697916666666666 0.328125 0.8899739583333334 0.29765625 0.8802083333333334 0.25703125 0.8678385416666666 0.24765625 0.833984375 0.246875 0.8138020833333334 0.26171875
0 0.763671875 0.3421875 0.763671875 0.35234375 0.7721354166666666 0.371875 0.779296875 0.3796875 0.798828125 0.38203125 0.810546875 0.38671875 0.8190104166666666 0.384375 0.8196614583333334 0.365625 0.8170572916666666 0.35625 0.8001302083333334 0.3265625 0.7942708333333334 0.32421875 0.779296875 0.32578125 0.77734375 0.33125 0.7688802083333334 0.33359375
0 0.7063802083333334 0.30703125 0.7057291666666666 0.3171875 0.71875 0.33203125 0.744140625 0.325 0.7493489583333334 0.31484375 0.7486979166666666 0.30625 0.7408854166666666 0.28671875 0.728515625 0.278125 0.7194010416666666 0.2828125
0 0.6373697916666666 0.2875 0.6354166666666666 0.3015625 0.619140625 0.33828125 0.6197916666666666 0.34140625 0.642578125 0.36015625 0.6653645833333334 0.359375 0.67578125 0.34921875 0.681640625 0.33671875 0.68359375 0.328125 0.6822916666666666 0.31640625 0.6751302083333334 0.29921875 0.66796875 0.2953125 0.662109375 0.28671875 0.640625 0.28515625
0 0.65234375 0.45625 0.654296875 0.465625 0.66796875 0.48515625 0.6888020833333334 0.4859375 0.7194010416666666 0.4796875 0.7337239583333334 0.46953125 0.7376302083333334 0.46328125 0.734375 0.41484375 0.7265625 0.40859375 0.7096354166666666 0.4078125 0.6953125 0.4109375 0.6673177083333334 0.434375
0 0.5904947916666666 0.53515625 0.591796875 0.546875 0.6087239583333334 0.55859375 0.6223958333333334 0.5625 0.6295572916666666 0.56796875 0.6438802083333334 0.56484375 0.6549479166666666 0.55 0.650390625 0.53984375 0.6263020833333334 0.5140625 0.6002604166666666 0.5234375
0 0.5944010416666666 0.64375 0.59375 0.65234375 0.59765625 0.6671875 0.595703125 0.6890625 0.6015625 0.69921875 0.6100260416666666 0.70234375 0.634765625 0.703125 0.65625 0.6953125 0.6595052083333334 0.678125 0.65234375 0.65625 0.6451822916666666 0.6453125 0.6171875 0.6328125 0.599609375 0.6359375
0 0.712890625 0.5125 0.7102864583333334 0.515625 0.71484375 0.5359375 0.7115885416666666 0.5453125 0.712890625 0.56015625 0.7194010416666666 0.5671875 0.7298177083333334 0.571875 0.7415364583333334 0.56953125 0.75390625 0.54921875 0.7532552083333334 0.53671875 0.748046875 0.5234375 0.7408854166666666 0.51484375 0.7298177083333334 0.5078125 0.7220052083333334 0.5078125
0 0.7766927083333334 0.48046875 0.77734375 0.49375 0.7884114583333334 0.50390625 0.794921875 0.515625 0.802734375 0.51953125 0.80859375 0.51796875 0.8125 0.5046875 0.8111979166666666 0.4953125 0.7936197916666666 0.459375 0.7897135416666666 0.45859375 0.78515625 0.46328125
0 0.8170572916666666 0.76171875 0.8170572916666666 0.7734375 0.82421875 0.7921875 0.8359375 0.80625 0.8509114583333334 0.8359375 0.85546875 0.83984375 0.8626302083333334 0.83984375 0.8802083333333334 0.82890625 0.88671875 0.80703125 0.8873697916666666 0.79375 0.8795572916666666 0.7734375 0.8697916666666666 0.7578125 0.8561197916666666 0.746875 0.8470052083333334 0.74453125 0.8313802083333334 0.75
0 0.7805989583333334 0.58984375 0.779296875 0.60390625 0.7864583333333334 0.6203125 0.7981770833333334 0.63671875 0.8209635416666666 0.65078125 0.8489583333333334 0.65859375 0.8658854166666666 0.6484375 0.8782552083333334 0.634375 0.87890625 0.6265625 0.8723958333333334 0.61328125 0.86328125 0.60546875 0.8404947916666666 0.59375 0.8170572916666666 0.57265625 0.8033854166666666 0.57109375 0.787109375 0.58046875
0 0.6354166666666666 0.77890625 0.6334635416666666 0.7828125 0.63671875 0.79453125 0.6575520833333334 0.81796875 0.6712239583333334 0.828125 0.7037760416666666 0.84296875 0.7109375 0.84375 0.7239583333333334 0.83828125 0.7376302083333334 0.82421875 0.7356770833333334 0.815625 0.7233072916666666 0.79765625 0.7024739583333334 0.77734375 0.6803385416666666 0.76484375 0.6686197916666666 0.7609375 0.6536458333333334 0.76171875