0 0.23958333333333334 0.04765625 0.24283854166666666 0.08671875 0.23893229166666666 0.10546875 0.24348958333333334 0.13046875 0.2552083333333333 0.1578125 0.2591145833333333 0.16171875 0.2688802083333333 0.1609375 0.2962239583333333 0.14140625 0.3059895833333333 0.1234375 0.3059895833333333 0.1109375 0.2903645833333333 0.0484375 0.283203125 0.02890625 0.27734375 0.02265625 0.263671875 0.02578125
0 0.13216145833333334 0.1328125 0.13151041666666666 0.15390625 0.134765625 0.165625 0.15755208333333334 0.19375 0.166015625 0.19609375 0.18229166666666666 0.19375 0.19205729166666666 0.1890625 0.19986979166666666 0.1796875 0.203125 0.16484375 0.201171875 0.14375 0.17578125 0.12109375 0.13932291666666666 0.121875
0 0.24283854166666666 0.2125 0.24348958333333334 0.22734375 0.2526041666666667 0.23984375 0.2623697916666667 0.25078125 0.2923177083333333 0.26875 0.30078125 0.26328125 0.314453125 0.22890625 0.30859375 0.209375 0.2962239583333333 0.1953125 0.2630208333333333 0.18125 0.2565104166666667 0.18125 0.2513020833333333 0.18515625 0.24869791666666666 0.19921875
0 0.19856770833333334 0.3734375 0.197265625 0.39296875 0.20052083333333334 0.4015625 0.21875 0.41953125 0.23372395833333334 0.4265625 0.24153645833333334 0.42578125 0.24609375 0.421875 0.2532552083333333 0.40703125 0.255859375 0.39453125 0.265625 0.3828125 0.267578125 0.3765625 0.26171875 0.36328125 0.244140625 0.35234375 0.23111979166666666 0.353125 0.21744791666666666 0.35859375 0.20442708333333334 0.36640625
0 0.14908854166666666 0.2640625 0.14908854166666666 0.296875 0.14518229166666666 0.3046875 0.146484375 0.3140625 0.15755208333333334 0.321875 0.18229166666666666 0.32265625 0.185546875 0.31796875 0.18815104166666666 0.30390625 0.18619791666666666 0.28359375 0.17838541666666666 0.2734375 0.16276041666666666 0.2671875 0.158203125 0.259375 0.15364583333333334 0.25859375
0 0.22265625 0.54765625 0.22265625 0.5703125 0.234375 0.58203125 0.24934895833333334 0.58046875 0.2877604166666667 0.56484375 0.296875 0.5578125 0.298828125 0.553125 0.2975260416666667 0.54296875 0.2682291666666667 0.5078125 0.2649739583333333 0.50703125 0.24609375 0.50859375 0.23111979166666666 0.51484375 0.22721354166666666 0.521875
0 0.11458333333333333 0.5953125 0.11197916666666667 0.6015625 0.11263020833333333 0.61796875 0.11848958333333333 0.63984375 0.125 0.64765625 0.15299479166666666 0.6484375 0.16536458333333334 0.64453125 0.17643229166666666 0.6359375 0.17903645833333334 0.62109375 0.17513020833333334 0.59765625 0.17122395833333334 0.5921875 0.15494791666666666 0.58828125 0.13802083333333334 0.58828125 0.11979166666666667 0.59140625
0 0.345703125 0.41796875 0.3463541666666667 0.48046875 0.349609375 0.4875 0.3606770833333333 0.490625 0.3958333333333333 0.4890625 0.4010416666666667 0.478125 0.404296875 0.4484375 0.40234375 0.434375 0.3951822916666667 0.415625 0.3821614583333333 0.39921875 0.3717447916666667 0.39765625 0.3587239583333333 0.403125 0.3489583333333333 0.4109375
0 0.455078125 0.36796875 0.4524739583333333 0.3796875 0.4537760416666667 0.40703125 0.4635416666666667 0.43125 0.470703125 0.440625 0.498046875 0.45078125 0.5091145833333334 0.446875 0.5208333333333334 0.4375 0.5227864583333334 0.42734375 0.5162760416666666 0.39921875 0.5013020833333334 0.37421875 0.4869791666666667 0.365625 0.46484375 0.3578125 0.4602864583333333 0.35859375
0 0.4270833333333333 0.22109375 0.4244791666666667 0.26328125 0.4283854166666667 0.275 0.4427083333333333 0.28125 0.4700520833333333 0.28125 0.4850260416666667 0.271875 0.4986979166666667 0.2546875 0.51171875 0.2234375 0.5149739583333334 0.2046875 0.51171875 0.1984375 0.4947916666666667 0.1828125 0.470703125 0.18203125 0.4524739583333333 0.18515625 0.4453125 0.18984375
0 0.3483072916666667 0.09375 0.3463541666666667 0.10625 0.3515625 0.115625 0.3619791666666667 0.121875 0.3795572916666667 0.11953125 0.3997395833333333 0.09921875 0.408203125 0.0953125 0.4147135416666667 0.08671875 0.4186197916666667 0.0671875 0.4134114583333333 0.05 0.4075520833333333 0.0453125 0.4016927083333333 0.05 0.3873697916666667 0.053125 0.3821614583333333 0.05 0.3795572916666667 0.04296875 0.373046875 0.04140625 0.3626302083333333 0.0609375 0.35546875 0.0828125
0 0.6529947916666666 0.2640625 0.6516927083333334 0.275 0.6673177083333334 0.3 0.6783854166666666 0.29921875 0.7135416666666666 0.2875 0.7265625 0.27890625 0.7369791666666666 0.265625 0.7356770833333334 0.23046875 0.732421875 0.22421875 0.7200520833333334 0.21953125 0.6927083333333334 0.225 0.6712239583333334 0.2375
0 0.6223958333333334 0.13828125 0.619140625 0.15078125 0.6197916666666666 0.159375 0.6380208333333334 0.17578125 0.6555989583333334 0.17890625 0.66796875 0.17265625 0.6764322916666666 0.16171875 0.6829427083333334 0.1328125 0.6764322916666666 0.11640625 0.6653645833333334 0.10546875 0.6627604166666666 0.0984375 0.6575520833333334 0.09375 0.650390625 0.09375 0.6360677083333334 0.0984375
0 0.8020833333333334 0.08984375 0.802734375 0.1015625 0.8177083333333334 0.12421875 0.8391927083333334 0.140625 0.8528645833333334 0.14375 0.8619791666666666 0.14375 0.8756510416666666 0.13046875 0.8880208333333334 0.1015625 0.87890625 0.0609375 0.8743489583333334 0.05546875 0.8658854166666666 0.05234375 0.833984375 0.05703125 0.8151041666666666 0.06953125
0 0.779296875 0.2890625 0.775390625 0.3 0.7779947916666666 0.31015625 0.79296875 0.33046875 0.8001302083333334 0.33203125 0.806640625 0.328125 0.8098958333333334 0.31640625 0.80859375 0.30703125 0.794921875 0.2796875 0.7897135416666666 0.275 0.7864583333333334 0.27578125
0 0.7044270833333334 0.11875 0.7037760416666666 0.13203125 0.7102864583333334 0.14375 0.716796875 0.1484375 0.7415364583333334 0.134375 0.748046875 0.1203125 0.7356770833333334 0.09609375 0.7272135416666666 0.0921875 0.7135416666666666 0.10390625
0 0.763671875 0.1578125 0.76171875 0.1609375 0.7630208333333334 0.171875 0.775390625 0.1953125 0.8072916666666666 0.1984375 0.81640625 0.19296875 0.8190104166666666 0.18828125 0.8118489583333334 0.16171875 0.8020833333333334 0.140625 0.796875 0.13515625 0.7897135416666666 0.13359375 0.7845052083333334 0.1359375 0.7734375 0.14453125
0 0.7786458333333334 0.40625 0.7786458333333334 0.4171875 0.7890625 0.43828125 0.7994791666666666 0.453125 0.8098958333333334 0.4578125 0.845703125 0.4625 0.8619791666666666 0.4515625 0.8782552083333334 0.4296875 0.8782552083333334 0.425 0.8723958333333334 0.41796875 0.8391927083333334 0.40234375 0.818359375 0.38359375 0.80078125 0.38515625 0.787109375 0.39375
0 0.8131510416666666 0.58046875 0.8131510416666666 0.58828125 0.8203125 0.60234375 0.8515625 0.6484375 0.8626302083333334 0.6484375 0.8782552083333334 0.6375 0.8854166666666666 0.6078125 0.884765625 0.59765625 0.8782552083333334 0.58125 0.8639322916666666 0.56640625 0.8548177083333334 0.56015625 0.8463541666666666 0.559375 0.8209635416666666 0.5703125
0 0.7688802083333334 0.75625 0.7688802083333334 0.76484375 0.796875 0.8015625 0.8079427083333334 0.803125 0.8177083333333334 0.80078125 0.828125 0.79609375 0.833984375 0.7890625 0.8346354166666666 0.7703125 0.8313802083333334 0.76015625 0.8177083333333334 0.7453125 0.8118489583333334 0.74296875 0.7877604166666666 0.74453125 0.775390625 0.74921875
0 0.8203125 0.66875 0.8190104166666666 0.70234375 0.82421875 0.72265625 0.8372395833333334 0.7453125 0.8444010416666666 0.7515625 0.8483072916666666 0.75390625 0.8658854166666666 0.7515625 0.87109375 0.74453125 0.8743489583333334 0.71328125 0.865234375 0.6703125 0.859375 0.665625 0.8385416666666666 0.6609375 0.82421875 0.6640625
0 0.8033854166666666 0.84453125 0.802734375 0.8578125 0.806640625 0.86875 0.826171875 0.8984375 0.84375 0.91171875 0.85546875 0.91171875 0.861328125 0.90703125 0.8723958333333334 0.8828125 0.8723958333333334 0.87109375 0.8684895833333334 0.85546875 0.861328125 0.840625 0.84375 0.82890625 0.8209635416666666 0.82578125 0.8098958333333334 0.83359375
0 0.634765625 0.59453125 0.6354166666666666 0.60703125 0.658203125 0.63359375 0.6692708333333334 0.6421875 0.6901041666666666 0.64375 0.7063802083333334 0.653125 0.7141927083333334 0.65078125 0.7272135416666666 0.640625 0.732421875 0.63125 0.7330729166666666 0.62578125 0.7252604166666666 0.60859375 0.7044270833333334 0.58828125 0.689453125 0.58046875 0.6725260416666666 0.57578125 0.6569010416666666 0.5765625 0.642578125 0.584375
0 0.6399739583333334 0.85234375 0.6393229166666666 0.8671875 0.6490885416666666 0.88359375 0.6712239583333334 0.8890625 0.7252604166666666 0.88359375 0.740234375 0.896875 0.751953125 0.89375 0.755859375 0.88984375 0.7688802083333334 0.85703125 0.7623697916666666 0.8421875 0.7350260416666666 0.80546875 0.7044270833333334 0.7984375 0.6725260416666666 0.7984375 0.6666666666666666 0.80078125 0.6477864583333334 0.82734375
0 0.5944010416666666 0.45625 0.5950520833333334 0.50078125 0.599609375 0.5109375 0.630859375 0.515625 0.6549479166666666 0.50703125 0.658203125 0.49375 0.650390625 0.4671875 0.640625 0.45234375 0.626953125 0.446875 0.6119791666666666 0.44609375 0.5989583333333334 0.45078125
0 0.58984375 0.3515625 0.5911458333333334 0.36015625 0.5983072916666666 0.36796875 0.6282552083333334 0.38125 0.6432291666666666 0.37578125 0.6529947916666666 0.36015625 0.6438802083333334 0.3453125 0.626953125 0.32890625 0.60546875 0.33671875
0 0.7076822916666666 0.328125 0.7102864583333334 0.35078125 0.708984375 0.35859375 0.712890625 0.37421875 0.7259114583333334 0.38515625 0.7376302083333334 0.384375 0.7526041666666666 0.35859375 0.748046875 0.34140625 0.7415364583333334 0.33125 0.7265625 0.32109375 0.71484375 0.321875
0 0.412109375 0.64453125 0.4127604166666667 0.65703125 0.423828125 0.66796875 0.4635416666666667 0.6796875 0.4739583333333333 0.678125 0.486328125 0.65703125 0.4921875 0.63125 0.498046875 0.58515625 0.49609375 0.55078125 0.4869791666666667 0.54609375 0.4420572916666667 0.55859375 0.4225260416666667 0.5984375
0 0.3359375 0.6078125 0.3346354166666667 0.61640625 0.3372395833333333 0.63671875 0.34375 0.64765625 0.3483072916666667 0.65078125 0.3645833333333333 0.65234375 0.3736979166666667 0.64765625 0.384765625 0.61328125 0.3841145833333333 0.6015625 0.376953125 0.5828125 0.3665364583333333 0.578125 0.3528645833333333 0.578125
0 0.2936197916666667 0.79609375 0.29296875 0.8234375 0.298828125 0.834375 0.3138020833333333 0.8375 0.33203125 0.83515625 0.3359375 0.8296875 0.345703125 0.79140625 0.345703125 0.7828125 0.3313802083333333 0.77265625 0.3033854166666667 0.7734375 0.296875 0.778125
0 0.1328125 0.88671875 0.13346354166666666 0.92265625 0.13932291666666666 0.92421875 0.15755208333333334 0.91796875 0.166015625 0.9078125 0.171875 0.890625 0.17317708333333334 0.8625 0.154296875 0.84453125 0.14778645833333334 0.84375 0.138671875 0.85859375
0 0.4700520833333333 0.74453125 0.4694010416666667 0.759375 0.4778645833333333 0.78984375 0.5065104166666666 0.8265625 0.515625 0.828125 0.525390625 0.825 0.5397135416666666 0.81484375 0.5481770833333334 0.8046875 0.5501302083333334 0.7890625 0.544921875 0.775 0.53515625 0.759375 0.5305989583333334 0.74609375 0.515625 0.72890625 0.498046875 0.7265625 0.486328125 0.7296875 0.4759114583333333 0.73515625
0 0.41015625 0.93046875 0.4114583333333333 0.9703125 0.4290364583333333 0.9765625 0.4453125 0.96875 0.4466145833333333 0.95546875 0.4563802083333333 0.93984375 0.45703125 0.92265625 0.4401041666666667 0.90078125 0.4244791666666667 0.90078125 0.4140625 0.9171875
0 0.0703125 0.1703125 0.06901041666666667 0.18125 0.07291666666666667 0.19609375 0.09244791666666667 0.21640625 0.09830729166666667 0.21953125 0.10546875 0.2171875 0.11848958333333333 0.19921875 0.11067708333333333 0.16484375 0.10546875 0.159375 0.09765625 0.15625 0.083984375 0.15703125 0.07747395833333333 0.16015625
0 0.091796875 0.1296875 0.091796875 0.14375 0.095703125 0.15078125 0.11067708333333333 0.15859375 0.11588541666666667 0.15625 0.11979166666666667 0.14921875 0.12369791666666667 0.13046875 0.12369791666666667 0.10625 0.12174479166666667 0.10234375 0.11588541666666667 0.09921875 0.099609375 0.1015625 0.09505208333333333 0.1109375