1 0.20442708333333334 0.10859375 0.205078125 0.1171875 0.19466145833333334 0.146875 0.19921875 0.16640625 0.20442708333333334 0.16796875 0.216796875 0.16484375 0.23177083333333334 0.1734375 0.2532552083333333 0.16484375 0.267578125 0.15 0.2688802083333333 0.1390625 0.255859375 0.09765625 0.24609375 0.07421875 0.23567708333333334 0.06171875 0.22916666666666666 0.059375 0.22395833333333334 0.0625
1 0.23177083333333334 0.29453125 0.22981770833333334 0.36015625 0.234375 0.36953125 0.240234375 0.3703125 0.2623697916666667 0.353125 0.3111979166666667 0.30390625 0.3248697916666667 0.2875 0.3255208333333333 0.28125 0.3092447916666667 0.2546875 0.2864583333333333 0.240625 0.27734375 0.240625 0.23958333333333334 0.26171875 0.236328125 0.26796875
1 0.3014322916666667 0.4734375 0.302734375 0.52265625 0.3203125 0.534375 0.3450520833333333 0.534375 0.384765625 0.521875 0.408203125 0.5046875 0.4134114583333333 0.4953125 0.41015625 0.4421875 0.3958333333333333 0.409375 0.3880208333333333 0.40390625 0.3678385416666667 0.4046875 0.3391927083333333 0.41796875 0.33203125 0.43125 0.3294270833333333 0.44296875 0.3118489583333333 0.45625
1 0.11848958333333333 0.41328125 0.11783854166666667 0.42421875 0.12760416666666666 0.46171875 0.12565104166666666 0.49609375 0.12955729166666666 0.50234375 0.13932291666666666 0.50625 0.23307291666666666 0.5046875 0.24153645833333334 0.49921875 0.26171875 0.4703125 0.2688802083333333 0.453125 0.2721354166666667 0.43671875 0.2701822916666667 0.43125 0.24153645833333334 0.40625 0.20572916666666666 0.39609375 0.17513020833333334 0.3953125 0.13997395833333334 0.4015625 0.12434895833333333 0.40546875
1 0.4446614583333333 0.06640625 0.4459635416666667 0.096875 0.44921875 0.10546875 0.4635416666666667 0.13046875 0.4733072916666667 0.15703125 0.4837239583333333 0.16796875 0.5481770833333334 0.18359375 0.5748697916666666 0.18359375 0.5846354166666666 0.178125 0.6028645833333334 0.15546875 0.6015625 0.1359375 0.5950520833333334 0.1109375 0.5813802083333334 0.09140625 0.5598958333333334 0.07734375 0.5358072916666666 0.071875 0.5130208333333334 0.0625 0.44921875 0.0640625
1 0.6497395833333334 0.44375 0.6471354166666666 0.465625 0.6471354166666666 0.478125 0.6497395833333334 0.48359375 0.6712239583333334 0.496875 0.7018229166666666 0.50859375 0.7259114583333334 0.5234375 0.7421875 0.5265625 0.7493489583333334 0.5171875 0.7610677083333334 0.47890625 0.765625 0.44921875 0.7669270833333334 0.40390625 0.7454427083333334 0.38671875 0.7200520833333334 0.375 0.7115885416666666 0.37265625 0.6848958333333334 0.375 0.6608072916666666 0.390625
1 0.779296875 0.15625 0.7779947916666666 0.171875 0.7864583333333334 0.19921875 0.8255208333333334 0.25859375 0.8430989583333334 0.27421875 0.8561197916666666 0.2734375 0.87890625 0.25703125 0.8938802083333334 0.2375 0.900390625 0.21484375 0.9049479166666666 0.209375 0.9075520833333334 0.18125 0.9029947916666666 0.13671875 0.8828125 0.1171875 0.8658854166666666 0.0875 0.8528645833333334 0.078125 0.8313802083333334 0.078125 0.8229166666666666 0.08359375 0.8053385416666666 0.1078125 0.7936197916666666 0.13515625 0.7903645833333334 0.13671875
1 0.7584635416666666 0.63828125 0.76171875 0.6671875 0.7682291666666666 0.68203125 0.7845052083333334 0.70078125 0.7942708333333334 0.70625 0.8001302083333334 0.70546875 0.8196614583333334 0.68046875 0.8209635416666666 0.6515625 0.8326822916666666 0.615625 0.8346354166666666 0.5734375 0.828125 0.5609375 0.8170572916666666 0.55234375 0.7975260416666666 0.54609375 0.791015625 0.54765625 0.775390625 0.578125
1 0.4791666666666667 0.60078125 0.4798177083333333 0.65078125 0.4830729166666667 0.65546875 0.4928385416666667 0.65546875 0.5208333333333334 0.6453125 0.5384114583333334 0.6265625 0.5364583333333334 0.609375 0.5305989583333334 0.59921875 0.4895833333333333 0.59765625
1 0.40234375 0.66015625 0.404296875 0.66875 0.3984375 0.67734375 0.3977864583333333 0.684375 0.4075520833333333 0.69765625 0.439453125 0.7015625 0.4518229166666667 0.69765625 0.4583333333333333 0.69140625 0.4720052083333333 0.65703125 0.46875 0.64140625 0.455078125 0.62265625 0.4479166666666667 0.61875 0.4251302083333333 0.61640625 0.41796875 0.61953125 0.4134114583333333 0.62578125
1 0.12565104166666666 0.8640625 0.125 0.8765625 0.13997395833333334 0.909375 0.14713541666666666 0.921875 0.17252604166666666 0.95078125 0.1875 0.96015625 0.20963541666666666 0.96015625 0.22135416666666666 0.95546875 0.23177083333333334 0.90859375 0.22981770833333334 0.89921875 0.234375 0.890625 0.23502604166666666 0.8796875 0.21419270833333334 0.85859375 0.20963541666666666 0.8421875 0.20442708333333334 0.83515625 0.19205729166666666 0.83125 0.17578125 0.81328125 0.1640625 0.8125 0.14583333333333334 0.83125
1 0.291015625 0.74609375 0.2962239583333333 0.815625 0.3059895833333333 0.825 0.3151041666666667 0.82890625 0.3359375 0.828125 0.3450520833333333 0.82421875 0.3606770833333333 0.75390625 0.3639322916666667 0.69609375 0.3548177083333333 0.69375 0.3203125 0.7109375 0.30490429687500004 0.7255210937500001
1 0.08658854166666667 0.65546875 0.08658854166666667 0.66875 0.09830729166666667 0.72109375 0.10481770833333333 0.73671875 0.11002604166666667 0.74140625 0.12109375 0.74375 0.14322916666666666 0.7421875 0.158203125 0.73203125 0.17513020833333334 0.72734375 0.18684895833333334 0.7109375 0.18815104166666666 0.6984375 0.18294270833333334 0.6859375 0.173828125 0.68125 0.16927083333333334 0.66796875 0.13671875 0.63515625 0.091796875 0.65078125
1 0.5006510416666666 0.921875 0.49609375 0.93671875 0.49609375 0.94609375 0.5266927083333334 0.97578125 0.537109375 0.9765625 0.546875 0.9734375 0.572265625 0.95625 0.5813802083333334 0.9453125 0.5911458333333334 0.921875 0.5930989583333334 0.90703125 0.60546875 0.88671875 0.6080729166666666 0.87578125 0.6067708333333334 0.83828125 0.59765625 0.828125 0.587890625 0.825 0.5559895833333334 0.82890625 0.5397135416666666 0.834375 0.529296875 0.8515625
1 0.6497395833333334 0.88671875 0.6458333333333334 0.9 0.6549479166666666 0.9109375 0.6555989583333334 0.91875 0.6608072916666666 0.92734375 0.681640625 0.95625 0.7096354166666666 0.97734375 0.7337239583333334 0.9875 0.8001302083333334 0.9859375 0.8209635416666666 0.97109375 0.8352864583333334 0.93515625 0.83984375 0.89765625 0.8385416666666666 0.875 0.8313802083333334 0.8484375 0.8209635416666666 0.82890625 0.8072916666666666 0.82421875 0.7623697916666666 0.8375 0.7330729166666666 0.8390625 0.6868489583333334 0.8546875 0.6744791666666666 0.85625
1 0.6360677083333334 0.13359375 0.6354166666666666 0.14609375 0.638671875 0.1640625 0.6438802083333334 0.16953125 0.6829427083333334 0.1734375 0.6959635416666666 0.16875 0.7024739583333334 0.1578125 0.7037760416666666 0.14375 0.6946614583333334 0.115625 0.6888020833333334 0.109375 0.6692708333333334 0.1046875 0.6484375 0.10703125 0.6432291666666666 0.11171875