0 0.2864583333333333 0.2015625 0.2825520833333333 0.2109375 0.2858072916666667 0.2265625 0.3033854166666667 0.24453125 0.3216145833333333 0.25078125 0.3372395833333333 0.23828125 0.3385416666666667 0.228125 0.3352864583333333 0.2203125 0.3157552083333333 0.1984375 0.2994791666666667 0.190625
0 0.18815104166666666 0.2 0.189453125 0.234375 0.193359375 0.24140625 0.20572916666666666 0.24609375 0.2265625 0.24296875 0.23828125 0.2359375 0.251953125 0.21953125 0.2578125 0.20625 0.2565104166666667 0.19296875 0.251953125 0.184375 0.23372395833333334 0.1671875 0.21484375 0.15703125 0.20247395833333334 0.16015625
0 0.15950520833333334 0.29453125 0.15755208333333334 0.30625 0.15885416666666666 0.3234375 0.17447916666666666 0.3515625 0.19140625 0.365625 0.208984375 0.3734375 0.212890625 0.371875 0.22591145833333334 0.3359375 0.220703125 0.315625 0.208984375 0.303125 0.18815104166666666 0.296875 0.16796875 0.28046875 0.16276041666666666 0.284375
0 0.087890625 0.21640625 0.08854166666666667 0.24140625 0.10091145833333333 0.259375 0.11393229166666667 0.25703125 0.14388020833333334 0.2421875 0.15169270833333334 0.2328125 0.154296875 0.2203125 0.14583333333333334 0.2046875 0.13997395833333334 0.19921875 0.13151041666666666 0.196875 0.10546875 0.2
0 0.24479166666666666 0.48984375 0.24283854166666666 0.51015625 0.24739583333333334 0.53203125 0.265625 0.55703125 0.279296875 0.56484375 0.296875 0.55859375 0.3157552083333333 0.54375 0.3307291666666667 0.52109375 0.34375 0.5109375 0.3515625 0.49453125 0.3489583333333333 0.4765625 0.3430989583333333 0.4703125 0.3001302083333333 0.465625 0.2903645833333333 0.46015625 0.2747395833333333 0.46171875 0.267578125 0.45703125 0.263671875 0.4578125 0.2506510416666667 0.47421875
0 0.28515625 0.29296875 0.283203125 0.3 0.291015625 0.33046875 0.2884114583333333 0.3421875 0.29296875 0.3546875 0.30078125 0.36328125 0.31640625 0.3609375 0.318359375 0.35625 0.3177083333333333 0.33828125 0.3235677083333333 0.32109375 0.322265625 0.3140625 0.310546875 0.2984375 0.2962239583333333 0.2859375 0.2890625 0.28515625
0 0.3684895833333333 0.2921875 0.3665364583333333 0.3140625 0.3802083333333333 0.3328125 0.38671875 0.3375 0.400390625 0.3421875 0.421875 0.33984375 0.4348958333333333 0.33125 0.4401041666666667 0.3234375 0.4420572916666667 0.2984375 0.4329427083333333 0.28046875 0.404296875 0.2734375 0.3899739583333333 0.2734375 0.3736979166666667 0.28359375
0 0.388671875 0.178125 0.3899739583333333 0.1875 0.400390625 0.20390625 0.4075520833333333 0.20859375 0.4381510416666667 0.1859375 0.4466145833333333 0.17109375 0.4485677083333333 0.16015625 0.4388020833333333 0.14296875 0.4270833333333333 0.14140625 0.4088541666666667 0.15 0.3958333333333333 0.1640625
0 0.5533854166666666 0.2953125 0.5533854166666666 0.35 0.560546875 0.3640625 0.5833333333333334 0.37109375 0.609375 0.384375 0.6263020833333334 0.37265625 0.6321614583333334 0.36015625 0.6334635416666666 0.3375 0.623046875 0.31484375 0.6041666666666666 0.3046875 0.57421875 0.28203125 0.560546875 0.2859375
0 0.6354166666666666 0.21640625 0.6360677083333334 0.2421875 0.650390625 0.259375 0.66015625 0.26328125 0.67578125 0.25 0.6822916666666666 0.2421875 0.6881510416666666 0.2203125 0.6861979166666666 0.19609375 0.6783854166666666 0.17421875 0.6686197916666666 0.165625 0.654296875 0.16640625
0 0.5865885416666666 0.18359375 0.5865885416666666 0.19921875 0.599609375 0.2171875 0.6263020833333334 0.21953125 0.6373697916666666 0.2078125 0.64453125 0.1890625 0.6451822916666666 0.1765625 0.6399739583333334 0.16484375 0.6360677083333334 0.1625 0.6061197916666666 0.1546875 0.59375 0.1609375
0 0.6139322916666666 0.0890625 0.61328125 0.11953125 0.623046875 0.14140625 0.6341145833333334 0.15 0.6484375 0.14453125 0.6588541666666666 0.13046875 0.6627604166666666 0.1171875 0.662109375 0.1015625 0.6588541666666666 0.09296875 0.6458333333333334 0.078125 0.6295572916666666 0.06953125 0.6165364583333334 0.0734375
0 0.4947916666666667 0.45625 0.4947916666666667 0.49453125 0.5052083333333334 0.5359375 0.5130208333333334 0.53984375 0.525390625 0.5328125 0.5475260416666666 0.5265625 0.55078125 0.521875 0.5572916666666666 0.49453125 0.5540364583333334 0.46328125 0.5475260416666666 0.45546875 0.54296875 0.4421875 0.53515625 0.43828125 0.5201822916666666 0.44453125 0.5052083333333334 0.44609375 0.4993489583333333 0.44921875
0 0.5208333333333334 0.56171875 0.51953125 0.5734375 0.5221354166666666 0.58125 0.5325520833333334 0.59609375 0.548828125 0.60625 0.5553385416666666 0.60859375 0.5677083333333334 0.60625 0.578125 0.60078125 0.5846354166666666 0.59140625 0.58203125 0.57890625 0.5533854166666666 0.54140625 0.5494791666666666 0.540625 0.5358072916666666 0.5484375
0 0.607421875 0.553125 0.6061197916666666 0.56328125 0.6087239583333334 0.5734375 0.6184895833333334 0.58828125 0.6282552083333334 0.58515625 0.6412760416666666 0.57578125 0.6490885416666666 0.5609375 0.6360677083333334 0.54140625 0.6171875 0.54375
0 0.6569010416666666 0.528125 0.6569010416666666 0.53984375 0.6640625 0.55390625 0.6783854166666666 0.56640625 0.6842447916666666 0.5671875 0.705078125 0.55 0.7096354166666666 0.52578125 0.703125 0.50859375 0.6959635416666666 0.50234375 0.6653645833333334 0.5171875
0 0.7610677083333334 0.44609375 0.759765625 0.46328125 0.76171875 0.46796875 0.7669270833333334 0.4703125 0.7890625 0.4609375 0.796875 0.45234375 0.7955729166666666 0.44453125 0.7897135416666666 0.4359375 0.76953125 0.42578125 0.7649739583333334 0.428125
0 0.8138020833333334 0.484375 0.8131510416666666 0.5015625 0.8157552083333334 0.5140625 0.83984375 0.540625 0.8483072916666666 0.54609375 0.8567708333333334 0.5484375 0.8704427083333334 0.546875 0.88671875 0.53671875 0.8971354166666666 0.52421875 0.8958333333333334 0.51171875 0.884765625 0.4984375 0.8828125 0.478125 0.8736979166666666 0.4703125 0.85546875 0.46328125 0.8307291666666666 0.459375 0.8203125 0.4671875
0 0.78515625 0.5703125 0.7825520833333334 0.58671875 0.787109375 0.61171875 0.8177083333333334 0.634375 0.8287760416666666 0.6359375 0.8326822916666666 0.63359375 0.8430989583333334 0.61484375 0.8404947916666666 0.59453125 0.8326822916666666 0.58203125 0.8131510416666666 0.56015625 0.80078125 0.55234375 0.79296875 0.5546875
0 0.85546875 0.69921875 0.857421875 0.71328125 0.8723958333333334 0.73828125 0.8841145833333334 0.74765625 0.91015625 0.759375 0.9322916666666666 0.76484375 0.9563802083333334 0.7640625 0.9713541666666666 0.75546875 0.9791666666666666 0.740625 0.978515625 0.7234375 0.9622395833333334 0.6984375 0.9186197916666666 0.6796875 0.8971354166666666 0.67890625 0.8802083333333334 0.68203125 0.865234375 0.6890625
0 0.791015625 0.69765625 0.79296875 0.7203125 0.8138020833333334 0.7328125 0.8216145833333334 0.73203125 0.8274739583333334 0.71640625 0.8385416666666666 0.703125 0.83203125 0.6859375 0.8235677083333334 0.6828125 0.7981770833333334 0.684375
0 0.7154947916666666 0.7875 0.71484375 0.803125 0.7174479166666666 0.81484375 0.724609375 0.821875 0.736328125 0.825 0.7682291666666666 0.790625 0.76953125 0.78359375 0.765625 0.7609375 0.751953125 0.7421875 0.74609375 0.7421875 0.7350260416666666 0.75546875
0 0.6197916666666666 0.675 0.6197916666666666 0.69296875 0.6354166666666666 0.73984375 0.6328125 0.75625 0.638671875 0.78515625 0.6471354166666666 0.8046875 0.65625 0.815625 0.671875 0.8203125 0.6829427083333334 0.81015625 0.693359375 0.79375 0.6927083333333334 0.75859375 0.6796875 0.7171875 0.6686197916666666 0.6890625 0.6510416666666666 0.66796875 0.64453125 0.6640625 0.62890625 0.66328125 0.6223958333333334 0.66875
0 0.5084635416666666 0.76875 0.5071614583333334 0.7859375 0.5104166666666666 0.8234375 0.5169270833333334 0.8390625 0.525390625 0.84921875 0.5364583333333334 0.853125 0.57421875 0.846875 0.595703125 0.8390625 0.6009114583333334 0.83046875 0.60546875 0.8109375 0.5989583333333334 0.78984375 0.58984375 0.77109375 0.5677083333333334 0.75 0.5475260416666666 0.7375 0.5286458333333334 0.73984375 0.515625 0.75
0 0.8430989583333334 0.15859375 0.845703125 0.18046875 0.85546875 0.19375 0.8665364583333334 0.19609375 0.873046875 0.1921875 0.8782552083333334 0.184375 0.8834635416666666 0.16484375 0.8802083333333334 0.13984375 0.8684895833333334 0.13828125 0.8600260416666666 0.14140625 0.8483072916666666 0.15
0 0.791015625 0.08046875 0.7890625 0.09453125 0.7903645833333334 0.13046875 0.79296875 0.1359375 0.810546875 0.1328125 0.822265625 0.11640625 0.8235677083333334 0.08671875 0.81640625 0.0765625 0.7975260416666666 0.0703125 0.7923177083333334 0.0734375
0 0.4674479166666667 0.378125 0.4661458333333333 0.40234375 0.47265625 0.40859375 0.4837239583333333 0.40546875 0.4954427083333333 0.39765625 0.5084635416666666 0.38359375 0.501953125 0.3671875 0.4850260416666667 0.346875 0.478515625 0.34921875
0 0.4192708333333333 0.6171875 0.419921875 0.63359375 0.4322916666666667 0.65546875 0.439453125 0.66015625 0.4498697916666667 0.66015625 0.4765625 0.60859375 0.4772135416666667 0.60078125 0.4720052083333333 0.58125 0.4576822916666667 0.57265625 0.4498697916666667 0.5734375 0.4381510416666667 0.58125 0.423828125 0.6046875
0 0.3645833333333333 0.68125 0.3619791666666667 0.68515625 0.3619791666666667 0.69296875 0.3658854166666667 0.7078125 0.3834635416666667 0.734375 0.3951822916666667 0.7375 0.4114583333333333 0.72734375 0.419921875 0.7015625 0.4153645833333333 0.68828125 0.3990885416666667 0.6640625 0.3899739583333333 0.66328125
0 0.2760416666666667 0.73671875 0.2740885416666667 0.7484375 0.2779947916666667 0.7703125 0.2994791666666667 0.78359375 0.310546875 0.7859375 0.3190104166666667 0.78046875 0.33203125 0.76484375 0.3444010416666667 0.7375 0.3444010416666667 0.7328125 0.3359375 0.7109375 0.322265625 0.69375 0.3170572916666667 0.69296875 0.2903645833333333 0.71640625
0 0.3782552083333333 0.875 0.3776041666666667 0.90625 0.384765625 0.9125 0.3990885416666667 0.90859375 0.4134114583333333 0.89296875 0.4342447916666667 0.8625 0.4342447916666667 0.85546875 0.4270833333333333 0.83515625 0.4108072916666667 0.82421875 0.400390625 0.825
0 0.2838541666666667 0.87265625 0.283203125 0.8890625 0.2884114583333333 0.89921875 0.296875 0.9046875 0.310546875 0.90234375 0.3157552083333333 0.896875 0.3190104166666667 0.8875 0.3177083333333333 0.85 0.3033854166666667 0.84296875 0.296875 0.84609375 0.2897135416666667 0.85625
0 0.22591145833333334 0.871875 0.22526041666666666 0.884375 0.22916666666666666 0.89375 0.23697916666666666 0.896875 0.24739583333333334 0.89609375 0.255859375 0.8921875 0.2688802083333333 0.87734375 0.2721354166666667 0.865625 0.2708333333333333 0.85625 0.265625 0.85078125 0.24739583333333334 0.85234375
0 0.8899739583333334 0.90703125 0.8899739583333334 0.91875 0.900390625 0.93671875 0.9075520833333334 0.94140625 0.9290364583333334 0.9671875 0.9420572916666666 0.97421875 0.9505208333333334 0.97421875 0.9583333333333334 0.9703125 0.9680989583333334 0.95703125 0.9733072916666666 0.9359375 0.9713541666666666 0.9234375 0.94921875 0.88359375 0.9420572916666666 0.87734375 0.9348958333333334 0.8640625 0.9283854166666666 0.86328125 0.9192708333333334 0.86953125 0.9114583333333334 0.88359375 0.8958333333333334 0.89609375
0 0.19010416666666666 0.6328125 0.19010416666666666 0.67109375 0.19921875 0.67890625 0.21419270833333334 0.67578125 0.22005208333333334 0.66171875 0.216796875 0.63046875 0.2109375 0.6265625 0.19791666666666666 0.62578125