0 0.18684895833333334 0.10234375 0.18684895833333334 0.11953125 0.212890625 0.1453125 0.23046875 0.15859375 0.2421875 0.16171875 0.2506510416666667 0.15859375 0.2552083333333333 0.153125 0.2604166666666667 0.1359375 0.259765625 0.12265625 0.2526041666666667 0.10859375 0.23958333333333334 0.09296875 0.22005208333333334 0.0828125 0.20768229166666666 0.08359375 0.19986979166666666 0.08671875 0.19466145833333334 0.09609375
0 0.3528645833333333 0.21640625 0.3522135416666667 0.22421875 0.359375 0.24921875 0.37109375 0.2671875 0.3802083333333333 0.26875 0.38671875 0.26640625 0.408203125 0.253125 0.4114583333333333 0.2484375 0.4114583333333333 0.21796875 0.4075520833333333 0.20234375 0.4016927083333333 0.190625 0.3912760416666667 0.1828125 0.38671875 0.18203125 0.3671875 0.19140625 0.3567708333333333 0.20234375
0 0.341796875 0.07890625 0.3444010416666667 0.1125 0.3483072916666667 0.1234375 0.35546875 0.13203125 0.3626302083333333 0.13515625 0.3795572916666667 0.13125 0.3893229166666667 0.12578125 0.4075520833333333 0.125 0.412109375 0.11875 0.4147135416666667 0.0921875 0.408203125 0.07109375 0.400390625 0.06328125 0.3678385416666667 0.06796875 0.34765625 0.07421875
0 0.4733072916666667 0.13515625 0.47265625 0.146875 0.482421875 0.15546875 0.4954427083333333 0.15625 0.5032552083333334 0.15078125 0.517578125 0.11953125 0.5266927083333334 0.0890625 0.5279947916666666 0.07421875 0.5247395833333334 0.06796875 0.5052083333333334 0.0640625 0.498046875 0.06796875
0 0.6647135416666666 0.25234375 0.6640625 0.28203125 0.6712239583333334 0.3015625 0.6790364583333334 0.30390625 0.7044270833333334 0.290625 0.7233072916666666 0.2734375 0.7317708333333334 0.25703125 0.7330729166666666 0.2421875 0.7298177083333334 0.234375 0.7174479166666666 0.2265625 0.6953125 0.22109375 0.6751302083333334 0.2296875
0 0.7740885416666666 0.19609375 0.7727864583333334 0.21015625 0.7786458333333334 0.234375 0.7864583333333334 0.2421875 0.8014322916666666 0.240625 0.810546875 0.24375 0.8274739583333334 0.22890625 0.841796875 0.2 0.8444010416666666 0.18828125 0.830078125 0.1703125 0.810546875 0.16796875 0.7858072916666666 0.17734375 0.7786458333333334 0.18515625
0 0.705078125 0.3984375 0.7024739583333334 0.41484375 0.7102864583333334 0.434375 0.7161458333333334 0.4421875 0.7454427083333334 0.45703125 0.775390625 0.45859375 0.7864583333333334 0.45078125 0.7975260416666666 0.4078125 0.8111979166666666 0.37578125 0.80859375 0.36953125 0.7975260416666666 0.3609375 0.7799479166666666 0.35234375 0.7506510416666666 0.35 0.724609375 0.3625 0.712890625 0.3796875
0 0.8229166666666666 0.4171875 0.8235677083333334 0.43125 0.8365885416666666 0.45 0.8658854166666666 0.4671875 0.896484375 0.47734375 0.9088541666666666 0.47734375 0.9251302083333334 0.471875 0.9388020833333334 0.45859375 0.9446614583333334 0.44375 0.9427083333333334 0.41796875 0.9375 0.4109375 0.8802083333333334 0.38984375 0.8567708333333334 0.3875 0.841796875 0.39375 0.826171875 0.41015625
0 0.8567708333333334 0.63046875 0.8567708333333334 0.63984375 0.8626302083333334 0.65625 0.8756510416666666 0.6625 0.8834635416666666 0.678125 0.8951822916666666 0.6859375 0.9095052083333334 0.68671875 0.9192708333333334 0.6828125 0.927734375 0.66953125 0.9361979166666666 0.64765625 0.9114583333333334 0.58828125 0.9055989583333334 0.5828125 0.8899739583333334 0.58828125 0.875 0.60859375 0.861328125 0.61875
0 0.8177083333333334 0.74140625 0.8209635416666666 0.7734375 0.8444010416666666 0.79296875 0.865234375 0.803125 0.8782552083333334 0.80625 0.892578125 0.80390625 0.9069010416666666 0.78828125 0.912109375 0.77578125 0.9114583333333334 0.76875 0.8958333333333334 0.75546875 0.8938802083333334 0.7375 0.8912760416666666 0.73125 0.884765625 0.7265625 0.8665364583333334 0.72265625 0.841796875 0.72265625 0.8229166666666666 0.7328125
0 0.7083333333333334 0.5890625 0.708984375 0.609375 0.7135416666666666 0.62265625 0.72265625 0.6359375 0.73046875 0.63828125 0.7447916666666666 0.61875 0.751953125 0.6015625 0.7565104166666666 0.571875 0.751953125 0.5640625 0.7434895833333334 0.55859375 0.7200520833333334 0.5640625 0.712890625 0.57109375
0 0.603515625 0.5984375 0.6041666666666666 0.6125 0.6119791666666666 0.63203125 0.6263020833333334 0.6390625 0.6334635416666666 0.63828125 0.646484375 0.62734375 0.6569010416666666 0.62265625 0.6627604166666666 0.6125 0.6627604166666666 0.60390625 0.6549479166666666 0.5828125 0.63671875 0.56953125 0.6295572916666666 0.56875 0.6126302083333334 0.57421875 0.607421875 0.58046875
0 0.65234375 0.665625 0.65234375 0.68203125 0.6653645833333334 0.73046875 0.6764322916666666 0.7328125 0.7083333333333334 0.7234375 0.708984375 0.7046875 0.7063802083333334 0.6890625 0.6998697916666666 0.66328125 0.689453125 0.64453125 0.68359375 0.6453125
0 0.5930989583333334 0.48359375 0.591796875 0.49609375 0.59375 0.5078125 0.6015625 0.53203125 0.6197916666666666 0.53125 0.634765625 0.52265625 0.638671875 0.503125 0.63671875 0.49375 0.62890625 0.48046875 0.6171875 0.47109375 0.6067708333333334 0.46953125 0.6002604166666666 0.47265625
0 0.46875 0.45703125 0.4694010416666667 0.47265625 0.482421875 0.48046875 0.484375 0.4875 0.4934895833333333 0.49375 0.5071614583333334 0.49140625 0.5188802083333334 0.4765625 0.537109375 0.475 0.5546875 0.43828125 0.5598958333333334 0.40078125 0.5358072916666666 0.38984375 0.51171875 0.38984375 0.50390625 0.39296875 0.4798177083333333 0.42734375
0 0.572265625 0.40234375 0.5729166666666666 0.41953125 0.578125 0.425 0.6087239583333334 0.41796875 0.6165364583333334 0.41328125 0.619140625 0.40703125 0.6184895833333334 0.396875 0.6106770833333334 0.3875 0.607421875 0.37734375 0.599609375 0.3734375 0.5872395833333334 0.37578125
0 0.5930989583333334 0.2609375 0.5924479166666666 0.28984375 0.5983072916666666 0.30625 0.607421875 0.3125 0.6178385416666666 0.3125 0.6256510416666666 0.30859375 0.6295572916666666 0.30078125 0.630859375 0.27890625 0.626953125 0.2546875 0.6126302083333334 0.2421875 0.6087239583333334 0.2421875 0.5983072916666666 0.2453125
0 0.5305989583333334 0.25625 0.53125 0.27265625 0.5364583333333334 0.28125 0.5423177083333334 0.284375 0.5579427083333334 0.28359375 0.5651041666666666 0.26015625 0.5638020833333334 0.24375 0.5416666666666666 0.240625 0.5345052083333334 0.246875
0 0.4212239583333333 0.5359375 0.4173177083333333 0.54609375 0.41796875 0.55390625 0.4251302083333333 0.58046875 0.431640625 0.58828125 0.4427083333333333 0.59609375 0.4622395833333333 0.603125 0.4733072916666667 0.59921875 0.482421875 0.58828125 0.4908854166666667 0.56796875 0.4928385416666667 0.553125 0.4928385416666667 0.54609375 0.482421875 0.5328125 0.466796875 0.52421875 0.44921875 0.5234375 0.4329427083333333 0.52734375
0 0.47265625 0.6609375 0.47265625 0.68671875 0.486328125 0.69609375 0.4934895833333333 0.70703125 0.4993489583333333 0.709375 0.5188802083333334 0.69609375 0.5299479166666666 0.6828125 0.5358072916666666 0.6421875 0.5319010416666666 0.634375 0.51171875 0.62578125 0.5052083333333334 0.61875 0.4973958333333333 0.61875 0.4798177083333333 0.6296875
0 0.4251302083333333 0.80234375 0.4244791666666667 0.8203125 0.4270833333333333 0.834375 0.4381510416666667 0.8609375 0.443359375 0.86640625 0.4524739583333333 0.86640625 0.4602864583333333 0.8625 0.4772135416666667 0.84140625 0.4791666666666667 0.7859375 0.4772135416666667 0.77265625 0.4674479166666667 0.75859375 0.4557291666666667 0.7546875 0.4388020833333333 0.76875 0.4283854166666667 0.7890625
0 0.6751302083333334 0.78984375 0.67578125 0.82421875 0.6783854166666666 0.8296875 0.6842447916666666 0.83203125 0.6959635416666666 0.8515625 0.7005208333333334 0.85 0.7063802083333334 0.8421875 0.7037760416666666 0.77578125 0.6959635416666666 0.76953125 0.6888020833333334 0.76875 0.6783854166666666 0.778125
0 0.5670572916666666 0.8046875 0.5677083333333334 0.82890625 0.5709635416666666 0.83828125 0.5774739583333334 0.8453125 0.5989583333333334 0.8515625 0.607421875 0.8453125 0.6145833333333334 0.83203125 0.6158854166666666 0.82109375 0.61328125 0.81015625 0.60546875 0.796875 0.5950520833333334 0.7875 0.5859375 0.78515625 0.5768229166666666 0.78828125 0.5703125 0.7953125
0 0.779296875 0.83125 0.7786458333333334 0.83828125 0.7825520833333334 0.8484375 0.8014322916666666 0.86796875 0.828125 0.87578125 0.8404947916666666 0.871875 0.8424479166666666 0.85859375 0.8313802083333334 0.82890625 0.7923177083333334 0.81796875 0.7858072916666666 0.8203125
0 0.22200520833333334 0.80625 0.22265625 0.82421875 0.24609375 0.8328125 0.2649739583333333 0.83515625 0.2727864583333333 0.83125 0.2799479166666667 0.8171875 0.2838541666666667 0.79375 0.2766927083333333 0.784375 0.2649739583333333 0.77578125 0.24283854166666666 0.77734375 0.228515625 0.78671875
0 0.16666666666666666 0.79375 0.16471354166666666 0.8 0.16536458333333334 0.8359375 0.16666666666666666 0.8453125 0.17122395833333334 0.85234375 0.17838541666666666 0.85546875 0.18880208333333334 0.8546875 0.2109375 0.8421875 0.21744791666666666 0.83046875 0.22200520833333334 0.790625 0.216796875 0.746875 0.21158854166666666 0.74375 0.19010416666666666 0.75390625 0.17903645833333334 0.7671875
0 0.1640625 0.64609375 0.16341145833333334 0.6640625 0.177734375 0.6734375 0.185546875 0.6734375 0.203125 0.66484375 0.20833333333333334 0.6578125 0.20638020833333334 0.640625 0.19661458333333334 0.61953125 0.19140625 0.615625 0.17122395833333334 0.62578125 0.16796875 0.6296875
0 0.2265625 0.71640625 0.22526041666666666 0.72421875 0.22981770833333334 0.7359375 0.2545572916666667 0.753125 0.2688802083333333 0.74921875 0.283203125 0.73046875 0.28125 0.7046875 0.2688802083333333 0.69765625 0.24153645833333334 0.70390625
0 0.14518229166666666 0.5140625 0.14453125 0.52265625 0.15299479166666666 0.53984375 0.15690104166666666 0.54453125 0.16796875 0.54453125 0.17252604166666666 0.54765625 0.17708333333333334 0.5453125 0.201171875 0.5140625 0.20442708333333334 0.50078125 0.185546875 0.4890625 0.17513020833333334 0.49140625 0.15364583333333334 0.50390625
0 0.2688802083333333 0.35546875 0.265625 0.365625 0.271484375 0.40078125 0.2747395833333333 0.4046875 0.3072916666666667 0.4078125 0.3157552083333333 0.396875 0.31640625 0.38515625 0.3046875 0.36640625 0.2825520833333333 0.34921875
0 0.2610677083333333 0.36640625 0.2630208333333333 0.39453125 0.279296875 0.4078125 0.2962239583333333 0.4046875 0.3033854166666667 0.409375 0.31640625 0.39296875 0.3170572916666667 0.384375 0.30859375 0.36953125 0.2864583333333333 0.34921875 0.271484375 0.3515625
0 0.3548177083333333 0.42890625 0.3522135416666667 0.43203125 0.3528645833333333 0.446875 0.359375 0.4640625 0.3938802083333333 0.4453125 0.3938802083333333 0.43203125 0.376953125 0.4140625 0.3658854166666667 0.41796875
0 0.376953125 0.72109375 0.3795572916666667 0.74765625 0.388671875 0.75625 0.3958333333333333 0.75859375 0.40234375 0.75625 0.4069010416666667 0.740625 0.4055989583333333 0.71328125 0.3977864583333333 0.70546875 0.38671875 0.7046875 0.3815104166666667 0.70859375
0 0.1171875 0.37421875 0.11848958333333333 0.38359375 0.12630208333333334 0.39375 0.14388020833333334 0.39765625 0.154296875 0.38671875 0.16080729166666666 0.35234375 0.15104166666666666 0.34140625 0.13736979166666666 0.33828125 0.12630208333333334 0.35234375
0 0.06966145833333333 0.7484375 0.06966145833333333 0.76484375 0.08072916666666667 0.77578125 0.11067708333333333 0.76875 0.1171875 0.7515625 0.11588541666666667 0.74296875 0.10091145833333333 0.740625 0.07747395833333333 0.740625
0 0.6861979166666666 0.0625 0.6848958333333334 0.078125 0.6868489583333334 0.08515625 0.6920572916666666 0.090625 0.701171875 0.09140625 0.7115885416666666 0.08828125 0.72265625 0.0796875 0.7317708333333334 0.06796875 0.7337239583333334 0.06015625 0.7298177083333334 0.046875 0.7200520833333334 0.03203125 0.7154947916666666 0.028125 0.7083333333333334 0.02734375 0.7005208333333334 0.03125