0 0.287109375 0.13984375 0.287109375 0.15390625 0.2923177083333333 0.17109375 0.3072916666666667 0.184375 0.3313802083333333 0.17578125 0.341796875 0.15078125 0.3346354166666667 0.1296875 0.3196614583333333 0.109375 0.3020833333333333 0.1140625
0 0.3697916666666667 0.1015625 0.369140625 0.11484375 0.3743489583333333 0.13046875 0.3854166666666667 0.14765625 0.3932291666666667 0.1546875 0.4016927083333333 0.1578125 0.4153645833333333 0.15546875 0.431640625 0.14921875 0.4388020833333333 0.140625 0.4420572916666667 0.1265625 0.4388020833333333 0.090625 0.435546875 0.078125 0.4303385416666667 0.0734375 0.4140625 0.06953125 0.3841145833333333 0.07890625 0.3756510416666667 0.0859375
0 0.4694010416666667 0.2390625 0.4700520833333333 0.2671875 0.4869791666666667 0.29765625 0.501953125 0.3171875 0.5071614583333334 0.3203125 0.5149739583333334 0.31953125 0.537109375 0.30078125 0.5390625 0.284375 0.5481770833333334 0.27265625 0.55078125 0.26171875 0.5481770833333334 0.24765625 0.5442708333333334 0.24296875 0.5423177083333334 0.23203125 0.5436197916666666 0.2109375 0.5397135416666666 0.203125 0.53125 0.19921875 0.5084635416666666 0.2 0.4908854166666667 0.2109375
0 0.6256510416666666 0.09375 0.6223958333333334 0.1046875 0.6223958333333334 0.11796875 0.6328125 0.15625 0.6399739583333334 0.1671875 0.6438802083333334 0.16953125 0.658203125 0.16875 0.6744791666666666 0.16484375 0.6966145833333334 0.15 0.6998697916666666 0.1359375 0.697265625 0.11953125 0.6920572916666666 0.10703125 0.6744791666666666 0.08671875 0.6575520833333334 0.0765625 0.6432291666666666 0.075 0.6334635416666666 0.0796875
0 0.7649739583333334 0.115625 0.7649739583333334 0.15 0.783203125 0.1859375 0.79296875 0.1890625 0.818359375 0.178125 0.8313802083333334 0.15390625 0.8444010416666666 0.10625 0.8489583333333334 0.0734375 0.841796875 0.053125 0.8255208333333334 0.0421875 0.8079427083333334 0.0390625 0.7936197916666666 0.04140625 0.7819010416666666 0.05703125
0 0.634765625 0.35234375 0.6341145833333334 0.36953125 0.626953125 0.40078125 0.634765625 0.41640625 0.646484375 0.421875 0.70703125 0.3875 0.71875 0.3703125 0.7135416666666666 0.3390625 0.6953125 0.328125 0.66796875 0.3359375 0.6458333333333334 0.3375 0.640625 0.340625
0 0.6809895833333334 0.41875 0.6783854166666666 0.44765625 0.6822916666666666 0.46953125 0.6927083333333334 0.4953125 0.6953125 0.49765625 0.728515625 0.49609375 0.7369791666666666 0.4921875 0.7415364583333334 0.48515625 0.744140625 0.4453125 0.7415364583333334 0.43046875 0.7337239583333334 0.4125 0.7239583333333334 0.40625 0.6881510416666666 0.40546875 0.6829427083333334 0.409375
0 0.767578125 0.3203125 0.7649739583333334 0.34453125 0.7688802083333334 0.36015625 0.7760416666666666 0.37265625 0.787109375 0.375 0.7981770833333334 0.3671875 0.82421875 0.334375 0.83203125 0.3171875 0.83203125 0.31015625 0.8248697916666666 0.29453125 0.8111979166666666 0.28125 0.802734375 0.27890625 0.7786458333333334 0.3 0.7708333333333334 0.31015625
0 0.794921875 0.4859375 0.7942708333333334 0.50859375 0.8040364583333334 0.515625 0.8111979166666666 0.5265625 0.8352864583333334 0.54375 0.8528645833333334 0.56484375 0.865234375 0.56875 0.8756510416666666 0.55859375 0.884765625 0.52890625 0.8860677083333334 0.4828125 0.8802083333333334 0.4609375 0.8671875 0.4421875 0.8600260416666666 0.43828125 0.8522135416666666 0.44140625 0.8346354166666666 0.43671875 0.8287760416666666 0.43828125 0.806640625 0.4578125
0 0.3782552083333333 0.44921875 0.3782552083333333 0.46171875 0.390625 0.47265625 0.4049479166666667 0.478125 0.41796875 0.478125 0.4427083333333333 0.4671875 0.45703125 0.4484375 0.4609375 0.43828125 0.44921875 0.40625 0.4212239583333333 0.39765625 0.408203125 0.403125 0.4010416666666667 0.4109375 0.3860677083333333 0.43125
0 0.17903645833333334 0.3796875 0.17903645833333334 0.4 0.18619791666666666 0.40625 0.19010416666666666 0.4265625 0.20963541666666666 0.4328125 0.22395833333333334 0.42578125 0.22786458333333334 0.3953125 0.22395833333333334 0.37265625 0.22005208333333334 0.3640625 0.20833333333333334 0.35703125 0.19075520833333334 0.35703125 0.185546875 0.36171875
0 0.2643229166666667 0.384375 0.263671875 0.3984375 0.2701822916666667 0.43203125 0.27734375 0.44296875 0.2825520833333333 0.4453125 0.3033854166666667 0.44453125 0.322265625 0.43984375 0.3287760416666667 0.434375 0.3313802083333333 0.425 0.3287760416666667 0.4109375 0.3046875 0.36875 0.279296875 0.365625 0.2740885416666667 0.37578125
0 0.17903645833333334 0.590625 0.177734375 0.6078125 0.18098958333333334 0.61640625 0.203125 0.6359375 0.21223958333333334 0.63828125 0.22981770833333334 0.6265625 0.24739583333333334 0.6015625 0.2591145833333333 0.59296875 0.2623697916666667 0.58671875 0.2623697916666667 0.578125 0.2552083333333333 0.56171875 0.24739583333333334 0.55234375 0.23828125 0.5453125 0.22981770833333334 0.5453125 0.216796875 0.54921875 0.19921875 0.56328125 0.18359375 0.58125
0 0.3919270833333333 0.3390625 0.392578125 0.3609375 0.400390625 0.37578125 0.4075520833333333 0.37578125 0.4329427083333333 0.36640625 0.4427083333333333 0.36015625 0.453125 0.3453125 0.447265625 0.325 0.439453125 0.31875 0.4283854166666667 0.31953125 0.3977864583333333 0.33046875
0 0.341796875 0.60859375 0.3430989583333333 0.634375 0.3483072916666667 0.63671875 0.365234375 0.634375 0.373046875 0.61328125 0.3756510416666667 0.578125 0.3658854166666667 0.5703125 0.3522135416666667 0.5796875
0 0.4700520833333333 0.49453125 0.4694010416666667 0.51640625 0.4876302083333333 0.540625 0.5032552083333334 0.55078125 0.51171875 0.55 0.5169270833333334 0.54609375 0.51953125 0.53359375 0.5045572916666666 0.49453125 0.4772135416666667 0.48515625 0.4713541666666667 0.4875
0 0.5286458333333334 0.5984375 0.5279947916666666 0.61328125 0.5364583333333334 0.63515625 0.5533854166666666 0.6484375 0.5625 0.6484375 0.5670572916666666 0.640625 0.568359375 0.62734375 0.56640625 0.6046875 0.5631510416666666 0.596875 0.556640625 0.59296875
0 0.498046875 0.6328125 0.4967447916666667 0.646875 0.5104166666666666 0.66328125 0.517578125 0.66328125 0.5234375 0.659375 0.5338541666666666 0.6375 0.53125 0.62578125 0.51171875 0.61015625 0.5026041666666666 0.61171875
0 0.5865885416666666 0.634375 0.5865885416666666 0.66875 0.5989583333333334 0.671875 0.6100260416666666 0.65546875 0.6171875 0.63359375 0.6165364583333334 0.6265625 0.60546875 0.61328125 0.6009114583333334 0.6125 0.5944010416666666 0.61796875
0 0.6263020833333334 0.64453125 0.623046875 0.66171875 0.6282552083333334 0.67578125 0.662109375 0.68984375 0.66796875 0.6890625 0.6744791666666666 0.6796875 0.681640625 0.65078125 0.6790364583333334 0.64296875 0.6569010416666666 0.6328125 0.63671875 0.6328125 0.6315104166666666 0.63515625
0 0.6809895833333334 0.6125 0.6803385416666666 0.6296875 0.6848958333333334 0.64765625 0.6959635416666666 0.6546875 0.7063802083333334 0.6484375 0.7122395833333334 0.63671875 0.7076822916666666 0.6046875 0.6959635416666666 0.6015625
0 0.6985677083333334 0.6609375 0.6979166666666666 0.6953125 0.7024739583333334 0.703125 0.7096354166666666 0.70625 0.7265625 0.7109375 0.7454427083333334 0.709375 0.7584635416666666 0.69921875 0.765625 0.6859375 0.767578125 0.6640625 0.765625 0.65859375 0.7591145833333334 0.65390625 0.7135416666666666 0.653125 0.7024739583333334 0.65625
0 0.8639322916666666 0.678125 0.8639322916666666 0.6984375 0.859375 0.71640625 0.865234375 0.7359375 0.8671875 0.75703125 0.8821614583333334 0.7625 0.9186197916666666 0.75859375 0.9205729166666666 0.75546875 0.9192708333333334 0.72421875 0.9134114583333334 0.696875 0.9075520833333334 0.68203125 0.8958333333333334 0.67421875 0.8873697916666666 0.67265625 0.8678385416666666 0.67265625
0 0.8092447916666666 0.86875 0.8072916666666666 0.8765625 0.8125 0.903125 0.8307291666666666 0.9171875 0.8391927083333334 0.91015625 0.8548177083333334 0.8828125 0.853515625 0.8765625 0.8483072916666666 0.8703125 0.8365885416666666 0.8625 0.8203125 0.8609375 0.814453125 0.8625
0 0.6119791666666666 0.81796875 0.6100260416666666 0.8484375 0.6139322916666666 0.9078125 0.6393229166666666 0.95703125 0.6477864583333334 0.95859375 0.6555989583333334 0.95078125 0.6627604166666666 0.9328125 0.6666666666666666 0.88984375 0.67578125 0.84375 0.6751302083333334 0.8140625 0.662109375 0.7953125 0.6354166666666666 0.78046875 0.62890625 0.78515625 0.619140625 0.80078125
0 0.5690104166666666 0.76484375 0.568359375 0.77890625 0.572265625 0.8 0.5865885416666666 0.8078125 0.6002604166666666 0.81015625 0.6067708333333334 0.80390625 0.6067708333333334 0.79609375 0.6204427083333334 0.76953125 0.6256510416666666 0.74765625 0.623046875 0.7421875 0.61328125 0.73671875 0.5950520833333334 0.7359375 0.578125 0.75
0 0.4876302083333333 0.76953125 0.490234375 0.80234375 0.498046875 0.81171875 0.5143229166666666 0.81640625 0.5390625 0.81484375 0.5442708333333334 0.8125 0.552734375 0.79921875 0.5514322916666666 0.7734375 0.5442708333333334 0.76484375 0.5266927083333334 0.759375 0.494140625 0.75703125
0 0.21223958333333334 0.68671875 0.21223958333333334 0.6953125 0.2265625 0.725 0.23893229166666666 0.7328125 0.24739583333333334 0.73359375 0.2506510416666667 0.7265625 0.2513020833333333 0.70390625 0.248046875 0.6921875 0.24153645833333334 0.68203125 0.234375 0.675 0.224609375 0.67421875 0.216796875 0.67890625
0 0.41796875 0.70625 0.4173177083333333 0.7203125 0.419921875 0.7328125 0.435546875 0.75234375 0.4544270833333333 0.75546875 0.4661458333333333 0.7515625 0.474609375 0.74453125 0.4739583333333333 0.734375 0.4680989583333333 0.7203125 0.4420572916666667 0.68203125 0.4296875 0.684375
0 0.20442708333333334 0.80703125 0.203125 0.84140625 0.212890625 0.85 0.22526041666666666 0.8484375 0.23111979166666666 0.83828125 0.23372395833333334 0.825 0.23046875 0.803125 0.22330729166666666 0.796875 0.21549479166666666 0.796875 0.20703125 0.80078125
0 0.3040364583333333 0.8625 0.3033854166666667 0.8703125 0.3079427083333333 0.8859375 0.3274739583333333 0.91328125 0.3346354166666667 0.9140625 0.3509114583333333 0.90859375 0.36328125 0.88828125 0.36328125 0.86640625 0.3528645833333333 0.84609375 0.3430989583333333 0.83671875 0.3326822916666667 0.8359375 0.32421875 0.83984375
0 0.3411458333333333 0.4046875 0.3411458333333333 0.4296875 0.3450520833333333 0.44765625 0.3515625 0.45390625 0.3639322916666667 0.45078125 0.3736979166666667 0.4359375 0.3776041666666667 0.41484375 0.3763020833333333 0.40546875 0.3619791666666667 0.38828125 0.3522135416666667 0.38984375 0.3444010416666667 0.396875
0 0.5768229166666666 0.17890625 0.5774739583333334 0.2015625 0.591796875 0.21328125 0.599609375 0.21484375 0.6165364583333334 0.2078125 0.619140625 0.20078125 0.619140625 0.18515625 0.6139322916666666 0.146875 0.6087239583333334 0.1390625 0.6022135416666666 0.13828125 0.59375 0.14453125 0.5813802083333334 0.16328125