0 0.14908854166666666 0.15703125 0.14908854166666666 0.20234375 0.15364583333333334 0.20859375 0.16276041666666666 0.2109375 0.19140625 0.21015625 0.208984375 0.20390625 0.21940104166666666 0.1953125 0.21744791666666666 0.184375 0.19791666666666666 0.1453125 0.18880208333333334 0.14453125 0.17578125 0.15 0.15494791666666666 0.153125
0 0.21223958333333334 0.146875 0.20963541666666666 0.15 0.21223958333333334 0.1640625 0.22721354166666666 0.19609375 0.23372395833333334 0.2015625 0.2545572916666667 0.203125 0.2610677083333333 0.19140625 0.2630208333333333 0.1796875 0.26171875 0.1609375 0.2552083333333333 0.1484375 0.23502604166666666 0.134375 0.22395833333333334 0.13671875
0 0.19140625 0.37265625 0.18880208333333334 0.40078125 0.19205729166666666 0.41015625 0.20052083333333334 0.41796875 0.2109375 0.41953125 0.23111979166666666 0.41328125 0.24479166666666666 0.403125 0.255859375 0.3875 0.2584635416666667 0.36640625 0.24739583333333334 0.3515625 0.234375 0.34140625 0.21940104166666666 0.334375 0.20963541666666666 0.33359375 0.19856770833333334 0.346875
0 0.16341145833333334 0.465625 0.16080729166666666 0.4875 0.17122395833333334 0.521875 0.181640625 0.534375 0.205078125 0.54609375 0.21484375 0.5453125 0.22135416666666666 0.5328125 0.22526041666666666 0.5171875 0.224609375 0.5 0.22005208333333334 0.48828125 0.17252604166666666 0.459375 0.16666666666666666 0.46015625
0 0.08723958333333333 0.3953125 0.091796875 0.42109375 0.10286458333333333 0.42890625 0.123046875 0.4234375 0.14778645833333334 0.409375 0.15234375 0.4046875 0.15494791666666666 0.39375 0.15299479166666666 0.38046875 0.14778645833333334 0.37265625 0.13736979166666666 0.36796875 0.11979166666666667 0.36796875 0.1015625 0.3765625
0 0.2864583333333333 0.38125 0.28515625 0.390625 0.2936197916666667 0.40703125 0.3111979166666667 0.41875 0.3268229166666667 0.41953125 0.333984375 0.41484375 0.33984375 0.40625 0.3411458333333333 0.39921875 0.3372395833333333 0.38359375 0.3313802083333333 0.37421875 0.318359375 0.3625 0.3014322916666667 0.365625
0 0.2858072916666667 0.46875 0.2884114583333333 0.50859375 0.2962239583333333 0.5296875 0.3040364583333333 0.53671875 0.31640625 0.53359375 0.3209635416666667 0.5265625 0.3196614583333333 0.5109375 0.3268229166666667 0.48984375 0.3248697916666667 0.48125 0.3053385416666667 0.4625 0.2955729166666667 0.45703125 0.291015625 0.4578125
0 0.3704427083333333 0.4703125 0.37109375 0.48984375 0.3828125 0.5046875 0.3971354166666667 0.51171875 0.404296875 0.51328125 0.4290364583333333 0.509375 0.4361979166666667 0.50546875 0.4427083333333333 0.49453125 0.4446614583333333 0.46953125 0.427734375 0.45546875 0.3919270833333333 0.44609375 0.3795572916666667 0.45234375
0 0.24544270833333334 0.6796875 0.24479166666666666 0.69453125 0.25 0.7078125 0.2649739583333333 0.72109375 0.2688802083333333 0.73125 0.279296875 0.7375 0.2936197916666667 0.7359375 0.3001302083333333 0.7328125 0.33203125 0.69453125 0.3411458333333333 0.6890625 0.3502604166666667 0.678125 0.3522135416666667 0.6703125 0.3509114583333333 0.64765625 0.3470052083333333 0.6421875 0.3385416666666667 0.6390625 0.3203125 0.6390625 0.2962239583333333 0.6328125 0.267578125 0.634375 0.2513020833333333 0.65703125
0 0.5559895833333334 0.46640625 0.5553385416666666 0.5125 0.560546875 0.53046875 0.607421875 0.5546875 0.615234375 0.5546875 0.6321614583333334 0.54609375 0.6341145833333334 0.50703125 0.626953125 0.490625 0.578125 0.45703125 0.5638020833333334 0.45546875 0.55859375 0.459375
0 0.39453125 0.33984375 0.3932291666666667 0.3515625 0.3984375 0.36484375 0.4049479166666667 0.37421875 0.4108072916666667 0.3765625 0.4427083333333333 0.35 0.44921875 0.32890625 0.4420572916666667 0.31328125 0.4283854166666667 0.3078125
0 0.4466145833333333 0.1953125 0.4466145833333333 0.21328125 0.4563802083333333 0.23828125 0.4694010416666667 0.25859375 0.47265625 0.26875 0.482421875 0.27578125 0.4954427083333333 0.27265625 0.5045572916666666 0.26640625 0.509765625 0.26015625 0.513671875 0.2453125 0.5201822916666666 0.240625 0.5279947916666666 0.225 0.5234375 0.20078125 0.52734375 0.17421875 0.521484375 0.165625 0.50390625 0.15703125 0.4895833333333333 0.15625 0.4733072916666667 0.1640625 0.4537760416666667 0.1796875
0 0.5930989583333334 0.175 0.591796875 0.19296875 0.609375 0.22265625 0.6256510416666666 0.228125 0.650390625 0.22421875 0.6588541666666666 0.2171875 0.66796875 0.19375 0.671875 0.15 0.66796875 0.14453125 0.6569010416666666 0.1453125 0.6243489583333334 0.1328125 0.609375 0.1328125 0.60546875 0.13671875
0 0.6171875 0.25859375 0.6171875 0.29296875 0.619140625 0.2984375 0.6341145833333334 0.3171875 0.6451822916666666 0.3171875 0.6549479166666666 0.30625 0.662109375 0.290625 0.6640625 0.2828125 0.6627604166666666 0.27421875 0.63671875 0.24453125 0.6302083333333334 0.240625 0.6217447916666666 0.24375
0 0.6373697916666666 0.39375 0.6360677083333334 0.4015625 0.6399739583333334 0.415625 0.6588541666666666 0.43515625 0.6653645833333334 0.434375 0.6829427083333334 0.41875 0.6901041666666666 0.4015625 0.6907552083333334 0.38515625 0.6842447916666666 0.35 0.6783854166666666 0.33984375 0.6640625 0.33671875 0.6536458333333334 0.3453125
0 0.5904947916666666 0.34609375 0.5911458333333334 0.37265625 0.60546875 0.38984375 0.6184895833333334 0.38515625 0.6334635416666666 0.3859375 0.6412760416666666 0.3765625 0.6412760416666666 0.35546875 0.630859375 0.3421875 0.6126302083333334 0.32734375 0.6067708333333334 0.3265625 0.6009114583333334 0.33046875
0 0.7337239583333334 0.1546875 0.7337239583333334 0.16640625 0.7447916666666666 0.178125 0.7545572916666666 0.18203125 0.8125 0.1828125 0.8235677083333334 0.178125 0.8294270833333334 0.17109375 0.8450520833333334 0.134375 0.8528645833333334 0.09765625 0.8509114583333334 0.08125 0.845703125 0.07578125 0.833984375 0.07578125 0.802734375 0.08671875 0.7819010416666666 0.10546875 0.779296875 0.109375 0.7805989583333334 0.1125 0.7701822916666666 0.12734375 0.7434895833333334 0.1421875
0 0.8580729166666666 0.87109375 0.8587239583333334 0.8828125 0.884765625 0.91953125 0.9283854166666666 0.93671875 0.9427083333333334 0.93984375 0.9694010416666666 0.9375 0.974609375 0.9296875 0.974609375 0.91875 0.9830729166666666 0.909375 0.9811197916666666 0.89140625 0.9739583333333334 0.8796875 0.9524739583333334 0.86640625 0.9205729166666666 0.85234375 0.9075520833333334 0.85546875 0.8854166666666666 0.85546875 0.8697916666666666 0.8609375
0 0.794921875 0.865625 0.7955729166666666 0.88671875 0.8001302083333334 0.89765625 0.81640625 0.9109375 0.82421875 0.90859375 0.8385416666666666 0.878125 0.8391927083333334 0.86796875 0.8359375 0.8625 0.82421875 0.85390625 0.8131510416666666 0.85390625 0.8014322916666666 0.85546875
0 0.7884114583333334 0.746875 0.787109375 0.76796875 0.7916666666666666 0.7828125 0.7955729166666666 0.7875 0.8274739583333334 0.81015625 0.8352864583333334 0.81015625 0.8424479166666666 0.80390625 0.8489583333333334 0.78515625 0.8346354166666666 0.7546875 0.8118489583333334 0.73203125 0.80078125 0.725 0.7942708333333334 0.73046875
0 0.8177083333333334 0.653125 0.81640625 0.66796875 0.8196614583333334 0.6859375 0.8470052083333334 0.7203125 0.8541666666666666 0.72265625 0.8717447916666666 0.72109375 0.8932291666666666 0.709375 0.9016927083333334 0.70078125 0.9010416666666666 0.69296875 0.890625 0.68203125 0.8841145833333334 0.66796875 0.8873697916666666 0.6515625 0.876953125 0.64296875 0.8372395833333334 0.6296875 0.82421875 0.63828125
0 0.6178385416666666 0.7203125 0.6171875 0.74296875 0.615234375 0.7453125 0.634765625 0.7546875 0.6451822916666666 0.7515625 0.6471354166666666 0.746875 0.6432291666666666 0.7234375 0.6380208333333334 0.715625 0.6334635416666666 0.71328125 0.6217447916666666 0.71640625
0 0.66015625 0.7 0.658203125 0.71640625 0.66796875 0.73359375 0.6842447916666666 0.74453125 0.693359375 0.74296875 0.7037760416666666 0.7359375 0.7083333333333334 0.71875 0.7135416666666666 0.71015625 0.7135416666666666 0.703125 0.705078125 0.6828125 0.6979166666666666 0.67734375 0.6751302083333334 0.68515625
0 0.5266927083333334 0.73671875 0.525390625 0.74609375 0.529296875 0.7625 0.5390625 0.77265625 0.5533854166666666 0.7796875 0.5631510416666666 0.78203125 0.57421875 0.7796875 0.5846354166666666 0.77109375 0.587890625 0.76484375 0.5859375 0.753125 0.5787760416666666 0.73984375 0.5540364583333334 0.7171875 0.5377604166666666 0.72578125
0 0.4973958333333333 0.63203125 0.498046875 0.6625 0.5071614583333334 0.70625 0.5110677083333334 0.71015625 0.5182291666666666 0.7109375 0.5501302083333334 0.7 0.5546875 0.69375 0.5592447916666666 0.67265625 0.5559895833333334 0.63828125 0.5514322916666666 0.63203125 0.5455729166666666 0.61328125 0.5390625 0.6109375 0.5279947916666666 0.6171875 0.5091145833333334 0.621875
0 0.427734375 0.77734375 0.4244791666666667 0.78984375 0.4251302083333333 0.81015625 0.427734375 0.81640625 0.4388020833333333 0.83125 0.447265625 0.834375 0.453125 0.8328125 0.4778645833333333 0.78515625 0.4791666666666667 0.7734375 0.4765625 0.7546875 0.4674479166666667 0.746875 0.4537760416666667 0.7453125 0.4361979166666667 0.76171875
0 0.4049479166666667 0.61953125 0.404296875 0.6234375 0.4069010416666667 0.6265625 0.4049479166666667 0.65390625 0.4342447916666667 0.67734375 0.439453125 0.678125 0.44921875 0.65546875 0.447265625 0.6375 0.4407552083333333 0.6203125 0.431640625 0.609375 0.423828125 0.60546875 0.41796875 0.60703125
0 0.5748697916666666 0.60859375 0.576171875 0.61953125 0.5807291666666666 0.62421875 0.611328125 0.6171875 0.6178385416666666 0.6109375 0.6197916666666666 0.5875 0.6158854166666666 0.58515625 0.5950520833333334 0.5859375 0.5852864583333334 0.59375
0 0.4700520833333333 0.5484375 0.46875 0.57109375 0.47265625 0.578125 0.48828125 0.575 0.4973958333333333 0.56953125 0.505859375 0.55859375 0.501953125 0.5375 0.48828125 0.5171875 0.4798177083333333 0.521875
0 0.79296875 0.23828125 0.7936197916666666 0.2984375 0.7975260416666666 0.30546875 0.8072916666666666 0.30546875 0.8248697916666666 0.2921875 0.8294270833333334 0.2578125 0.8255208333333334 0.253125 0.8079427083333334 0.2453125 0.8001302083333334 0.2359375
0 0.3580729166666667 0.028125 0.359375 0.05 0.3684895833333333 0.07421875 0.376953125 0.0921875 0.3860677083333333 0.1 0.3990885416666667 0.09921875 0.4231770833333333 0.08984375 0.4375 0.07421875 0.4388020833333333 0.06015625 0.4147135416666667 0.01875 0.408203125 0.0125 0.388671875 0.0109375
0 0.27734375 0.91171875 0.275390625 0.93203125 0.2786458333333333 0.94296875 0.2955729166666667 0.9609375 0.3131510416666667 0.96484375 0.333984375 0.94921875 0.34765625 0.91484375 0.3483072916666667 0.90546875 0.3385416666666667 0.8828125 0.3248697916666667 0.86484375 0.3190104166666667 0.8640625 0.296875 0.88359375
0 0.3678385416666667 0.86875 0.3697916666666667 0.89375 0.3828125 0.90859375 0.3938802083333333 0.915625 0.4055989583333333 0.91015625 0.4192708333333333 0.89296875 0.423828125 0.88046875 0.4231770833333333 0.86953125 0.4186197916666667 0.8609375 0.40625 0.84453125 0.3971354166666667 0.83828125 0.3763020833333333 0.85078125
0 0.6236979166666666 0.8484375 0.6217447916666666 0.85546875 0.623046875 0.86953125 0.6393229166666666 0.90390625 0.638671875 0.940625 0.65234375 0.98671875 0.6595052083333334 0.9890625 0.71875 0.9875 0.716796875 0.9765625 0.69921875 0.93046875 0.6946614583333334 0.925 0.6783854166666666 0.8828125 0.6647135416666666 0.8609375 0.6497395833333334 0.84140625 0.640625 0.83671875 0.6302083333333334 0.8375
0 0.8483072916666666 0.32890625 0.84765625 0.33984375 0.8541666666666666 0.35859375 0.86328125 0.365625 0.8743489583333334 0.36484375 0.8815104166666666 0.3515625 0.8834635416666666 0.3140625 0.876953125 0.3078125 0.8658854166666666 0.30859375 0.85546875 0.31640625
0 0.20052083333333334 0.68203125 0.19921875 0.6984375 0.208984375 0.71171875 0.21354166666666666 0.72421875 0.22135416666666666 0.73125 0.23697916666666666 0.734375 0.23958333333333334 0.72421875 0.23893229166666666 0.70234375 0.236328125 0.6921875 0.22786458333333334 0.67734375 0.22330729166666666 0.67265625 0.21484375 0.671875