0 0.13736979166666666 0.43828125 0.13671875 0.4453125 0.142578125 0.4734375 0.150390625 0.4859375 0.18489583333333334 0.484375 0.19661458333333334 0.48046875 0.20377604166666666 0.4734375 0.20442708333333334 0.4609375 0.19921875 0.43203125 0.18489583333333334 0.428125 0.15755208333333334 0.42734375 0.142578125 0.43046875
0 0.19270833333333334 0.1 0.19270833333333334 0.1125 0.19986979166666666 0.146875 0.21028645833333334 0.1578125 0.22265625 0.1640625 0.248046875 0.16171875 0.26171875 0.14921875 0.2630208333333333 0.13671875 0.259765625 0.12890625 0.240234375 0.0984375 0.22265625 0.090625 0.20638020833333334 0.08828125 0.197265625 0.090625
0 0.3743489583333333 0.16640625 0.373046875 0.19140625 0.375 0.20078125 0.3932291666666667 0.22890625 0.4108072916666667 0.240625 0.4186197916666667 0.24140625 0.435546875 0.22421875 0.4459635416666667 0.190625 0.4466145833333333 0.17578125 0.4375 0.1609375 0.4348958333333333 0.1515625 0.4348958333333333 0.1328125 0.4264322916666667 0.11796875 0.412109375 0.1140625 0.3919270833333333 0.1171875 0.3821614583333333 0.134375
0 0.3365885416666667 0.24609375 0.3372395833333333 0.27265625 0.345703125 0.3 0.3509114583333333 0.3046875 0.3580729166666667 0.3046875 0.37109375 0.296875 0.3815104166666667 0.2796875 0.3854166666666667 0.26484375 0.388671875 0.23359375 0.384765625 0.21875 0.373046875 0.209375 0.3580729166666667 0.209375 0.341796875 0.22734375
0 0.38671875 0.38671875 0.38671875 0.4140625 0.396484375 0.42421875 0.4029947916666667 0.4359375 0.4088541666666667 0.43984375 0.4283854166666667 0.44375 0.439453125 0.43515625 0.4440104166666667 0.41640625 0.4446614583333333 0.371875 0.4388020833333333 0.35859375 0.4296875 0.35390625 0.4212239583333333 0.3546875 0.3932291666666667 0.3703125
0 0.4602864583333333 0.2234375 0.462890625 0.2703125 0.4674479166666667 0.27890625 0.4739583333333333 0.28046875 0.4921875 0.265625 0.4915364583333333 0.2296875 0.4876302083333333 0.21953125 0.48046875 0.21328125 0.4674479166666667 0.21328125 0.4622395833333333 0.2171875
0 0.7239583333333334 0.17734375 0.7233072916666666 0.1859375 0.7311197916666666 0.19765625 0.7330729166666666 0.21796875 0.748046875 0.2296875 0.7584635416666666 0.22734375 0.7662760416666666 0.21953125 0.7727864583333334 0.2 0.7727864583333334 0.19140625 0.7682291666666666 0.18203125 0.7526041666666666 0.1703125 0.7415364583333334 0.1671875 0.7337239583333334 0.16796875
0 0.6764322916666666 0.2234375 0.6751302083333334 0.23515625 0.6803385416666666 0.2484375 0.689453125 0.25625 0.703125 0.2609375 0.7239583333333334 0.26171875 0.7330729166666666 0.25703125 0.740234375 0.24453125 0.7356770833333334 0.22890625 0.7298177083333334 0.2203125 0.7200520833333334 0.2109375 0.7096354166666666 0.209375 0.7063802083333334 0.2046875 0.6822916666666666 0.2078125
0 0.802734375 0.24140625 0.8020833333333334 0.25390625 0.8125 0.27734375 0.8248697916666666 0.2921875 0.8346354166666666 0.296875 0.8671875 0.29765625 0.873046875 0.2953125 0.8938802083333334 0.27421875 0.90234375 0.25859375 0.9010416666666666 0.2515625 0.8938802083333334 0.24453125 0.84375 0.21875 0.8274739583333334 0.22109375 0.8138020833333334 0.228125
0 0.6861979166666666 0.1109375 0.685546875 0.12578125 0.6881510416666666 0.13046875 0.708984375 0.1453125 0.71875 0.140625 0.7356770833333334 0.12265625 0.7545572916666666 0.0953125 0.7610677083333334 0.07890625 0.755859375 0.05703125 0.7376302083333334 0.03671875 0.7252604166666666 0.0390625 0.7018229166666666 0.0625
0 0.5462239583333334 0.06171875 0.544921875 0.0828125 0.5540364583333334 0.11015625 0.5598958333333334 0.11640625 0.5735677083333334 0.11171875 0.58984375 0.08984375 0.5989583333333334 0.0671875 0.5989583333333334 0.04921875 0.5872395833333334 0.01875 0.5807291666666666 0.01171875 0.576171875 0.0109375 0.5638020833333334 0.02109375 0.5546875 0.0359375
0 0.587890625 0.30703125 0.5852864583333334 0.33125 0.6002604166666666 0.34296875 0.6126302083333334 0.3453125 0.6302083333333334 0.33828125 0.6373697916666666 0.33125 0.6477864583333334 0.30625 0.6497395833333334 0.29296875 0.6432291666666666 0.28046875 0.6302083333333334 0.271875 0.619140625 0.26640625 0.6100260416666666 0.26796875 0.6009114583333334 0.275
0 0.6861979166666666 0.36171875 0.685546875 0.3765625 0.6881510416666666 0.38046875 0.7037760416666666 0.3859375 0.7135416666666666 0.39609375 0.712890625 0.40390625 0.7200520833333334 0.41328125 0.75390625 0.4390625 0.7688802083333334 0.4421875 0.7825520833333334 0.43203125 0.7877604166666666 0.42265625 0.7942708333333334 0.41953125 0.8033854166666666 0.42421875 0.8079427083333334 0.42265625 0.806640625 0.40703125 0.7994791666666666 0.3984375 0.7981770833333334 0.390625 0.7760416666666666 0.37578125 0.7096354166666666 0.346875 0.6920572916666666 0.35234375
0 0.8359375 0.42109375 0.8359375 0.4296875 0.8450520833333334 0.45546875 0.8509114583333334 0.48671875 0.857421875 0.49609375 0.8678385416666666 0.496875 0.890625 0.4828125 0.9016927083333334 0.4609375 0.904296875 0.44921875 0.9016927083333334 0.43515625 0.8932291666666666 0.41796875 0.880859375 0.409375 0.8678385416666666 0.4078125 0.8450520833333334 0.4109375
0 0.826171875 0.5484375 0.8255208333333334 0.55625 0.8502604166666666 0.578125 0.8815104166666666 0.5875 0.8971354166666666 0.58828125 0.90234375 0.584375 0.90625 0.5609375 0.904296875 0.55234375 0.888671875 0.53203125 0.873046875 0.52265625 0.8580729166666666 0.5171875 0.8470052083333334 0.5171875 0.8333333333333334 0.53203125
0 0.66015625 0.55703125 0.66015625 0.57578125 0.6673177083333334 0.58984375 0.6790364583333334 0.59140625 0.689453125 0.58515625 0.7037760416666666 0.5859375 0.7141927083333334 0.5828125 0.73046875 0.57109375 0.7298177083333334 0.55703125 0.736328125 0.53828125 0.7369791666666666 0.52578125 0.7259114583333334 0.51484375 0.7115885416666666 0.5125 0.6946614583333334 0.52890625 0.6647135416666666 0.5421875
0 0.6842447916666666 0.59296875 0.6731770833333334 0.63046875 0.66796875 0.63671875 0.6725260416666666 0.66015625 0.69921875 0.70234375 0.7161458333333334 0.721875 0.724609375 0.7296875 0.7337239583333334 0.7296875 0.751953125 0.7125 0.7701822916666666 0.6828125 0.771484375 0.675 0.7669270833333334 0.66171875 0.744140625 0.6265625 0.7037760416666666 0.5890625 0.69140625 0.58671875
0 0.7545572916666666 0.73046875 0.7545572916666666 0.7671875 0.7578125 0.7734375 0.7623697916666666 0.77578125 0.7688802083333334 0.77578125 0.7916666666666666 0.765625 0.8098958333333334 0.7515625 0.8138020833333334 0.74375 0.8125 0.734375 0.80078125 0.7109375 0.7936197916666666 0.69921875 0.7877604166666666 0.6953125 0.771484375 0.70546875 0.76171875 0.71640625
0 0.8294270833333334 0.6828125 0.8287760416666666 0.69609375 0.83203125 0.70703125 0.8587239583333334 0.7421875 0.8763020833333334 0.74375 0.892578125 0.73046875 0.8971354166666666 0.71796875 0.8984375 0.70234375 0.8912760416666666 0.678125 0.884765625 0.66796875 0.8671875 0.6609375 0.8483072916666666 0.6625 0.8385416666666666 0.66796875
0 0.7259114583333334 0.86640625 0.7233072916666666 0.8765625 0.7291666666666666 0.8890625 0.7278645833333334 0.89765625 0.7330729166666666 0.909375 0.7337239583333334 0.91953125 0.7376302083333334 0.925 0.7604166666666666 0.940625 0.7838541666666666 0.9421875 0.796875 0.940625 0.8001302083333334 0.9375 0.8059895833333334 0.92265625 0.802734375 0.8984375 0.7923177083333334 0.875 0.779296875 0.859375 0.7669270833333334 0.8546875 0.7415364583333334 0.85234375 0.7337239583333334 0.8546875
0 0.5494791666666666 0.83125 0.548828125 0.85390625 0.5540364583333334 0.8828125 0.560546875 0.89765625 0.5709635416666666 0.89921875 0.580078125 0.8953125 0.5872395833333334 0.88203125 0.60546875 0.8640625 0.63671875 0.8453125 0.642578125 0.8375 0.6458333333333334 0.82421875 0.634765625 0.803125 0.609375 0.77109375 0.6048177083333334 0.7703125 0.5930989583333334 0.778125
0 0.4967447916666667 0.66171875 0.498046875 0.68203125 0.5130208333333334 0.70234375 0.5455729166666666 0.71484375 0.556640625 0.7125 0.5625 0.68359375 0.5618489583333334 0.6640625 0.55859375 0.65703125 0.5397135416666666 0.64296875 0.5201822916666666 0.6328125 0.5130208333333334 0.63203125
0 0.2962239583333333 0.90390625 0.2955729166666667 0.9328125 0.2994791666666667 0.95546875 0.3059895833333333 0.9640625 0.3209635416666667 0.96328125 0.3359375 0.95078125 0.3587239583333333 0.91875 0.357421875 0.89921875 0.359375 0.8828125 0.3567708333333333 0.8765625 0.349609375 0.8703125 0.330078125 0.86875 0.3196614583333333 0.87109375 0.3098958333333333 0.86875 0.3020833333333333 0.88359375
0 0.17057291666666666 0.6875 0.16861979166666666 0.7109375 0.15885416666666666 0.75078125 0.16080729166666666 0.7609375 0.17447916666666666 0.759375 0.1875 0.75234375 0.19401041666666666 0.740625 0.19661458333333334 0.72890625 0.19791666666666666 0.70859375 0.19596354166666666 0.70078125 0.177734375 0.68359375 0.17252604166666666 0.68359375
0 0.337890625 0.6578125 0.3372395833333333 0.66484375 0.3463541666666667 0.6765625 0.3736979166666667 0.69453125 0.39453125 0.6625 0.3990885416666667 0.64921875 0.3873697916666667 0.63515625 0.361328125 0.61953125 0.3541666666666667 0.62578125
0 0.5065104166666666 0.521875 0.5052083333333334 0.55078125 0.5071614583333334 0.5703125 0.5182291666666666 0.57890625 0.5358072916666666 0.5796875 0.54296875 0.5609375 0.5462239583333334 0.51953125 0.544921875 0.4875 0.5397135416666666 0.4734375 0.525390625 0.48125 0.5123697916666666 0.49453125
0 0.2975260416666667 0.52265625 0.296875 0.53125 0.302734375 0.5421875 0.310546875 0.5515625 0.3255208333333333 0.559375 0.3359375 0.5578125 0.3450520833333333 0.5453125 0.3509114583333333 0.53046875 0.3509114583333333 0.5203125 0.3470052083333333 0.509375 0.337890625 0.50078125 0.330078125 0.4984375 0.3098958333333333 0.50078125
0 0.23828125 0.33515625 0.23828125 0.340625 0.24153645833333334 0.3453125 0.2526041666666667 0.35 0.2688802083333333 0.34921875 0.2779947916666667 0.33984375 0.2747395833333333 0.32109375 0.2682291666666667 0.3140625 0.248046875 0.321875