1 0.15625 0.16015625 0.154296875 0.19921875 0.15494791666666666 0.2296875 0.15755208333333334 0.240625 0.16731770833333334 0.2484375 0.17708333333333334 0.24609375 0.20182291666666666 0.25234375 0.21744791666666666 0.25234375 0.22395833333333334 0.24140625 0.22916666666666666 0.21484375 0.2265625 0.1609375 0.220703125 0.146875 0.21354166666666666 0.1421875 0.19596354166666666 0.14609375 0.185546875 0.140625 0.18098958333333334 0.14140625 0.16015625 0.15
1 0.2747395833333333 0.20546875 0.2740885416666667 0.22421875 0.28125 0.28125 0.2903645833333333 0.2875 0.2975260416666667 0.2875 0.326171875 0.2796875 0.3313802083333333 0.271875 0.3346354166666667 0.259375 0.3450520833333333 0.1921875 0.345703125 0.15390625 0.341796875 0.14140625 0.3372395833333333 0.1390625 0.3131510416666667 0.14375 0.3040364583333333 0.15 0.2884114583333333 0.17109375
1 0.384765625 0.13359375 0.3821614583333333 0.1609375 0.3919270833333333 0.175 0.4088541666666667 0.18984375 0.42578125 0.1921875 0.435546875 0.1890625 0.443359375 0.18125 0.451171875 0.1640625 0.4544270833333333 0.15 0.4518229166666667 0.13125 0.4401041666666667 0.10703125 0.4244791666666667 0.08984375 0.4075520833333333 0.08984375 0.3919270833333333 0.11015625
1 0.060546875 0.57734375 0.057291666666666664 0.59765625 0.06640625 0.6171875 0.08333333333333333 0.63359375 0.099609375 0.6546875 0.10872395833333333 0.6546875 0.11653645833333333 0.64609375 0.12955729166666666 0.61640625 0.14973958333333334 0.603125 0.16145833333333334 0.584375 0.16796875 0.5609375 0.16927083333333334 0.54609375 0.16861979166666666 0.51640625 0.16471354166666666 0.50625 0.14713541666666666 0.4890625 0.130859375 0.478125 0.109375 0.47265625 0.09700520833333333 0.47421875 0.0859375 0.49375 0.08138020833333333 0.5265625
1 0.12044270833333333 0.35859375 0.12044270833333333 0.36484375 0.12630208333333334 0.37734375 0.12369791666666667 0.3953125 0.13346354166666666 0.41484375 0.13411458333333334 0.4359375 0.13997395833333334 0.44921875 0.14583333333333334 0.45234375 0.17252604166666666 0.4515625 0.19466145833333334 0.4421875 0.232421875 0.4140625 0.24088541666666666 0.40234375 0.24348958333333334 0.3859375 0.24348958333333334 0.375 0.23828125 0.359375 0.24088541666666666 0.328125 0.23046875 0.3140625 0.21419270833333334 0.3046875 0.18359375 0.29765625 0.15299479166666666 0.30625 0.14388020833333334 0.31328125
1 0.7239583333333334 0.13203125 0.7233072916666666 0.14453125 0.7311197916666666 0.16796875 0.7330729166666666 0.1953125 0.7473958333333334 0.23046875 0.751953125 0.23515625 0.7688802083333334 0.23671875 0.7760416666666666 0.234375 0.79296875 0.21328125 0.7994791666666666 0.196875 0.7936197916666666 0.1359375 0.787109375 0.109375 0.7727864583333334 0.090625 0.7610677083333334 0.08203125 0.7552083333333334 0.08125 0.740234375 0.09609375
1 0.4342447916666667 0.278125 0.4342447916666667 0.28359375 0.439453125 0.29296875 0.498046875 0.37421875 0.5045572916666666 0.37734375 0.533203125 0.37734375 0.544921875 0.37265625 0.5553385416666666 0.35859375 0.5533854166666666 0.34453125 0.5442708333333334 0.3234375 0.5286458333333334 0.2984375 0.5182291666666666 0.2953125 0.5162760416666666 0.2828125 0.501953125 0.2546875 0.484375 0.253125 0.4401041666666667 0.27265625
1 0.263671875 0.5 0.2669270833333333 0.521875 0.279296875 0.5390625 0.3040364583333333 0.55 0.3899739583333333 0.57578125 0.39453125 0.575 0.4186197916666667 0.5453125 0.43359375 0.52109375 0.4361979166666667 0.509375 0.435546875 0.50078125 0.4303385416666667 0.4953125 0.3626302083333333 0.44921875 0.3333333333333333 0.44140625 0.3255208333333333 0.44140625 0.3170572916666667 0.45234375 0.3046875 0.45859375
1 0.17513020833333334 0.59296875 0.173828125 0.60390625 0.177734375 0.6109375 0.21614583333333334 0.6515625 0.22526041666666666 0.65390625 0.23567708333333334 0.6484375 0.24934895833333334 0.6265625 0.2643229166666667 0.61484375 0.271484375 0.5875 0.28125 0.56796875 0.2819010416666667 0.5640625 0.2747395833333333 0.5578125 0.2708333333333333 0.5484375 0.2623697916666667 0.5078125 0.2591145833333333 0.5046875 0.24609375 0.5046875 0.21940104166666666 0.5140625 0.21028645833333334 0.52109375 0.1953125 0.5359375 0.18424479166666666 0.57265625
1 0.6829427083333334 0.41796875 0.68359375 0.44921875 0.6888020833333334 0.4765625 0.7018229166666666 0.49140625 0.7337239583333334 0.515625 0.7545572916666666 0.521875 0.7721354166666666 0.52109375 0.8072916666666666 0.5515625 0.8255208333333334 0.5578125 0.8313802083333334 0.55703125 0.857421875 0.5203125 0.8561197916666666 0.465625 0.841796875 0.421875 0.8365885416666666 0.4125 0.802734375 0.3796875 0.78515625 0.371875 0.7376302083333334 0.3734375 0.7083333333333334 0.390625
1 0.5325520833333334 0.584375 0.53515625 0.64140625 0.537109375 0.646875 0.5546875 0.665625 0.5748697916666666 0.675 0.654296875 0.7 0.6608072916666666 0.696875 0.6907552083333334 0.6609375 0.7102864583333334 0.646875 0.7278645833333334 0.6234375 0.7259114583333334 0.609375 0.720703125 0.5984375 0.69921875 0.5703125 0.65625 0.5359375 0.6334635416666666 0.52578125 0.61328125 0.52109375 0.5755208333333334 0.51953125 0.55859375 0.52578125 0.5442708333333334 0.565625
1 0.3912760416666667 0.71640625 0.390625 0.7515625 0.400390625 0.77578125 0.4075520833333333 0.7796875 0.4147135416666667 0.778125 0.427734375 0.76796875 0.44921875 0.74140625 0.4661458333333333 0.72578125 0.470703125 0.71484375 0.4772135416666667 0.67890625 0.4954427083333333 0.6328125 0.501953125 0.609375 0.5 0.59140625 0.4837239583333333 0.5734375 0.4654947916666667 0.565625 0.4518229166666667 0.56640625 0.4446614583333333 0.57109375 0.396484375 0.67421875 0.39453125 0.70625
1 0.2786458333333333 0.7796875 0.2819010416666667 0.85 0.2760416666666667 0.85859375 0.2688802083333333 0.88984375 0.2688802083333333 0.90390625 0.2727864583333333 0.909375 0.2721354166666667 0.91484375 0.2864583333333333 0.92890625 0.2962239583333333 0.93203125 0.3072916666666667 0.934375 0.31640625 0.93046875 0.3216145833333333 0.93515625 0.3346354166666667 0.93046875 0.341796875 0.9078125 0.3404947916666667 0.90546875 0.349609375 0.89453125 0.3548177083333333 0.87265625 0.3522135416666667 0.79921875 0.3483072916666667 0.775 0.3372395833333333 0.74453125 0.3287760416666667 0.7328125 0.3209635416666667 0.72734375 0.3001302083333333 0.728125 0.2897135416666667 0.74296875
1 0.08072916666666667 0.9125 0.08072916666666667 0.9390625 0.08333333333333333 0.95 0.09700520833333333 0.9546875 0.115234375 0.95390625 0.12565104166666666 0.95 0.14388020833333334 0.9390625 0.171875 0.9109375 0.18294270833333334 0.88671875 0.18229166666666666 0.86328125 0.17903645833333334 0.85625 0.16145833333333334 0.83671875 0.13606770833333334 0.81484375 0.12174479166666667 0.80859375 0.11263020833333333 0.81015625 0.10611979166666667 0.81796875 0.09244791666666667 0.853125
1 0.27734375 0.77890625 0.2766927083333333 0.79375 0.2825520833333333 0.8375 0.2688802083333333 0.8828125 0.267578125 0.90859375 0.2740885416666667 0.92109375 0.2897135416666667 0.9328125 0.3092447916666667 0.9375 0.33203125 0.93671875 0.349609375 0.8984375 0.357421875 0.86953125 0.3548177083333333 0.85546875 0.3522135416666667 0.7921875 0.3365885416666667 0.740625 0.3235677083333333 0.72578125 0.3040364583333333 0.72421875 0.298828125 0.7265625 0.2884114583333333 0.7421875
1 0.4720052083333333 0.803125 0.4752604166666667 0.87265625 0.4915364583333333 0.91484375 0.5071614583333334 0.9421875 0.5221354166666666 0.95546875 0.525390625 0.953125 0.529296875 0.95859375 0.5397135416666666 0.953125 0.546875 0.94609375 0.55078125 0.9359375 0.5592447916666666 0.8609375 0.5592447916666666 0.83046875 0.5501302083333334 0.796875 0.537109375 0.775 0.529296875 0.76875 0.4876302083333333 0.7828125 0.4765625 0.79375
1 0.736328125 0.72734375 0.7369791666666666 0.75546875 0.7428385416666666 0.77734375 0.744140625 0.79375 0.763671875 0.8375 0.7760416666666666 0.84765625 0.7981770833333334 0.853125 0.8274739583333334 0.84140625 0.845703125 0.82265625 0.8776041666666666 0.79921875 0.880859375 0.790625 0.8802083333333334 0.77734375 0.892578125 0.7375 0.8854166666666666 0.69921875 0.8658854166666666 0.68125 0.8522135416666666 0.6734375 0.81640625 0.678125 0.796875 0.6734375 0.7649739583333334 0.6828125 0.7454427083333334 0.7046875
1 0.6236979166666666 0.85546875 0.623046875 0.87734375 0.6334635416666666 0.9078125 0.642578125 0.921875 0.65625 0.9296875 0.671875 0.95078125 0.6803385416666666 0.953125 0.693359375 0.94921875 0.712890625 0.928125 0.7272135416666666 0.90390625 0.7415364583333334 0.86875 0.7552083333333334 0.84765625 0.7571614583333334 0.83671875 0.7473958333333334 0.8171875 0.748046875 0.80859375 0.7395833333333334 0.80546875 0.7200520833333334 0.7890625 0.7037760416666666 0.7890625 0.6901041666666666 0.79296875 0.6692708333333334 0.790625 0.6549479166666666 0.803125 0.6360677083333334 0.82734375 0.6263020833333334 0.84453125
1 0.4576822916666667 0.05 0.4576822916666667 0.0640625 0.4622395833333333 0.07421875 0.4869791666666667 0.10234375 0.5 0.1046875 0.51171875 0.08515625 0.5149739583333334 0.07421875 0.50390625 0.05 0.474609375 0.0140625 0.4700520833333333 0.0140625 0.4661458333333333 0.0203125