1 0.193359375 0.23046875 0.1875 0.24765625 0.193359375 0.2609375 0.1953125 0.29609375 0.21028645833333334 0.328125 0.21744791666666666 0.3515625 0.22330729166666666 0.35625 0.23502604166666666 0.3546875 0.24088541666666666 0.34375 0.26171875 0.25390625 0.2662760416666667 0.228125 0.2662760416666667 0.21015625 0.24609375 0.1984375 0.21875 0.19765625 0.20768229166666666 0.20625
1 0.20442708333333334 0.10390625 0.19921875 0.13359375 0.22330729166666666 0.16328125 0.22981770833333334 0.1671875 0.24153645833333334 0.16796875 0.2578125 0.159375 0.2669270833333333 0.1484375 0.2669270833333333 0.13203125 0.259765625 0.11328125 0.2584635416666667 0.10234375 0.24479166666666666 0.06796875 0.232421875 0.05703125 0.2265625 0.05625 0.22330729166666666 0.059375
1 0.314453125 0.271875 0.3170572916666667 0.34375 0.3229166666666667 0.36953125 0.3313802083333333 0.37734375 0.3450520833333333 0.38359375 0.35546875 0.41484375 0.3600260416666667 0.41953125 0.390625 0.42734375 0.4205729166666667 0.42265625 0.423828125 0.41484375 0.4264322916666667 0.3390625 0.423828125 0.33125 0.4173177083333333 0.3265625 0.3997395833333333 0.28828125 0.3951822916666667 0.26953125 0.3899739583333333 0.26171875 0.380859375 0.25 0.3736979166666667 0.24921875 0.3600260416666667 0.25390625 0.322265625 0.2578125 0.3170572916666667 0.26171875
1 0.4759114583333333 0.25 0.4765625 0.26640625 0.49609375 0.2859375 0.5104166666666666 0.29453125 0.5208333333333334 0.290625 0.5358072916666666 0.275 0.55078125 0.26484375 0.5625 0.25078125 0.5748697916666666 0.225 0.580078125 0.2 0.5950520833333334 0.1609375 0.58984375 0.11484375 0.5865885416666666 0.10859375 0.5787760416666666 0.1015625 0.5670572916666666 0.103125 0.5279947916666666 0.13515625 0.498046875 0.19609375
1 0.6790364583333334 0.12578125 0.6783854166666666 0.13359375 0.6848958333333334 0.153125 0.6907552083333334 0.16796875 0.6953125 0.17109375 0.734375 0.1515625 0.75390625 0.13359375 0.7578125 0.1265625 0.7513020833333334 0.1171875 0.7213541666666666 0.1109375 0.6907552083333334 0.1125 0.68359375 0.11640625
1 0.650390625 0.47421875 0.6536458333333334 0.49140625 0.6647135416666666 0.5046875 0.6647135416666666 0.51015625 0.6790364583333334 0.53125 0.6848958333333334 0.55078125 0.6888020833333334 0.55546875 0.6985677083333334 0.5578125 0.7174479166666666 0.55546875 0.7200520833333334 0.5578125 0.72265625 0.55546875 0.7513020833333334 0.55546875 0.7688802083333334 0.5515625 0.7734375 0.5328125 0.7688802083333334 0.50078125 0.7415364583333334 0.45234375 0.7272135416666666 0.4390625 0.6985677083333334 0.425 0.662109375 0.459375
1 0.7447916666666666 0.66640625 0.7434895833333334 0.6828125 0.7493489583333334 0.70625 0.7513020833333334 0.7359375 0.7701822916666666 0.784375 0.7825520833333334 0.8 0.7903645833333334 0.8046875 0.8157552083333334 0.79296875 0.8196614583333334 0.775 0.8177083333333334 0.71953125 0.8098958333333334 0.68203125 0.8053385416666666 0.67109375 0.7884114583333334 0.646875 0.7766927083333334 0.6390625 0.76171875 0.646875
1 0.4518229166666667 0.8171875 0.4518229166666667 0.825 0.455078125 0.83125 0.4908854166666667 0.88359375 0.5130208333333334 0.9109375 0.533203125 0.928125 0.552734375 0.9390625 0.560546875 0.93828125 0.568359375 0.9328125 0.5755208333333334 0.91875 0.5735677083333334 0.91171875 0.560546875 0.8828125 0.5084635416666666 0.79140625 0.5045572916666666 0.7890625 0.4954427083333333 0.790625 0.4596354166666667 0.81015625
1 0.123046875 0.5546875 0.123046875 0.5703125 0.12890625 0.59140625 0.13671875 0.6078125 0.16796875 0.64375 0.18229166666666666 0.65546875 0.1953125 0.66484375 0.21484375 0.67109375 0.26171875 0.67109375 0.2649739583333333 0.66796875 0.275390625 0.640625 0.2805989583333333 0.61015625 0.2799479166666667 0.59921875 0.2740885416666667 0.58515625 0.21744791666666666 0.51796875 0.20703125 0.5125 0.18229166666666666 0.51171875 0.16861979166666666 0.528125 0.13736979166666666 0.5421875
1 0.4798177083333333 0.58828125 0.4772135416666667 0.6 0.4837239583333333 0.6125 0.5032552083333334 0.63515625 0.5104166666666666 0.640625 0.5182291666666666 0.640625 0.5260416666666666 0.6296875 0.533203125 0.6125 0.533203125 0.6046875 0.5260416666666666 0.59140625 0.505859375 0.5671875 0.4947916666666667 0.5609375 0.4876302083333333 0.56875
1 0.40234375 0.6953125 0.400390625 0.70234375 0.40234375 0.7203125 0.4296875 0.73515625 0.447265625 0.7390625 0.4537760416666667 0.73671875 0.4609375 0.728125 0.4700520833333333 0.69609375 0.470703125 0.6796875 0.4453125 0.65625 0.4264322916666667 0.653125 0.421875 0.65546875
1 0.17122395833333334 0.75625 0.171875 0.79453125 0.18359375 0.80078125 0.21614583333333334 0.80703125 0.22330729166666666 0.803125 0.23177083333333334 0.78984375 0.24869791666666666 0.74453125 0.234375 0.7109375 0.22916666666666666 0.70625 0.22005208333333334 0.70546875 0.21158854166666666 0.70859375 0.203125 0.7015625 0.19010416666666666 0.7015625 0.17903645833333334 0.71015625 0.17447916666666666 0.71796875
1 0.2903645833333333 0.746875 0.29296875 0.80390625 0.2955729166666667 0.8140625 0.306640625 0.82421875 0.318359375 0.828125 0.3430989583333333 0.8234375 0.3515625 0.79921875 0.359375 0.76015625 0.36328125 0.71640625 0.3626302083333333 0.69453125 0.3587239583333333 0.69140625 0.3522135416666667 0.69296875 0.3072916666666667 0.71953125 0.2936197916666667 0.7375
1 0.3828125 0.496875 0.3763020833333333 0.52734375 0.3795572916666667 0.5390625 0.3880208333333333 0.5484375 0.40625 0.5515625 0.4205729166666667 0.5578125 0.4700520833333333 0.54921875 0.482421875 0.50625 0.482421875 0.46171875 0.4739583333333333 0.43671875 0.4615885416666667 0.4203125 0.45703125 0.41796875 0.44140625 0.4171875 0.4309895833333333 0.4203125 0.4205729166666667 0.44609375 0.3958333333333333 0.47109375
1 0.5904947916666666 0.07421875 0.5911458333333334 0.08359375 0.599609375 0.1015625 0.6087239583333334 0.1109375 0.615234375 0.1109375 0.6243489583333334 0.103125 0.6490885416666666 0.07109375 0.650390625 0.06171875 0.6477864583333334 0.04609375 0.64453125 0.040625 0.6373697916666666 0.0375 0.6276041666666666 0.03828125 0.5983072916666666 0.06328125