0 0.11263020833333333 0.215625 0.11263020833333333 0.2265625 0.12825520833333334 0.246875 0.13932291666666666 0.2828125 0.14388020833333334 0.2890625 0.16927083333333334 0.28828125 0.189453125 0.28125 0.19401041666666666 0.2765625 0.19856770833333334 0.26328125 0.197265625 0.23125 0.177734375 0.209375 0.17122395833333334 0.2046875 0.16145833333333334 0.203125 0.1171875 0.20859375
0 0.14518229166666666 0.33515625 0.142578125 0.34140625 0.14388020833333334 0.35078125 0.15299479166666666 0.359375 0.169921875 0.36796875 0.201171875 0.36640625 0.20572916666666666 0.3640625 0.21158854166666666 0.35390625 0.21028645833333334 0.31484375 0.20703125 0.30546875 0.19596354166666666 0.290625 0.18033854166666666 0.29140625 0.16796875 0.29921875 0.16080729166666666 0.30703125
0 0.11588541666666667 0.3640625 0.11328125 0.3703125 0.11328125 0.38515625 0.12565104166666666 0.4109375 0.14583333333333334 0.4203125 0.16471354166666666 0.41875 0.16861979166666666 0.415625 0.173828125 0.3859375 0.17057291666666666 0.37109375 0.13411458333333334 0.3515625 0.12239583333333333 0.35390625
0 0.18294270833333334 0.45234375 0.17838541666666666 0.48125 0.19986979166666666 0.51640625 0.20572916666666666 0.51953125 0.21940104166666666 0.51640625 0.23502604166666666 0.50546875 0.24674479166666666 0.490625 0.2513020833333333 0.46796875 0.248046875 0.453125 0.21940104166666666 0.43203125 0.212890625 0.43046875 0.19205729166666666 0.43828125 0.18489583333333334 0.44609375
0 0.291015625 0.34375 0.29296875 0.390625 0.314453125 0.42890625 0.3209635416666667 0.4328125 0.326171875 0.43203125 0.3424479166666667 0.42265625 0.35546875 0.4078125 0.36328125 0.39375 0.3658854166666667 0.3796875 0.3626302083333333 0.36640625 0.3489583333333333 0.346875 0.3294270833333333 0.33046875 0.3092447916666667 0.32578125 0.2962239583333333 0.328125
0 0.5462239583333334 0.1421875 0.54296875 0.15703125 0.54296875 0.2 0.544921875 0.20390625 0.5533854166666666 0.20625 0.57421875 0.2 0.5813802083333334 0.19453125 0.5865885416666666 0.1765625 0.5852864583333334 0.14765625 0.5813802083333334 0.12578125 0.578125 0.12265625 0.5709635416666666 0.12265625
0 0.427734375 0.26484375 0.427734375 0.2890625 0.4309895833333333 0.296875 0.4720052083333333 0.31796875 0.4837239583333333 0.32109375 0.501953125 0.3140625 0.5260416666666666 0.275 0.5247395833333334 0.26015625 0.5032552083333334 0.2390625 0.4889322916666667 0.21953125 0.4791666666666667 0.19921875 0.4674479166666667 0.1875 0.453125 0.1828125 0.4446614583333333 0.184375 0.4381510416666667 0.19609375
0 0.6048177083333334 0.13125 0.6041666666666666 0.14609375 0.607421875 0.1578125 0.6158854166666666 0.16953125 0.6223958333333334 0.1734375 0.6399739583333334 0.17109375 0.6471354166666666 0.17734375 0.654296875 0.1765625 0.6666666666666666 0.16640625 0.6770833333333334 0.146875 0.6627604166666666 0.12734375 0.65234375 0.103125 0.64453125 0.0984375 0.6178385416666666 0.09921875 0.6080729166666666 0.1171875
0 0.7936197916666666 0.27734375 0.7936197916666666 0.296875 0.82421875 0.334375 0.8352864583333334 0.3375 0.8489583333333334 0.3234375 0.8522135416666666 0.3046875 0.8509114583333334 0.2859375 0.8359375 0.26796875 0.830078125 0.26484375 0.8157552083333334 0.26484375 0.8072916666666666 0.2703125 0.796875 0.271875
0 0.6673177083333334 0.18671875 0.6666666666666666 0.21328125 0.6875 0.24375 0.7063802083333334 0.253125 0.7135416666666666 0.25234375 0.7200520833333334 0.24765625 0.7311197916666666 0.225 0.7389322916666666 0.184375 0.7278645833333334 0.1609375 0.7109375 0.13984375 0.6966145833333334 0.13125 0.6868489583333334 0.1359375 0.6725260416666666 0.1609375
0 0.7805989583333334 0.38046875 0.7805989583333334 0.40625 0.7864583333333334 0.41484375 0.8151041666666666 0.41875 0.82421875 0.4140625 0.828125 0.40703125 0.826171875 0.38203125 0.8203125 0.371875 0.7903645833333334 0.36796875 0.7838541666666666 0.371875
0 0.7395833333333334 0.35546875 0.7389322916666666 0.36328125 0.7434895833333334 0.37265625 0.76171875 0.38203125 0.7760416666666666 0.36171875 0.7779947916666666 0.34765625 0.7701822916666666 0.3375 0.7591145833333334 0.334375 0.7493489583333334 0.3390625
0 0.7532552083333334 0.49921875 0.7545572916666666 0.51875 0.7688802083333334 0.53046875 0.7890625 0.5328125 0.796875 0.5296875 0.8040364583333334 0.51953125 0.8046875 0.50625 0.7975260416666666 0.48046875 0.791015625 0.47265625 0.78125 0.4671875 0.7701822916666666 0.46796875 0.7571614583333334 0.4875
0 0.7005208333333334 0.61171875 0.6979166666666666 0.6546875 0.7063802083333334 0.696875 0.7115885416666666 0.703125 0.7389322916666666 0.71171875 0.755859375 0.709375 0.7962239583333334 0.6859375 0.810546875 0.66796875 0.806640625 0.62578125 0.810546875 0.61484375 0.8118489583333334 0.57734375 0.8098958333333334 0.56953125 0.8059895833333334 0.565625 0.7630208333333334 0.56796875 0.7311197916666666 0.5765625 0.7102864583333334 0.590625 0.703125 0.6015625
0 0.8125 0.52890625 0.8125 0.53671875 0.81640625 0.5453125 0.8255208333333334 0.55625 0.8333333333333334 0.56015625 0.8391927083333334 0.55859375 0.8658854166666666 0.5359375 0.86328125 0.52421875 0.8430989583333334 0.503125 0.8359375 0.503125 0.8274739583333334 0.5078125
0 0.896484375 0.74296875 0.8977864583333334 0.76875 0.9010416666666666 0.77734375 0.9114583333333334 0.79140625 0.9244791666666666 0.8015625 0.9537760416666666 0.809375 0.984375 0.7796875 0.9850260416666666 0.76171875 0.9791666666666666 0.74140625 0.9700520833333334 0.7265625 0.9609375 0.71875 0.9381510416666666 0.71640625 0.9186197916666666 0.72109375 0.9049479166666666 0.7296875
0 0.7473958333333334 0.9328125 0.748046875 0.959375 0.7578125 0.9734375 0.7688802083333334 0.97421875 0.7916666666666666 0.984375 0.8268229166666666 0.97734375 0.845703125 0.9625 0.8619791666666666 0.921875 0.8684895833333334 0.884375 0.8626302083333334 0.85625 0.8489583333333334 0.84375 0.8177083333333334 0.84765625 0.8072916666666666 0.85234375 0.7845052083333334 0.86953125 0.7708333333333334 0.9078125 0.7532552083333334 0.92265625
0 0.6061197916666666 0.92265625 0.6022135416666666 0.93203125 0.6048177083333334 0.9640625 0.6087239583333334 0.9734375 0.6184895833333334 0.984375 0.6282552083333334 0.9890625 0.6614583333333334 0.98984375 0.673828125 0.98671875 0.6861979166666666 0.93984375 0.6861979166666666 0.925 0.6790364583333334 0.91328125 0.66796875 0.90703125 0.6263020833333334 0.89921875 0.6165364583333334 0.90546875
0 0.5559895833333334 0.7390625 0.556640625 0.759375 0.5540364583333334 0.77265625 0.5631510416666666 0.79140625 0.5755208333333334 0.8 0.6028645833333334 0.80703125 0.6165364583333334 0.80703125 0.6295572916666666 0.8 0.6412760416666666 0.7765625 0.6471354166666666 0.75625 0.64453125 0.7375 0.6373697916666666 0.72890625 0.615234375 0.709375 0.5930989583333334 0.7015625 0.5735677083333334 0.7015625 0.5631510416666666 0.70625 0.5592447916666666 0.7140625
0 0.369140625 0.8171875 0.369140625 0.82421875 0.3860677083333333 0.86171875 0.39453125 0.87109375 0.4055989583333333 0.871875 0.4205729166666667 0.8671875 0.4375 0.8546875 0.4459635416666667 0.83125 0.44921875 0.8125 0.4440104166666667 0.79765625 0.4342447916666667 0.78515625 0.4283854166666667 0.7828125 0.38671875 0.7984375 0.3743489583333333 0.80859375
0 0.365234375 0.94609375 0.365234375 0.953125 0.373046875 0.96484375 0.408203125 0.96640625 0.408203125 0.953125 0.404296875 0.9421875 0.38671875 0.9265625 0.3776041666666667 0.92890625
0 0.224609375 0.92890625 0.22526041666666666 0.94140625 0.23958333333333334 0.96328125 0.2545572916666667 0.9734375 0.26171875 0.9703125 0.2682291666666667 0.95859375 0.2727864583333333 0.934375 0.2721354166666667 0.921875 0.2649739583333333 0.909375 0.2513020833333333 0.903125 0.24348958333333334 0.903125 0.228515625 0.9203125
0 0.15950520833333334 0.934375 0.16015625 0.95625 0.1640625 0.98046875 0.16731770833333334 0.98515625 0.181640625 0.984375 0.18815104166666666 0.978125 0.19986979166666666 0.97421875 0.21223958333333334 0.96640625 0.22005208333333334 0.953125 0.21744791666666666 0.93828125 0.21875 0.91328125 0.21223958333333334 0.90859375 0.193359375 0.90625 0.17513020833333334 0.9109375 0.16861979166666666 0.91484375
0 0.11979166666666667 0.7046875 0.12109375 0.7359375 0.12630208333333334 0.75078125 0.13216145833333334 0.75859375 0.173828125 0.78359375 0.18294270833333334 0.78359375 0.18815104166666666 0.77890625 0.201171875 0.72109375 0.19921875 0.7015625 0.16080729166666666 0.67109375 0.13932291666666666 0.6640625 0.12760416666666666 0.6734375
0 0.048828125 0.7828125 0.046223958333333336 0.81484375 0.05078125 0.82421875 0.059244791666666664 0.82734375 0.08203125 0.82734375 0.09505208333333333 0.825 0.099609375 0.81953125 0.10611979166666667 0.80078125 0.10611979166666667 0.78984375 0.10221354166666667 0.7734375 0.09895833333333333 0.76953125 0.08723958333333333 0.76796875 0.054036458333333336 0.77109375
0 0.2565104166666667 0.5484375 0.255859375 0.5734375 0.2565104166666667 0.57734375 0.2604166666666667 0.5796875 0.314453125 0.58203125 0.322265625 0.578125 0.326171875 0.5671875 0.3268229166666667 0.5484375 0.318359375 0.5390625 0.2662760416666667 0.53671875 0.259765625 0.53984375
0 0.4114583333333333 0.4765625 0.41015625 0.49296875 0.4212239583333333 0.54140625 0.435546875 0.56171875 0.4459635416666667 0.56484375 0.4596354166666667 0.546875 0.466796875 0.53125 0.4713541666666667 0.50625 0.4765625 0.5 0.4811197916666667 0.48515625 0.4811197916666667 0.4734375 0.4596354166666667 0.453125 0.4270833333333333 0.44765625 0.4166666666666667 0.45234375
0 0.419921875 0.6640625 0.419921875 0.671875 0.4329427083333333 0.69609375 0.4459635416666667 0.70625 0.4596354166666667 0.7046875 0.474609375 0.68828125 0.4739583333333333 0.65703125 0.4576822916666667 0.6390625 0.44921875 0.63828125 0.4329427083333333 0.64375
0 0.3841145833333333 0.73359375 0.3841145833333333 0.74765625 0.396484375 0.7671875 0.4140625 0.77421875 0.4231770833333333 0.76875 0.4290364583333333 0.75 0.4303385416666667 0.7296875 0.4192708333333333 0.7109375 0.4114583333333333 0.70625 0.3971354166666667 0.7140625 0.3880208333333333 0.7234375
0 0.501953125 0.37265625 0.5013020833333334 0.38359375 0.505859375 0.390625 0.53125 0.40078125 0.54296875 0.40078125 0.5546875 0.39375 0.5638020833333334 0.38515625 0.56640625 0.37578125 0.5611979166666666 0.36015625 0.544921875 0.33828125 0.5188802083333334 0.34140625 0.5143229166666666 0.35390625
0 0.6223958333333334 0.3984375 0.6217447916666666 0.434375 0.6263020833333334 0.44296875 0.6341145833333334 0.44609375 0.66796875 0.44140625 0.6764322916666666 0.43671875 0.6783854166666666 0.43046875 0.6764322916666666 0.3953125 0.6692708333333334 0.3875 0.6477864583333334 0.3828125 0.640625 0.37109375 0.6334635416666666 0.36875 0.6256510416666666 0.3765625
0 0.5208333333333334 0.51328125 0.5208333333333334 0.5640625 0.5319010416666666 0.57421875 0.537109375 0.575 0.5618489583333334 0.55390625 0.5657552083333334 0.54453125 0.5657552083333334 0.53515625 0.55859375 0.5234375 0.5364583333333334 0.5078125 0.5286458333333334 0.50703125
0 0.5944010416666666 0.5390625 0.5924479166666666 0.55703125 0.6028645833333334 0.57109375 0.6080729166666666 0.575 0.6171875 0.57578125 0.625 0.56875 0.6295572916666666 0.5359375 0.6171875 0.51015625 0.603515625 0.51484375